1 0.3546875 0.05703125 0.15 0.1140625
15 0.11328125 0.05859375 0.178125 0.0953125
28 0.87421875 0.83515625 0.178125 0.1203125
7 0.10859375 0.27578125 0.15625 0.0859375
32 0.35859375 0.94140625 0.19375 0.103125
24 0.8640625 0.71875 0.18125 0.109375
10 0.6078125 0.28515625 0.196875 0.1125
20 0.86796875 0.60546875 0.178125 0.109375
6 0.609375 0.17421875 0.2 0.121875
0 0.8734375 0.0578125 0.1515625 0.109375
26 0.60625 0.72109375 0.190625 0.1
29 0.36171875 0.83125 0.1984375 0.09375
11 0.09765625 0.71875 0.13125 0.0984375
4 0.88359375 0.16796875 0.153125 0.11875
2 0.6109375 0.05625 0.1640625 0.10625
31 0.87421875 0.94765625 0.178125 0.1
12 0.865625 0.39140625 0.165625 0.0890625
33 0.609375 0.9484375 0.203125 0.103125
13 0.35546875 0.39375 0.171875 0.084375
8 0.8828125 0.2796875 0.1484375 0.109375
9 0.353125 0.27578125 0.1828125 0.096875
16 0.88359375 0.50078125 0.1390625 0.09375
5 0.36796875 0.1671875 0.1671875 0.10625
23 0.10078125 0.496875 0.1640625 0.084375
30 0.60625 0.83359375 0.19375 0.1
21 0.36171875 0.61328125 0.190625 0.109375
22 0.6078125 0.61328125 0.2 0.10625
25 0.35859375 0.72421875 0.1953125 0.096875
14 0.6125 0.3984375 0.175 0.096875
27 0.10546875 0.38515625 0.184375 0.078125
18 0.6015625 0.5 0.1921875 0.0875
17 0.353125 0.5015625 0.1703125 0.090625
19 0.1046875 0.1671875 0.190625 0.0875
3 0.096875 0.609375 0.171875 0.084375