2 0.1625 0.5015625 0.0375 0.015625
30 0.1609375 0.5203125 0.034375 0.015625
27 0.15859375 0.54140625 0.034375 0.0140625
13 0.159375 0.56015625 0.034375 0.015625
22 0.1640625 0.57890625 0.04375 0.015625
6 0.16484375 0.5984375 0.034375 0.015625
9 0.159375 0.61796875 0.034375 0.0140625
3 0.16328125 0.6375 0.0515625 0.0125
26 0.1609375 0.65390625 0.0484375 0.015625
2 0.165625 0.6734375 0.0484375 0.0171875
5 0.24921875 0.45625 0.03125 0.015625
29 0.24609375 0.48984375 0.03125 0.015625
25 0.24375 0.51171875 0.034375 0.0171875
30 0.23984375 0.5390625 0.0328125 0.0171875
14 0.23671875 0.56015625 0.03125 0.01875
13 0.23359375 0.5859375 0.025 0.01875
4 0.23359375 0.60546875 0.03125 0.015625
2 0.23359375 0.628125 0.0296875 0.021875
17 0.23046875 0.659375 0.028125 0.01875
10 0.30390625 0.4640625 0.028125 0.01875
12 0.3015625 0.4953125 0.0265625 0.0140625
11 0.296875 0.5203125 0.03125 0.015625
26 0.296875 0.540625 0.03125 0.0171875
8 0.29296875 0.56328125 0.025 0.015625
20 0.28984375 0.584375 0.03125 0.0171875
23 0.2890625 0.6109375 0.028125 0.015625
25 0.2875 0.640625 0.03125 0.0171875
7 0.34140625 0.62890625 0.028125 0.01875
16 0.35234375 0.571875 0.021875 0.015625
31 0.3578125 0.54375 0.021875 0.0125
23 0.3609375 0.525 0.028125 0.015625
19 0.36171875 0.4984375 0.028125 0.015625
1 0.3640625 0.471875 0.0203125 0.015625
7 0.365625 0.45 0.021875 0.015625