2 0.2515625 0.2375 0.046875 0.11875
30 0.3140625 0.2296875 0.053125 0.1234375
27 0.36640625 0.2265625 0.05 0.1109375
13 0.42109375 0.23046875 0.053125 0.109375
22 0.4734375 0.23515625 0.046875 0.115625
6 0.52421875 0.23671875 0.0375 0.11875
9 0.578125 0.21484375 0.04375 0.109375
3 0.6328125 0.215625 0.040625 0.115625
26 0.6796875 0.2234375 0.04375 0.103125
2 0.73125 0.221875 0.04375 0.09375
5 0.1375 0.440625 0.04375 0.1
29 0.23359375 0.434375 0.0515625 0.109375
25 0.29609375 0.428125 0.05625 0.121875
30 0.36328125 0.41640625 0.05625 0.10625
14 0.425 0.41484375 0.05 0.10625
13 0.49140625 0.40859375 0.0453125 0.0984375
4 0.540625 0.4046875 0.0375 0.09375
2 0.6015625 0.4046875 0.0375 0.078125
17 0.6953125 0.40390625 0.0625 0.078125
10 0.1625 0.578125 0.0515625 0.09375
12 0.24453125 0.58046875 0.028125 0.0796875
11 0.30859375 0.57578125 0.046875 0.06875
26 0.37109375 0.56640625 0.0375 0.090625
8 0.43125 0.55546875 0.0375 0.0953125
20 0.4859375 0.55 0.04375 0.0734375
23 0.56484375 0.54140625 0.046875 0.075
25 0.63515625 0.5328125 0.040625 0.0828125
7 0.61171875 0.68671875 0.0375 0.075
16 0.45234375 0.7046875 0.046875 0.071875
31 0.375 0.71171875 0.040625 0.08125
23 0.3234375 0.721875 0.04375 0.065625
19 0.2546875 0.72734375 0.04375 0.0734375
1 0.1875 0.7296875 0.053125 0.078125
7 0.1203125 0.74609375 0.0515625 0.075