1 0.29296875 0.6578125 0.040625 0.05625
2 0.28125 0.55859375 0.0375 0.053125
5 0.36171875 0.66796875 0.0390625 0.05625
17 0.54453125 0.69140625 0.0375 0.0546875
3 0.2578125 0.40390625 0.0375 0.046875
22 0.60546875 0.60390625 0.0390625 0.05
21 0.60703125 0.696875 0.04375 0.05625
14 0.4828125 0.58828125 0.034375 0.046875
7 0.321875 0.41171875 0.0328125 0.05
9 0.425 0.671875 0.0375 0.05625
18 0.54375 0.6 0.034375 0.053125
33 0.7578125 0.61796875 0.0390625 0.046875
28 0.70703125 0.54375 0.04375 0.04375
13 0.4890625 0.68046875 0.0375 0.053125
12 0.4765625 0.51796875 0.0359375 0.05
6 0.3515625 0.5703125 0.0375 0.0515625
27 0.61875 0.45546875 0.040625 0.05
29 0.73125 0.7078125 0.040625 0.053125
26 0.6609375 0.60859375 0.040625 0.05
0 0.27265625 0.48515625 0.034375 0.053125
20 0.59609375 0.53046875 0.034375 0.046875
16 0.5421875 0.52734375 0.034375 0.05
24 0.64921875 0.534375 0.040625 0.0453125
31 0.7515625 0.5484375 0.046875 0.0453125
25 0.66171875 0.7015625 0.04375 0.05625
23 0.55234375 0.4421875 0.0390625 0.046875
32 0.79453125 0.715625 0.046875 0.05
8 0.41640625 0.5078125 0.0359375 0.05
11 0.38203125 0.41796875 0.0421875 0.046875
30 0.7109375 0.6140625 0.040625 0.0484375
4 0.3515625 0.4984375 0.0328125 0.05
10 0.41484375 0.58125 0.034375 0.05
15 0.43203125 0.43515625 0.028125 0.0421875
19 0.4890625 0.4421875 0.03125 0.0421875