3 0.91875 0.115625 0.10625 0.078125
26 0.375 0.71015625 0.1296875 0.078125
25 0.15859375 0.7421875 0.140625 0.071875
30 0.3703125 0.80390625 0.125 0.084375
8 0.64609375 0.309375 0.115625 0.078125
15 0.8515625 0.4046875 0.109375 0.071875
14 0.4265625 0.421875 0.128125 0.0734375
0 0.671875 0.0859375 0.11875 0.0875
21 0.16171875 0.65859375 0.134375 0.0640625
1 0.19140625 0.13984375 0.15 0.096875
33 0.375 0.90859375 0.1265625 0.0765625
20 0.615625 0.57109375 0.1125 0.071875
31 0.5765625 0.89140625 0.109375 0.0875
11 0.86484375 0.3140625 0.109375 0.0765625
23 0.8390625 0.5796875 0.10625 0.0671875
4 0.65625 0.19140625 0.1171875 0.078125
32 0.1484375 0.934375 0.128125 0.0859375
17 0.16171875 0.56171875 0.1359375 0.0828125
2 0.4359375 0.13984375 0.134375 0.09375
13 0.16953125 0.46015625 0.14375 0.08125
7 0.896875 0.23125 0.109375 0.075
24 0.58984375 0.65859375 0.1140625 0.0734375
9 0.175 0.3515625 0.1375 0.0875
27 0.80703125 0.73984375 0.1 0.0734375
22 0.40703125 0.61484375 0.134375 0.078125
29 0.159375 0.8390625 0.1390625 0.0921875
28 0.5890625 0.75859375 0.1125 0.0765625
18 0.4171875 0.51796875 0.1265625 0.075
12 0.63125 0.39296875 0.1140625 0.078125
16 0.63125 0.4859375 0.115625 0.075
5 0.18359375 0.25078125 0.146875 0.0859375
6 0.43359375 0.23515625 0.125 0.08125
10 0.42265625 0.3390625 0.125 0.078125
19 0.83984375 0.49453125 0.1 0.075