2 0.76171875 0.9578125 0.4296875 0.0765625
6 0.746875 0.875 0.40625 0.0734375
10 0.7453125 0.78828125 0.421875 0.0703125
14 0.74921875 0.69921875 0.4109375 0.059375
18 0.74921875 0.6203125 0.4265625 0.0671875
22 0.73515625 0.53515625 0.43125 0.0640625
26 0.7359375 0.45234375 0.43125 0.0640625
30 0.7234375 0.365625 0.40625 0.059375
33 0.72734375 0.28515625 0.4296875 0.059375
3 0.72578125 0.20390625 0.39375 0.065625
7 0.73359375 0.12421875 0.390625 0.053125
15 0.26953125 0.12421875 0.35625 0.053125
11 0.23515625 0.20546875 0.3375 0.065625
31 0.253125 0.28828125 0.4375 0.06875
0 0.27109375 0.95625 0.415625 0.065625
4 0.28046875 0.8734375 0.3875 0.065625
8 0.27578125 0.78515625 0.40625 0.05625
12 0.2578125 0.70546875 0.396875 0.065625
16 0.24921875 0.615625 0.4109375 0.06875
20 0.26171875 0.534375 0.41875 0.065625
24 0.24296875 0.45390625 0.434375 0.065625
28 0.25625 0.36640625 0.4234375 0.06875