7 0.234375 0.703125 0.04375 0.0515625
1 0.2046875 0.43359375 0.05 0.059375
9 0.35625 0.415625 0.046875 0.0625
22 0.5671875 0.4921875 0.0484375 0.0546875
18 0.49375 0.49765625 0.0375 0.059375
0 0.18046875 0.62578125 0.0453125 0.053125
29 0.71484375 0.37578125 0.0515625 0.059375
27 0.58515625 0.6515625 0.053125 0.053125
33 0.7421875 0.4765625 0.04375 0.053125
3 0.16015625 0.71484375 0.0453125 0.0515625
5 0.28125 0.41875 0.046875 0.0625
3 0.18984375 0.54296875 0.046875 0.0578125
25 0.6328125 0.3828125 0.053125 0.059375
13 0.43046875 0.40859375 0.04375 0.059375
17 0.4953125 0.39453125 0.0484375 0.0578125
24 0.61640625 0.56875 0.046875 0.053125
8 0.3453125 0.5953125 0.0421875 0.05
6 0.26953125 0.5328125 0.046875 0.0546875
30 0.6875 0.4828125 0.0421875 0.053125
31 0.73515625 0.55546875 0.053125 0.05
28 0.6828125 0.5609375 0.05 0.05
14 0.425 0.51015625 0.040625 0.053125
12 0.415625 0.590625 0.040625 0.053125
15 0.3671875 0.68359375 0.04375 0.0453125
21 0.57109375 0.3890625 0.05625 0.059375
10 0.34765625 0.52109375 0.040625 0.0546875
26 0.63125 0.4890625 0.046875 0.05
4 0.26953125 0.60703125 0.0421875 0.053125
16 0.4921875 0.57734375 0.04375 0.05
11 0.30625 0.69453125 0.04375 0.0484375
20 0.5546875 0.57578125 0.0421875 0.05
23 0.50234375 0.6703125 0.040625 0.05
32 0.79140625 0.36796875 0.0578125 0.0546875
19 0.43046875 0.665625 0.0375 0.05625