1 0.0796875 0.184375 0.06875 0.14375
17 0.484375 0.140625 0.065625 0.121875
0 0.07265625 0.63046875 0.0625 0.1390625
5 0.19453125 0.171875 0.06875 0.1359375
13 0.3828125 0.15 0.065625 0.128125
33 0.93359375 0.3015625 0.06875 0.128125
3 0.13515625 0.78125 0.059375 0.125
22 0.59609375 0.36796875 0.059375 0.1296875
11 0.35078125 0.7484375 0.0578125 0.128125
2 0.0828125 0.4171875 0.065625 0.1296875
23 0.628125 0.69453125 0.059375 0.109375
7 0.2390625 0.78359375 0.059375 0.128125
26 0.7 0.35 0.0640625 0.1234375
9 0.28984375 0.15703125 0.0703125 0.1296875
8 0.2640625 0.5984375 0.0625 0.140625
4 0.18203125 0.609375 0.0625 0.128125
29 0.81796875 0.1265625 0.0671875 0.121875
18 0.49765625 0.39296875 0.0640625 0.134375
30 0.8078125 0.33515625 0.0640625 0.125
15 0.4359375 0.734375 0.040625 0.115625
19 0.52890625 0.7078125 0.040625 0.11875
27 0.75625 0.66484375 0.03125 0.10625
12 0.38828125 0.57734375 0.04375 0.121875
16 0.47421875 0.56953125 0.0390625 0.11875
20 0.5984375 0.5390625 0.028125 0.1
24 0.6953125 0.5265625 0.034375 0.096875
28 0.79375 0.4984375 0.0296875 0.109375
31 0.88515625 0.4796875 0.028125 0.103125
6 0.19765625 0.41640625 0.04375 0.125
10 0.30625 0.41953125 0.04375 0.128125
14 0.41953125 0.39453125 0.04375 0.128125
21 0.58828125 0.1375 0.0390625 0.14375
25 0.70234375 0.12265625 0.0453125 0.134375
32 0.92265625 0.115625 0.0484375 0.115625