1 0.03984375 0.76328125 0.075 0.4203125
5 0.125 0.76171875 0.0625 0.409375
9 0.21171875 0.7484375 0.0828125 0.40625
13 0.2953125 0.74921875 0.0828125 0.4078125
17 0.37890625 0.746875 0.084375 0.403125
21 0.46171875 0.7453125 0.08125 0.409375
25 0.54453125 0.728125 0.078125 0.403125
29 0.63046875 0.725 0.0765625 0.4078125
32 0.709375 0.7390625 0.08125 0.434375
27 0.790625 0.73125 0.075 0.45
23 0.875 0.73671875 0.078125 0.43125
19 0.9546875 0.728125 0.078125 0.45
7 0.871875 0.2515625 0.071875 0.425
3 0.7953125 0.25859375 0.078125 0.4359375
2 0.0421875 0.28046875 0.08125 0.428125
6 0.12578125 0.2796875 0.0859375 0.425
10 0.2109375 0.2703125 0.078125 0.44375
14 0.2921875 0.26328125 0.075 0.41875
18 0.38203125 0.26328125 0.0703125 0.409375
22 0.4625 0.2640625 0.0640625 0.40625
26 0.546875 0.265625 0.0609375 0.425
30 0.628125 0.25546875 0.06875 0.409375
33 0.71015625 0.24453125 0.0625 0.4140625