15 0.744454 0.547687 0.0678449 0.58227
15 0.607196 0.513289 0.0657824 0.57036
19 0.402934 0.527124 0.0603258 0.565051
19 0.539961 0.526688 0.0574944 0.561484
15 0.67633 0.543733 0.0685162 0.570989
19 0.471417 0.533213 0.058148 0.544927
9 0.818882 0.582913 0.0609253 0.577856
21 0.198726 0.4693 0.0624198 0.576998
15 0.33286 0.472642 0.0601554 0.56462
9 0.884613 0.540144 0.0577404 0.563159
11 0.267154 0.501256 0.0709731 0.585755
9 0.952984 0.529413 0.0617325 0.635414
13 0.851852 0.578393 0.122756 0.564904
21 0.129099 0.460018 0.0661025 0.628601
13 0.129115 0.459222 0.0664792 0.630977
