32 0.31628920737619814 0.3540834713431535 0.12804609514371962 0.11196792093374794
39 0.9372956923325034 0.44938639298277316 0.12492109514371989 0.1117859104104042
39 0.825227601345419 0.4707825218231463 0.1280460951437198 0.11196792093374804
32 0.4354340124699053 0.33384031882525705 0.1280460951437196 0.11196792093374786
16 0.6511713580758434 0.10998007166785448 0.13121655925034226 0.11371243145709165
26 0.5085057319202974 0.9086891294050705 0.12804609514371973 0.11196792093374804
18 0.25873540096234265 0.8504572133800586 0.12648359514371962 0.11187691567207594
10 0.6064334518994148 0.6971685295038925 0.12804609514371953 0.11196792093374804
26 0.3893154627199674 0.9273697819229669 0.128000631037097 0.11040542093374803
40 0.3935885271178887 0.05294444752445585 0.12947220282385158 0.1058888950489117
18 0.14037184586863546 0.8706548632671189 0.12179609514371963 0.11160389988706072
36 0.9560420291629527 0.7363480666885314 0.08791594167409471 0.1141828683170294
11 0.5927453734487426 0.6032743163355955 0.12648359514371954 0.11187691567207611
19 0.2457376442984251 0.7533924975809255 0.12804609514371962 0.11196792093374786
10 0.726427703153056 0.6792236243551601 0.1313074874635877 0.11683743145709151
25 0.16820574538114647 0.18662920278612768 0.12648359514371962 0.11187691567207611
31 0.44758232297388884 0.428606787255226 0.12804609514371973 0.11196792093374786
25 0.059171726180816585 0.20471832110315713 0.10925063103709695 0.10931335779368574
40 0.27522497202418145 0.07240083183826233 0.12947220282385158 0.10737142619541977
23 0.1948461163891136 0.37602563175355774 0.12643813103709692 0.11031441567207612
38 0.9423766827655917 0.5481956193052497 0.11524663446881647 0.1117859104104042
31 0.3292187678801817 0.44880443714228646 0.12804609514371962 0.111967920933748
11 0.7120265708623178 0.587718663817699 0.12965405925034226 0.11362142619541978
35 0.9629201664682558 0.8313420482726798 0.0741596670634884 0.1104208314853266
19 0.13047635715140654 0.7726268869446424 0.12179609514371963 0.11160389988706054
8 0.6284090549606931 0.8876192242563381 0.12487563103709683 0.1102234104104042
35 0.8754970036279097 0.85366364028135 0.13121655925034226 0.11371243145709178
27 0.3778802060560499 0.830214060862162 0.12969952335696497 0.11518392619541977
34 0.4088163735152495 0.145225139857827 0.1280460951437196 0.1119679209337479
22 0.20543192689309714 0.4708831054451985 0.12492109514371963 0.1117859104104042
17 0.1513979255729489 0.953748084327924 0.12102320533113402 0.08504139988706072
23 0.07650529334871771 0.3970045316406183 0.12179609514371965 0.11160389988706054
37 0.8432969544066973 0.6614607297297714 0.12969952335696497 0.11518392619541977
33 0.3040727007122805 0.2569732529131846 0.128000631037097 0.11040542093374794
27 0.4970477432030684 0.8107521583442656 0.12804609514371953 0.11196792093374804
38 0.831952625956025 0.5674300086689665 0.12813702335696497 0.11509292093374804
22 0.09019337179938991 0.4908987448089153 0.12179609514371963 0.11160389988706054
8 0.7515283062143345 0.8694923085842621 0.13117109514371955 0.11214993145709187
3 0.7702934311162393 0.08895566914995803 0.12804609514371953 0.11196792093374794
16 0.5272026606622682 0.1258087399707665 0.13126202335696496 0.1152749314570916
33 0.4217459340192331 0.23994610565696 0.12804609514371973 0.11196792093374788
14 0.5546015496169239 0.3143784163073606 0.12809155925034227 0.11353042093374795
20 0.23450697611430957 0.6632680265201207 0.12648359514371962 0.11187691567207611
1 0.7914195880175836 0.2771081165332395 0.12492109514371971 0.1117859104104042
20 0.1184417069139797 0.6817666685146735 0.12179609514371963 0.11160389988706054
9 0.617777780350087 0.7911992505646973 0.12813702335696497 0.11509292093374804
34 0.29043008636823103 0.16464153974488754 0.12804609514371962 0.11196792093374794
14 0.6746867290838104 0.2995585111586282 0.12969952335696497 0.11518392619541977
28 0.36655860965868897 0.7369645898013573 0.128000631037097 0.11040542093374803
17 0.2707473191464581 0.9405361818100275 0.12607441818411544 0.09781441567207594
13 0.6891560575344826 0.3934072216960893 0.13121655925034226 0.11371243145709169
30 0.3437562924907879 0.5449968976797477 0.12804609514371953 0.11196792093374804
36 0.8593060508040582 0.7544371850055608 0.1313074874635877 0.11683743145709151
41 0.6343582796251711 0.035344664744887545 0.1279551669304743 0.07068932948977509
28 0.4871749865391509 0.713505432021789 0.13121655925034226 0.11371243145709169
21 0.10546668230337346 0.5854832027155406 0.11867109514371962 0.11142188936371689
24 0.0666098046314888 0.29897655531814155 0.11858016693047428 0.10829688936371688
21 0.220727969450392 0.5662488133518238 0.11692673871722888 0.10508088410204497
24 0.17879155588513002 0.2814866764777684 0.11991534639736087 0.10057539462538863
29 0.3535835850480828 0.6406811240022243 0.12317673871722894 0.10544490514873246
29 0.47348690808847865 0.6196112188534919 0.12464831050398359 0.1024109104104042
30 0.4614295257977405 0.527969750423523 0.12197795157021041 0.11785389988706055
12 0.701349832145089 0.4897361901260583 0.13117109514371955 0.11214993145709151
15 0.6625611506331384 0.20557329272865932 0.12317673871722903 0.10544490514873237
9 0.7377720316037282 0.773254345415965 0.12648359514371954 0.11187691567207594
37 0.9484508380175836 0.6406183377352187 0.10309832396483287 0.1070984104104042
12 0.5804606706248909 0.5038203479056266 0.12813702335696497 0.11509292093374804
13 0.5652100921742187 0.4100171399990014 0.13581313103709683 0.11086044724210713
15 0.5402004173261856 0.22287345576989948 0.13121655925034226 0.1137124314570916
41 0.5150543501582845 0.041582742319253733 0.1293812746106063 0.08316548463850747
0 0.7824190095669115 0.18294088757992694 0.11683581050398359 0.10195588410204497
0 0.8075196126281898 0.3732095718090288 0.12813702335696497 0.11509292093374794