10 0.7380742278312408 0.7431257968448963 0.2617492193911026 0.27053486697916024
39 0.7598869249420408 0.49495923487640425 0.2650015533834914 0.27391495849442926
32 0.4938335020143474 0.44365272895735053 0.2601867193911026 0.2704073212215256
13 0.5087741166156335 0.19881846107950313 0.2634390533834914 0.27378741273679474
35 0.37439114083592134 0.3023106386500295 0.26506522037968583 0.27547745849442923
28 0.5991629195420144 0.8501415871425191 0.26181288638729716 0.2720973669791601
31 0.3564210267289267 0.5492335650126078 0.25856055239490827 0.2687172754638912
27 0.6331904792769343 0.3475744386597278 0.26506522037968594 0.27547745849442923
22 0.8694595376033417 0.6425035277591009 0.2569343853987139 0.2670272297062567
20 0.23954525003718102 0.41355154334173855 0.261812886387297 0.27209736697916026
23 0.4794977238769079 0.703330746835198 0.261812886387297 0.2720973669791601
6 0.6184726991623286 0.5978774565375753 0.2569343853987139 0.2670272297062567