17 0.515625 0.36344065518548474 0.2046875 0.24189329796757128
39 0.5234375 0.12616797571859817 0.21875 0.22823997492717535
39 0.5109375 0.6304917628656167 0.1984375 0.2385864415410804
32 0.1765625 0.285606194048363 0.225 0.26435933135366607
4 0.73984375 0.5074647544858395 0.2171875 0.2500695108205527
25 0.3921875 0.6903177407622929 0.2109375 0.24520015439406198
13 0.2921875 0.4936580379384413 0.2203125 0.2610979390337981
0 0.8578125 0.717928544535852 0.228125 0.2691377595669113
9 0.50625 0.8832199857809815 0.2046875 0.23356002843803694
33 0.6203125 0.8313305003292044 0.1984375 0.2385864415410804
26 0.62734375 0.30184758880900653 0.2171875 0.25944451082055264
9 0.40078125 0.42259904334871773 0.2046875 0.2450182979675713
36 0.7375 0.7714590583259054 0.2125 0.2530581185006845
35 0.2953125 0.22578021615168672 0.2015625 0.24180236975432584
32 0.4078125 0.1626473818285198 0.2046875 0.23720579796757124
29 0.62265625 0.5673361964891385 0.1984375 0.23389894154108043