16 0.6672536966519591 0.384375 0.0874700748547749 0.1
31 0.5745546203494422 0.42890625 0.08739730024766904 0.0984375
31 0.5266607758499602 0.45078125 0.08739730024766904 0.0984375
16 0.6201047148489242 0.40703125 0.0874700748547749 0.1
16 0.715183928454994 0.36171875 0.08903257485477489 0.1
31 0.4794754067433723 0.47421875 0.08739730024766904 0.0984375
7 0.7577545721686878 0.33671875 0.08903257485477489 0.1
17 0.43069115033323147 0.4984375 0.08739730024766904 0.0984375
17 0.3339766621200558 0.5453125 0.0874700748547749 0.1
20 0.28284865570991496 0.56953125 0.09230312406898662 0.103125
17 0.3827245312266436 0.521875 0.08739730024766904 0.0984375
37 0.1325896364794926 0.6421875 0.09059507485477489 0.1
20 0.23477287469266833 0.5953125 0.09230312406898662 0.103125
6 0.8025234166681697 0.31484375 0.08583480024766921 0.0984375
20 0.1843897309789746 0.6203125 0.09223034946188076 0.1015625
37 0.07893594355158717 0.6703125 0.08241870181924557 0.0921875
2 0.8488911484712046 0.2921875 0.08419952564056317 0.096875
1 0.892733193756475 0.2734375 0.08092897642635144 0.09375