24 0.7370257037394687 0.8808481411913999 0.23983761606989856 0.23830371761720032
24 0.69495698052483 0.8266587507659672 0.23191602191409721 0.23180641424880086
24 0.6528337102322905 0.7754676881506108 0.23035352191409722 0.2317062846991515
22 0.6068451002481766 0.7216825516611312 0.24781375730360064 0.24843270974529402
22 0.5584036461082613 0.6739972208471776 0.23986488960884883 0.24011956199704745
22 0.5266002670494239 0.6140820003045417 0.24304443668674977 0.24344482109634616
41 0.4813110864484589 0.5650344285898868 0.2255569277582959 0.22515589605020364
41 0.43683042938644423 0.5144744216500565 0.23509556899199796 0.23513167334809956
41 0.3938577252465289 0.4671395442598755 0.23032624837514692 0.2301437846991515
39 0.35169354464556396 0.41829223164451923 0.2430444366867496 0.24344482109634616
39 0.3111055008140742 0.3687637985788122 0.2509660308425509 0.25019546884459276
39 0.26814643344363404 0.3206476711886312 0.2509933043815013 0.2517579688445927
40 0.22285725284266905 0.27160009947397623 0.23191602191409721 0.23180641424880086
40 0.1862027325501296 0.22075949028239253 0.22240465421934558 0.22339313695090493