16 0.29877187986632103 0.5764632190774209 0.0641636858759707 0.09968292574646931
31 0.3984855077073425 0.567049650271772 0.06413641233702042 0.09812042574646931
31 0.4491440267820659 0.5635693711907784 0.06413641233702023 0.09812042574646931
16 0.3494167621715693 0.5722016899964274 0.06569891233702041 0.09822968639013112
16 0.24735938433054788 0.5814513678365837 0.0657261858759707 0.09979218639013113
31 0.499775272317839 0.5585265921097848 0.06413641233702042 0.09812042574646931
7 0.20067529910320028 0.5891110485267317 0.06572618587597079 0.09979218639013113
17 0.5527502678536121 0.5536477039942838 0.06567163879807011 0.09666718639013112
17 0.6563428721556833 0.5429447867977892 0.06569891233702041 0.09822968639013112
20 0.7116752544609316 0.5390110396477807 0.06887845941492117 0.10157320767745456
17 0.6041491266199102 0.547878305235121 0.06567163879807011 0.09666718639013112
37 0.8729167175293007 0.5229757662667703 0.06882391233702023 0.09844820767745457
20 0.7630332029188039 0.530897890888618 0.06887845941492117 0.10157320767745456
6 0.15316905356742713 0.5943723488950488 0.06251936525911975 0.09488616510280767
20 0.817557061685102 0.5253470134167787 0.0688511858759707 0.10001070767745457
37 0.9305246659871731 0.5152996600822546 0.0608750446422686 0.09008940445914604
2 0.10330542126217886 0.5986885082978732 0.060984138798070076 0.09633940445914586
1 0.05653951541798021 0.6016606889880212 0.05783186525911972 0.09455838317182241