16 0.47306849634325676 0.6297073479184065 0.04640344155801372 0.06487472749876275
11 0.36609179342115744 0.6272230777920186 0.04643071509696393 0.06643722749876275
7 0.910513949265356 0.6495107513547371 0.05424321509696384 0.06684666327441154
16 0.5285508831127319 0.6333955919255128 0.04484094155801355 0.064792840343633
10 0.8566213360348313 0.6474668945027606 0.04643071509696384 0.06643722749876275
12 0.3090605434211574 0.6242341966297825 0.04802048863591431 0.06808161465389269
10 0.746451449265356 0.6409126000661132 0.04640344155801372 0.06487472749876275
12 0.583170199265356 0.632355392355054 0.04643071509696384 0.06643722749876275
12 0.6933400860348312 0.6389096867917015 0.04484094155801355 0.06479284034363317
41 0.19894520372958294 0.6208049021931351 0.04322389448011292 0.06158595318850324
10 0.8019338360348313 0.6446008440732193 0.04640344155801372 0.06487472749876275
16 0.4191758831127319 0.62766349106643 0.04640344155801355 0.06487472749876275
12 0.637857699265356 0.6352214427845955 0.046457988635914306 0.06799972749876275
13 0.2543866801906326 0.6221493962002412 0.04799321509696401 0.06651911465389268
41 0.14506622726853327 0.6195422953411587 0.04637616801906326 0.06331222749876275