0 0.02734375 0.54375 0.05078125 0.05078125
24 0.78359375 0.52265625 0.040625 0.053125
28 0.44765625 0.5328125 0.040625 0.05078125
28 0.4 0.534375 0.0390625 0.05
28 0.4953125 0.528125 0.040625 0.05078125
24 0.83359375 0.521875 0.04140625 0.05390625
20 0.3078125 0.5375 0.0390625 0.046875
26 0.9328125 0.5171875 0.04453125 0.0546875
20 0.21484375 0.540625 0.03984375 0.04453125
24 0.73515625 0.52421875 0.03984375 0.0515625
39 0.54140625 0.5296875 0.03984375 0.05078125
1 0.121875 0.5421875 0.04453125 0.0515625
20 0.26171875 0.53828125 0.0390625 0.0453125
28 0.35234375 0.534375 0.040625 0.05
26 0.88125 0.5171875 0.040625 0.053125
39 0.68828125 0.52421875 0.0390625 0.0484375
3 0.16875 0.540625 0.04140625 0.0484375
39 0.6359375 0.52421875 0.03984375 0.05
4 0.07265625 0.54296875 0.03828125 0.05
39 0.590625 0.528125 0.03984375 0.0515625