22 0.303805356909988 0.7057498744919736 0.07798375889134013 0.06799308344622794
22 0.3241028943373755 0.6548081722079815 0.07798375889134013 0.06799308344622812
33 0.34745265715765705 0.6052651956137298 0.07961903349844598 0.06963747060135787
27 0.5228231081483331 0.20328553652318973 0.07954625889134022 0.06807497060135788
33 0.3934073201017731 0.5054389360027913 0.07961903349844608 0.06963747060135787
33 0.37009394458504447 0.554200662597043 0.07947348428423436 0.06651247060135787
22 0.28056475600036523 0.7529491010862253 0.0747132096771284 0.06470430913596861
29 0.5657619330031081 0.1012793012225108 0.08616013192686936 0.07621501922187686
28 0.5447559201828265 0.15069944708406785 0.08132708271265762 0.0728443577564876
39 0.4159758329220547 0.45593690298610456 0.08125430810555194 0.07128185775648746
22 0.26052192969784826 0.7984220533702174 0.07315070967712849 0.06462242198083885
39 0.43783587034944216 0.4049133135469827 0.08125430810555194 0.07128185775648763
37 0.4768320579006641 0.30389304613412815 0.06995293507002262 0.06289614767057934
37 0.4978744580244986 0.2536916502725711 0.07315070967712849 0.06462242198083885
37 0.4556077212590649 0.3580006919956852 0.07478598428423436 0.06626680913596861
2 0.233901617663355 0.8512538042747286 0.08303513192686944 0.07605124491161738