22 0.2573084508452945 0.6439958197120702 0.08030727711788863 0.08000647748246603
22 0.2905444996707956 0.6005369139442591 0.08030727711788872 0.08000647748246603
33 0.32683735233636263 0.5592214990771494 0.08347774122451135 0.08176923658176474
27 0.6074103685671917 0.21606777221299214 0.08186977711788863 0.08010660703211539
33 0.3987100038274307 0.47429698411775456 0.08347774122451135 0.08176923658176474
33 0.3631984011618637 0.5155623342100396 0.08030727711788863 0.08000647748246603
22 0.22181958023303885 0.6844799198043552 0.07709134890464338 0.07668121838316751
29 0.677030198271505 0.12816845157807133 0.08995506175762476 0.08998225478036197
28 0.6438396135526266 0.17006485734588242 0.08513116943775678 0.084994366131414
39 0.4342670705996204 0.43146913402546955 0.08352320533113407 0.0833317365817646
22 0.19028242372740584 0.723151196022517 0.07548338479802066 0.07501858883351815
39 0.4690428873718101 0.3886913487080091 0.08352320533113407 0.08333173658176474
37 0.5347791991294348 0.30026110194721156 0.07387542069139794 0.0733559592838688
37 0.5695550159016246 0.25748331662975116 0.07548338479802066 0.07501858883351815
37 0.49986699003737717 0.347726387264672 0.07869931301126591 0.07834384793281668
2 0.14923387490190482 0.7671107495385747 0.08673913354437941 0.08665699568106326