19 0.5754446050203665 0.5259484537482885 0.09971269970043757 0.09486988229073816
17 0.41820657668153743 0.3840828656641978 0.10478283697334109 0.09969377461060622
17 0.36699502092196323 0.33232178886287816 0.10140274545807211 0.09647784639736087
19 0.728648837601561 0.6663652020989358 0.09633260818516849 0.09165395407749291
20 0.6778199191148904 0.6192916252976162 0.09633260818516867 0.09165395407749291
20 0.5262419594125132 0.47961066284034615 0.09633260818516849 0.09165395407749291
24 0.2616382280392666 0.2312343134734844 0.10985297424624481 0.10451766693047426
21 0.6270547735070371 0.5729992984962966 0.09126247091226496 0.08683006175762475
25 0.20892794515850968 0.18029995077878755 0.12168329454968652 0.11577341567683304
21 0.47125169941057354 0.4295257463055833 0.09971269970043757 0.09486988229073816
23 0.31819098804120627 0.2812737659016246 0.10985297424624481 0.10451766693047429
38 0.8274367660901714 0.7637282839148203 0.08957242515463042 0.08522209765100222
38 0.7796690747246834 0.7157825289002553 0.08957242515463033 0.08522209765100204
38 0.8742318888192073 0.8093530209826966 0.09126247091226496 0.08683006175762467