22 0.39296875 0.39453125 0.0421875 0.059375
19 0.290625 0.3921875 0.04140625 0.05703125
17 0.1875 0.38671875 0.046875 0.059375
19 0.5484375 0.40078125 0.04453125 0.059375
21 0.34140625 0.38984375 0.03828125 0.04921875
39 0.65 0.40390625 0.04765625 0.0625
39 0.75546875 0.41015625 0.04921875 0.06171875
18 0.2375 0.3921875 0.04296875 0.0578125
20 0.59921875 0.40234375 0.04375 0.0578125
23 0.44453125 0.396875 0.0421875 0.05859375
39 0.70234375 0.4078125 0.0453125 0.0609375
38 0.85859375 0.4046875 0.040625 0.05
5 0.08515625 0.38359375 0.0578125 0.06328125
18 0.4953125 0.4 0.03984375 0.05703125
0 0.1375 0.38671875 0.053125 0.06328125
38 0.80859375 0.4046875 0.0421875 0.05078125