29 0.48808697871908374 0.32850427376317726 0.07245479333702498 0.06061384783255326
24 0.4484656693429299 0.433417266843095 0.07401729333702498 0.060677514828747545
23 0.5680805690937614 0.10695953760334168 0.0811684592838688 0.0749946828135252
6 0.27914425895164036 0.9121577376798914 0.06942992288667416 0.06204901384016424
25 0.46676388880583153 0.38011585330694175 0.07431768198597286 0.06536501482874764
29 0.5080478277316346 0.27370402722321835 0.07588018198597286 0.06542868182494202
23 0.5463569609819118 0.16482111714710618 0.08106832973421944 0.07343218281352519
18 0.3589573766242139 0.6812061680219587 0.06726664558877822 0.052610346843970035
23 0.5232210471945362 0.22027527969467625 0.07451794108527157 0.06849001482874764
18 0.34579724013473423 0.7276673325466951 0.0672666455887783 0.052610346843970035
40 0.4115385633905486 0.5329570104173044 0.06922966378737558 0.058924013840164415
23 0.4321805328534503 0.47975109737544275 0.0726550524363235 0.06373884783255335
18 0.32956216842007924 0.7732199130790427 0.0672666455887783 0.052610346843970035
18 0.3117145319305996 0.819490076615196 0.062378886489479604 0.04929434585538672
40 0.3755929665374661 0.6294035874896109 0.06424177513842758 0.05404551285158128
2 0.2963107749907693 0.864293240645641 0.07139294108527147 0.06836268083635914
40 0.3934406030269457 0.5831334239534576 0.06600453423772627 0.05723417984777566