4 0.24593665638611992 0.14601263708581674 0.08771884793281677 0.08138577886860801
27 0.385524380786267 0.3604861188111396 0.0860562183831675 0.07973227360693613
27 0.4434789782576584 0.4520674030825938 0.08761871838316733 0.07982327886860804
8 0.5312922540143948 0.5878313268589392 0.08283108883351815 0.07798776308359248
27 0.4166952351974887 0.40848400305435895 0.0859560888335181 0.07816977360693614
8 0.5001714643779979 0.5390521926157199 0.08449371838316751 0.07964126834526439
32 0.3296632094407523 0.2726745766471777 0.08771884793281677 0.08138577886860805
8 0.47270660086747734 0.4939517952183209 0.08771884793281685 0.08138577886860805
23 0.5603696822997399 0.6320594689946664 0.0893814774824662 0.08303928413027997
32 0.30121683683093325 0.23074468188061464 0.08605621838316742 0.07973227360693613
32 0.358009452500922 0.31616697141374067 0.08771884793281667 0.08138577886860805
23 0.6180238911221834 0.7283282532661205 0.09446949568106326 0.08956229991529537
23 0.5892969162606109 0.6786313611303934 0.09436936613141392 0.08799979991529536
37 0.6516886898578791 0.773845879616832 0.08126858883351815 0.07789675782192056
37 0.6844220442691007 0.8217527585983795 0.08459384793281685 0.0812037683452643
7 0.2765265198966403 0.190931023959872 0.08948160703211538 0.08460178413027988