22 0.48633265264742037 0.6572177752625942 0.07350609905006031 0.06175566000954511
19 0.6308007841483405 0.37367747457832223 0.07523237336031982 0.06489884134309047
19 0.509060823723748 0.6108876679265034 0.07531426051544958 0.06646134134309048
19 0.5608081094539682 0.51737347792014 0.07029921189493056 0.06015679734245403
19 0.5364764948000758 0.5645030165897762 0.07202548620519007 0.06329997867599957
17 0.6778605698785608 0.28021782857259525 0.07687676051544959 0.06647952267663593
37 0.5821784984181203 0.46715530191759475 0.0670923247398008 0.0585579346753633
6 0.7265647427639108 0.18517750123332277 0.08690685775648763 0.07908861067790855
37 0.605687919494448 0.4208161039147312 0.06873671189493055 0.060138616008908664
24 0.44083536691720016 0.7506592399347757 0.07186171189493074 0.060174978675999566
23 0.4659891751486575 0.7027393605983667 0.07687676051544959 0.06647952267663584
18 0.6520483423797979 0.3258030485757769 0.07515048620519008 0.06333634134309048
5 0.6990671845324533 0.23312465257004994 0.08337242198083886 0.07123974801081767
38 0.3989167825664609 0.8503052512730938 0.0670923247398008 0.0585579346753633
38 0.3743804500247439 0.9013410399427298 0.0670923247398008 0.0585579346753633
38 0.421027477953048 0.8008592346037757 0.06380355042954129 0.055396572008272214