27 0.42676952216875935 0.6719261949727998 0.08280718281352524 0.07888116943775678
6 0.27888648460259874 0.854142964568841 0.08118101581733086 0.07727320533113406
34 0.8148106220156599 0.18775916580984706 0.0959438527754692 0.09486988229073816
34 0.5377454673395742 0.5337011177757688 0.08287084980971962 0.08044366943775678
27 0.46377211505839677 0.6255907525737895 0.07949118182494211 0.07410274122451135
26 0.39051634578102473 0.7190201553184987 0.08768568380210837 0.08370506175762475
26 0.3528598368837762 0.7622533297708205 0.08768568380210837 0.08370506175762475
27 0.500774707948034 0.5792553101747792 0.0811173488211363 0.07571070533113407
32 0.7318296842592189 0.29005510319429245 0.08931185079830276 0.08531302586424747
32 0.6939185073771927 0.3395382776466141 0.09093801779449713 0.0869209899708702
33 0.5756248107235031 0.4849991933234472 0.08612318380210837 0.08365959765100221
34 0.7719891106469534 0.24284748258203673 0.09425401878308044 0.09169941818411546
32 0.6569159144875554 0.3858737200456244 0.08931185079830276 0.08531302586424747
32 0.6142535706093348 0.4370557868178141 0.08443334980971962 0.08048913354437945
26 0.31741974399413886 0.8085433080632081 0.08436968281352515 0.0789266335443795
2 0.24116630870915573 0.8989386390211628 0.0894391847906915 0.08843802586424729