14 0.7234375 0.6015625 0.059375 0.10390625
14 0.6640625 0.6046875 0.06015625 0.1046875
11 0.29765625 0.6140625 0.0609375 0.10625
9 0.17578125 0.61640625 0.06171875 0.10703125
10 0.23671875 0.61640625 0.0609375 0.1078125
37 0.603125 0.60390625 0.059375 0.10390625
41 0.903125 0.59453125 0.05703125 0.10234375
8 0.11015625 0.6203125 0.0609375 0.10703125
37 0.54453125 0.60546875 0.0578125 0.10625
13 0.4234375 0.61171875 0.059375 0.1046875
12 0.359375 0.61328125 0.05859375 0.1046875
41 0.84375 0.5953125 0.05625 0.10078125
41 0.78359375 0.5984375 0.0578125 0.10234375
37 0.48359375 0.609375 0.059375 0.10546875
0 0.04765625 0.61796875 0.05859375 0.10546875