22 0.29296875 0.46953125 0.05078125 0.07109375
19 0.64296875 0.47109375 0.0515625 0.06171875
19 0.52890625 0.4734375 0.05 0.06484375
20 0.4703125 0.46953125 0.04921875 0.065625
20 0.17421875 0.4640625 0.05 0.0671875
19 0.58203125 0.4703125 0.05078125 0.06171875
21 0.234375 0.46484375 0.0515625 0.0671875
25 0.81171875 0.47578125 0.05859375 0.06796875
20 0.3546875 0.46953125 0.04921875 0.0671875
40 0.865625 0.47578125 0.05234375 0.0671875
40 0.925 0.478125 0.053125 0.06875
20 0.41015625 0.471875 0.05078125 0.06875
24 0.753125 0.47578125 0.05078125 0.06953125
23 0.6953125 0.47421875 0.0546875 0.06953125
6 0.11328125 0.46328125 0.06484375 0.075