3 0.15546875 0.475 0.05 0.0609375
19 0.7953125 0.48671875 0.0484375 0.0578125
19 0.846875 0.4875 0.04921875 0.059375
34 0.54296875 0.48125 0.0421875 0.06171875
19 0.90390625 0.48828125 0.05859375 0.06328125
34 0.59375 0.48203125 0.0421875 0.06171875
40 0.74296875 0.484375 0.0453125 0.059375
23 0.34765625 0.4765625 0.0421875 0.0609375
40 0.690625 0.48515625 0.04609375 0.0578125
34 0.64375 0.48203125 0.04453125 0.0625
23 0.29765625 0.475 0.0421875 0.06015625
23 0.24921875 0.47421875 0.03828125 0.05859375
7 0.2046875 0.475 0.0484375 0.0609375
4 0.10390625 0.4734375 0.0546875 0.06015625
14 0.49453125 0.4828125 0.0421875 0.0609375
14 0.44453125 0.48125 0.040625 0.06015625
14 0.3953125 0.4765625 0.0390625 0.06015625