22 0.6759769624568435 0.3191008870435881 0.09377515601864025 0.08739818068726617
19 0.4845520147458616 0.6083625401412343 0.08716995850815117 0.08238313206674697
19 0.5447539637062433 0.512653892470655 0.0888508576783142 0.0840275192218769
20 0.5796608373565971 0.4661164071699761 0.0888508576783142 0.0840275192218769
20 0.7448318610023066 0.22372311001979517 0.0904133576783142 0.08410940637700663
19 0.5184408400558894 0.5587409984181203 0.08560745850815117 0.08230124491161739
21 0.7117242856922787 0.27330370816534433 0.09053175684847722 0.08567190637700657
25 0.3898692446246372 0.7458802295349278 0.09737375269929238 0.09381195499752551
20 0.6422065363169787 0.37028492876670216 0.0904133576783142 0.08410940637700666
40 0.36031272180412033 0.7905686097926525 0.09221265601864026 0.08731629353213641
40 0.32630549732392955 0.8386276515157667 0.0938935551888033 0.088960680687266
20 0.6103062634964618 0.41509613975712156 0.09053175684847722 0.08567190637700665
24 0.42147351951974654 0.6971627685445083 0.09053175684847722 0.08567190637700647
23 0.4540366431701003 0.650748113976524 0.0938935551888033 0.088960680687266
6 0.7778802367272528 0.17336126187424594 0.10734074855010753 0.10211577792830413