20 0.5570205460062987 0.61328125 0.06941584486680377 0.0546875
20 0.5342276917479548 0.5140625 0.06629084486680377 0.0546875
20 0.5220977648659286 0.465625 0.06472834486680376 0.0546875
20 0.5456400356261752 0.5640625 0.06941584486680377 0.0546875
22 0.4610661284786316 0.2140625 0.06947951186299797 0.05625
22 0.4717290558549493 0.26484375 0.07260451186299796 0.05625
22 0.44568386760421674 0.1625 0.0727318458553869 0.059375
18 0.5068110044858054 0.41640625 0.06928851087441501 0.0515625
1 0.43414418973360747 0.109375 0.07454901384016441 0.065625
24 0.6035785055115696 0.81640625 0.07572951186299796 0.05625
18 0.49539866060758475 0.36640625 0.06935217787060921 0.053125
19 0.576213556386422 0.6625 0.0727318458553869 0.059375
24 0.62045959938979 0.86640625 0.07585684585538673 0.059375
18 0.4799527327369756 0.31328125 0.0709146778706092 0.053125
19 0.5921343281352518 0.765625 0.0727318458553869 0.059375
19 0.5815669012532256 0.7171875 0.08067167984777565 0.0625