26 0.47476690934064514 0.30462670850402856 0.08521330290255769 0.07309001922187681
26 0.4833581701404183 0.23686599841812034 0.0884474303072194 0.07637879353213639
26 0.49491073983319894 0.16425401402195255 0.09006449400955034 0.07802318068726613
32 0.5057093413771451 0.09246422320334965 0.09335318511654264 0.08287445499752562
32 0.5156994110699257 0.031487398519319656 0.09502481252120454 0.06297479703863931
40 0.45278776033643703 0.4372687901412343 0.08515873920022692 0.0715275192218769
40 0.4637227711362103 0.36938524932263145 0.08359623920022692 0.07144563206674714
28 0.39517124481215843 0.8269321556996381 0.08828373920022684 0.07169129353213641
40 0.44188003138782933 0.5059335809598372 0.08683036660488849 0.07473440637700665
28 0.40632451042125506 0.7652986148810351 0.08822917549789597 0.07012879353213641
28 0.38019357475655813 0.8911141644060653 0.08828373920022674 0.07169129353213606
13 0.43552339318339434 0.5704464603130509 0.08828373920022674 0.07169129353213641
13 0.4245883823836212 0.6383300011316537 0.08990080290255768 0.073335680687266
13 0.4150521804768553 0.701444154795127 0.08828373920022688 0.07169129353213641