19 0.6085833558274364 0.7872749253238082 0.09053175684847722 0.08813747091226495
9 0.37278295270858114 0.49317488364905965 0.08716995850815117 0.08475737939699571
17 0.6859998060372179 0.8867644844173622 0.0872883576783142 0.0863198793969957
41 0.254432926564072 0.3453117263722767 0.08716995850815117 0.08475737939699587
9 0.2857547041584737 0.38979505000969833 0.09065015601864027 0.08969997091226496
25 0.4816512350768676 0.6286177892588526 0.0888508576783142 0.08644742515463033
39 0.44456470955705835 0.5797818054697101 0.08716995850815117 0.08475737939699571
39 0.4079517807179013 0.5371958216805677 0.08548905933798814 0.08306733363936125
23 0.5690938807225457 0.7374663728982138 0.09053175684847722 0.08813747091226495
18 0.6457290809323271 0.8368921591129507 0.09065015601864027 0.08969997091226496
41 0.1771348755244536 0.2473846672787226 0.0888508576783142 0.08644742515463033
41 0.2197018064382031 0.28657458409840325 0.08068316016782513 0.08112219636645772
9 0.3387146834125493 0.4329390142540035 0.08752515601864026 0.08944487939699575
24 0.5334039118414322 0.6763217077455232 0.09100535352912935 0.09438747091226496