20 0.5 0.396875 0.046875 0.0609375
20 0.44375 0.396875 0.04765625 0.06171875
25 0.27734375 0.3953125 0.0484375 0.06171875
35 0.6765625 0.396875 0.05 0.065625
20 0.38828125 0.3953125 0.04609375 0.059375
35 0.73671875 0.3984375 0.05234375 0.0640625
26 0.61640625 0.39765625 0.05 0.0640625
35 0.79921875 0.3984375 0.053125 0.0640625
25 0.221875 0.39609375 0.04765625 0.0609375
36 0.9265625 0.40234375 0.05 0.0671875
36 0.859375 0.39765625 0.05 0.0640625
7 0.1671875 0.39609375 0.053125 0.065625
26 0.55703125 0.396875 0.04765625 0.0640625
25 0.33203125 0.39609375 0.04921875 0.0625
36 0.98203125 0.40078125 0.0359375 0.06796875
2 0.11328125 0.39921875 0.05546875 0.06484375
0 0.06171875 0.3953125 0.05703125 0.0640625