31 0.33773640269443506 0.45253763007767045 0.07657320767745457 0.06760565651766229
34 0.2435979086465198 0.2687853196746242 0.08169775025210155 0.0738829275949012
13 0.48449216232969067 0.7437524616561513 0.07144866510280767 0.06132838544042372
26 0.2187507279563719 0.22207394613805734 0.07846348960843982 0.07230224687674207
15 0.40026961766135677 0.585713223560008 0.07155792574646949 0.06289088544042354
15 0.4414630641909465 0.6666905127876195 0.07322968639013112 0.06446247579950323
6 0.5226152391811112 0.823966681601922 0.07490144703379294 0.06603406615858276
26 0.19423132919720915 0.17067507260149045 0.08515053218308677 0.07858860831306051
16 0.3775476656838853 0.5421132144848217 0.0715579257464694 0.06289088544042354
7 0.5012918962381473 0.7827013321676561 0.0766824683211162 0.06916815651766246
33 0.26671869837117523 0.31784953357027074 0.07668246832111639 0.06916815651766246
30 0.3579507137064139 0.4984950246914762 0.07501070767745457 0.06759656615858275
32 0.28933138970498484 0.363012042645457 0.07668246832111639 0.06916815651766246
32 0.3126160703951328 0.40973250654110355 0.07668246832111639 0.06916815651766246
14 0.4613877980994031 0.705621202580965 0.0731204257464693 0.06289997579950324
14 0.4186318515698134 0.6246530037124332 0.07144866510280767 0.06132838544042372
5 0.5410321034113987 0.8621252117543472 0.07501070767745457 0.06759656615858275
4 0.5602302176416863 0.9002791967272327 0.07857275025210164 0.0738647468767418