11 0.7212953005422931 0.4249541720828436 0.0723204275949012 0.07781708279171565
15 0.6333594841873185 0.4858701270335378 0.0723204275949012 0.07781708279171565
11 0.8100078217177277 0.3632433303626742 0.07074883723582168 0.07622730925276536
15 0.6761555173648057 0.45543260471240343 0.07074883723582168 0.07622730925276536
15 0.5897776558302914 0.5155400361241473 0.0723204275949012 0.07781708279171565
30 0.2941253091265 0.7308782585247119 0.07231133723582168 0.07625458279171564
30 0.2046224475919856 0.7910402370143566 0.07858860831306051 0.08105117694751698
15 0.5454282130118837 0.547567331984232 0.06917724687674216 0.07463753571381489
12 0.33770713748352704 0.7012083494341024 0.0754545179539809 0.0794341298696164
30 0.2528781404103933 0.7589447573068959 0.07231133723582168 0.07625458279171564
11 0.7648680385402404 0.39372176299223405 0.0723204275949012 0.07781708279171565
12 0.3781548754814745 0.6700304874213936 0.0723204275949012 0.07781708279171565
7 0.855147604895215 0.3327648977331144 0.07701701795398108 0.0794614034085667
4 0.9010640928931624 0.30149157833407936 0.0770261083130606 0.08102390340856669
26 0.5057526346548566 0.5771690572274657 0.07232951795398072 0.07937958279171564
26 0.46453273701598885 0.6099230560096498 0.06916815651766228 0.07307503571381488
26 0.4209509086589617 0.6395929651002592 0.07231133723582168 0.07625458279171564