31 0.47890625 0.45703125 0.0578125 0.08125
31 0.5453125 0.4578125 0.05703125 0.08125
27 0.16328125 0.45625 0.046875 0.07734375
41 0.8140625 0.45546875 0.05 0.078125
41 0.88203125 0.4546875 0.053125 0.07890625
34 0.74609375 0.45546875 0.06328125 0.08203125
28 0.221875 0.4578125 0.05703125 0.078125
32 0.6109375 0.4578125 0.06015625 0.08046875
33 0.67890625 0.45625 0.05859375 0.08203125
41 0.9515625 0.45546875 0.05078125 0.07890625
35 0.2859375 0.4546875 0.05390625 0.0734375
35 0.415625 0.45625 0.05234375 0.0765625
1 0.040625 0.45625 0.06015625 0.0765625
35 0.35078125 0.45546875 0.05625 0.0765625
26 0.10234375 0.45625 0.05703125 0.078125