19 0.27890625 0.38828125 0.04921875 0.0671875
9 0.62890625 0.3953125 0.04765625 0.06640625
17 0.16171875 0.384375 0.0484375 0.06640625
41 0.8046875 0.39921875 0.04765625 0.065625
9 0.7546875 0.39453125 0.05234375 0.06640625
25 0.46796875 0.3921875 0.05 0.065625
39 0.52421875 0.3953125 0.046875 0.065625
39 0.5765625 0.39453125 0.0453125 0.065625
23 0.33828125 0.38984375 0.05 0.0671875
18 0.22109375 0.38515625 0.05 0.06796875
41 0.92109375 0.40234375 0.05078125 0.06640625
41 0.86796875 0.4109375 0.05625 0.04921875
9 0.6921875 0.40859375 0.06328125 0.0546875
24 0.403125 0.40234375 0.0703125 0.0515625