21 0.24723464690328875 0.48142358167368016 0.06788472099021767 0.06786211179556503
30 0.5977260125188951 0.652368476416719 0.07945925782192056 0.07918155771188111
22 0.1981678153473751 0.45886902459477136 0.0745897472985769 0.07589286660488845
27 0.8181210834808779 0.7401784673462264 0.06668624203690499 0.07405754809323425
28 0.7091409256307224 0.6970137991047245 0.0730272472985769 0.07583830290255769
34 0.2962559758283665 0.503196888752589 0.07780575256024873 0.07756449400955034
27 0.7628497545558002 0.7186234150766408 0.0699022472985769 0.07572917549789597
34 0.3449965836926394 0.5335912276826634 0.07137374203690508 0.07422123920022675
32 0.55146566254713 0.6242360419331485 0.0745897472985769 0.07589286660488845
33 0.447681238911959 0.5761929007334887 0.07789675782192056 0.07912699400955034
33 0.3977876547252094 0.5528843755057451 0.07624325256024882 0.0775099303072194
32 0.4975748230987086 0.599501425961232 0.0745897472985769 0.07589286660488845
23 0.14988223379146143 0.43628718566469693 0.07936825256024874 0.07761905771188111
29 0.6499633467056447 0.6755951560909662 0.0730272472985769 0.07583830290255769