27 0.4223343504088567 0.76640625 0.06487472749876275 0.0453125
27 0.43736512890298773 0.8671875 0.06668288896415202 0.05
27 0.4266223807120101 0.81875 0.06339411465389251 0.046875
32 0.3943166502725711 0.5109375 0.06684666327441154 0.053125
32 0.3867807892367232 0.4609375 0.06692855042954138 0.0546875
21 0.4062224287667021 0.61171875 0.06051477611928178 0.0515625
17 0.3600898937138505 0.2546875 0.06380355042954129 0.0546875
18 0.376983065356005 0.409375 0.06684666327441154 0.053125
18 0.3695290914752868 0.3578125 0.06372166327441153 0.053125
21 0.39404001130841915 0.5609375 0.06051477611928178 0.0515625
21 0.4130589269576799 0.66015625 0.06051477611928178 0.0515625
18 0.3667216740170038 0.30703125 0.06183161465389251 0.046875
21 0.4203491265281385 0.71484375 0.06059666327441153 0.053125
17 0.35415747625556737 0.20390625 0.05730788896415202 0.05
17 0.34193411521971945 0.15390625 0.059034163274411536 0.053125