35 0.6378971944096037 0.42343333541531436 0.07343724212409235 0.07734429734245407
35 0.6950879410756239 0.4069276354232686 0.07343724212409235 0.07734429734245407
41 0.7522786877416439 0.3904219354312228 0.07187474212409217 0.07732611600890867
41 0.8156556615288467 0.37320771077335874 0.07343724212409235 0.07734429734245411
33 0.416181433199716 0.4801720420512249 0.06836710485118865 0.07260225334181776
41 0.8736276581948669 0.3567111014480856 0.07005715060882309 0.0741829346753633
38 0.5805151291071317 0.43759528540736026 0.07005715060882309 0.0741829346753633
38 0.47050227138100525 0.4667549793920882 0.06680460485118864 0.0725840720082724
33 0.36198814077606134 0.4951516047103617 0.07005715060882318 0.0741829346753633
38 0.5248231095622943 0.45333791673295154 0.0669321506088231 0.07414657200827221
26 0.3085123254735894 0.5093590080362711 0.06836710485118865 0.07260225334181776
26 0.2527565330499348 0.5243203893618624 0.07018469636645772 0.0757454346753633
26 0.2008432177474629 0.5385459740213172 0.06705969636645773 0.07570907200827222
3 0.15036485668735644 0.5512272400143174 0.07343724212409222 0.07734429734245403