22 0.47329413777811463 0.4823610055555544 0.06278180113146821 0.052442681985972864
24 0.4582691014773694 0.5864873010520475 0.06121930113146821 0.052342552436323506
23 0.44479747481754456 0.6889509669988915 0.06438066256778666 0.058792811535622214
23 0.45230544778837733 0.6361065692506449 0.06281816256778665 0.05869268198597286
25 0.5306738039601385 0.13558733266888012 0.0628545240041051 0.06494268198597286
23 0.4689111648072818 0.5350051442045023 0.06279998184962743 0.05556768198597286
25 0.5156214965821544 0.23502612816537333 0.06283634328594587 0.06181768198597286
23 0.4357179114876321 0.7403329942967873 0.06438066256778666 0.058792811535622214
25 0.5231431050916067 0.18452548041712674 0.0628454336450254 0.06338018198597287
35 0.41680026072550624 0.8470533636674038 0.06283634328594587 0.061817681985972685
35 0.42508039333725944 0.7925964011443326 0.06280907220870699 0.05713018198597286
18 0.489927125874258 0.38594708050941184 0.059656801131468026 0.052242422886674154
18 0.5057515928931624 0.2848957202380939 0.06121930113146803 0.052342552436323506
18 0.49900214402463056 0.3337838032115159 0.06279998184962743 0.05556768198597286
18 0.48630722218526595 0.43541615438353515 0.05805793969514959 0.04589229333702498
3 0.5472704306199634 0.0329234076227376 0.06439884328594588 0.06191781153562217
3 0.5405437076491306 0.08571774059615955 0.06281816256778665 0.05869268198597286