31 0.5083060556130106 0.49603119855939626 0.07381785352912935 0.09259116431700995
31 0.5741203097621954 0.4932506632913247 0.07225535352912935 0.09247276514684692
27 0.1978663856969231 0.5097921649417099 0.06252515601864025 0.08707487012586874
41 0.8378625784335274 0.47828147180412034 0.06576855518880328 0.08887416846619481
41 0.9043988829976307 0.4747788861211304 0.06889355518880329 0.08911096680652104
34 0.771326273869424 0.4817840574871104 0.07850535352912935 0.09294636182749905
28 0.25604573860135255 0.5087633838228234 0.07201855518880329 0.08934776514684692
32 0.6383720639113803 0.4903517288530903 0.07538035352912935 0.09270956348717299
33 0.7048491688904022 0.48606789317010024 0.07538035352912935 0.09270956348717299
41 0.9702269297762071 0.472235149193385 0.059546140447585924 0.08887416846619481
35 0.3184981944102114 0.5026210502144257 0.0669758576783142 0.08430506763635784
35 0.44633885187874417 0.49832648175287525 0.06877515601864026 0.08754846680652087
1 0.07789742781347186 0.5154599792540756 0.07502515601864027 0.08802206348717298
35 0.3820278981444778 0.5004441661911099 0.07190015601864026 0.08778526514684692
26 0.13824293196265675 0.5122650468904336 0.07201855518880329 0.08934776514684692