20 0.465310823723748 0.588202324157516 0.06503850180902226 0.05207771046687384
20 0.4814891016520521 0.4875652873258131 0.06191350180902226 0.05189569994353036
20 0.48875604703863934 0.43807352154079754 0.06035100180902227 0.05180469468185826
20 0.4725777691103351 0.5387105583725005 0.06503850180902226 0.05207771046687402
22 0.5263633469023536 0.18119418998488393 0.0651203889641522 0.05364021046687397
22 0.5182332643606368 0.23229395840073538 0.06816350180902227 0.052259720990217674
22 0.5322725101767654 0.1278871794615402 0.06832727611928177 0.05538472099021767
18 0.49219862958035626 0.3872467689099616 0.06487472749876275 0.048952710466873925
1 0.5413476170287417 0.07361690841485283 0.0702173247398008 0.061725726251889525
24 0.4318454692466208 0.7957719004517578 0.07137038896415202 0.054004231513561506
18 0.5010690185445084 0.33688274786327427 0.06495661465389269 0.050515210466874017
19 0.46413010402690136 0.6404550688958442 0.06832727611928177 0.05538472099021767
24 0.42836194312733894 0.8473799030825937 0.07153416327441153 0.05712923151356151
18 0.5070600689740496 0.28201323733993056 0.06643722749876275 0.04904371572854575
19 0.44079774536590255 0.7438453794050706 0.06832727611928177 0.05538472099021767
19 0.44880499717492484 0.695089360989219 0.07638543758467123 0.060527247298576906