30 0.3615132610407098 0.5406814536152744 0.04834164727484325 0.057522994985435005
30 0.41151326104070984 0.5421363050272002 0.04652405575957417 0.05435253087881246
24 0.607415692404258 0.5501858004083466 0.04652405575957417 0.05435253087881229
33 0.09965098982888246 0.5252309837026641 0.056281693032477806 0.05931281551854859
33 0.1542747169500652 0.5276034774344579 0.05315669303247779 0.05922188730530316
24 0.5591057381618925 0.5472139131030436 0.04652405575957417 0.05435253087881246
24 0.5091695110407098 0.5449778116911178 0.04665160151720862 0.05591503087881229
24 0.4608595567983443 0.5420059243858146 0.04665160151720862 0.05591503087881229
33 0.04099346695006519 0.5243073297043134 0.06265923879011234 0.0610571719450391
8 0.6983755322525371 0.5583142006457735 0.052901601517208796 0.056096887305303156
8 0.7467492593737198 0.5605048379510766 0.052901601517208616 0.056096887305303156
5 0.7936242593737198 0.561868761149757 0.051211555759574166 0.05448892319868044
26 0.2626133754347961 0.5338882328447342 0.04990414727484325 0.057568459092057725
3 0.2062358296771616 0.5338140250063177 0.05159419303247779 0.05917642319868044
3 0.3116408067983443 0.5376641022033486 0.04990414727484325 0.057568459092057725