31 0.60625 0.41171875 0.04453125 0.0578125
34 0.81875 0.41484375 0.05 0.05859375
13 0.26953125 0.40390625 0.0390625 0.0546875
26 0.8734375 0.41484375 0.05078125 0.05703125
15 0.4546875 0.4046875 0.04140625 0.0546875
15 0.3609375 0.40234375 0.040625 0.05546875
6 0.178125 0.40078125 0.0421875 0.05703125
26 0.9328125 0.4171875 0.0546875 0.05859375
16 0.50546875 0.4046875 0.04140625 0.05390625
7 0.22578125 0.40078125 0.04609375 0.05546875
33 0.76328125 0.4125 0.04765625 0.05625
30 0.5546875 0.4078125 0.04296875 0.05546875
32 0.7109375 0.4109375 0.04609375 0.05703125
32 0.6578125 0.409375 0.04609375 0.05703125
14 0.315625 0.4015625 0.0390625 0.05625
14 0.41015625 0.40234375 0.0390625 0.0546875
5 0.134375 0.39921875 0.0453125 0.0546875
4 0.08984375 0.39765625 0.05234375 0.05390625