25 0.3194447105595217 0.8447547029978892 0.07708456348717299 0.07293624203690499
25 0.3651259086947107 0.744868824086929 0.07720296265733602 0.07449874203690499
37 0.4634603553800072 0.545468792587485 0.06844326929603195 0.06154371572854593
37 0.5125033518555222 0.44227590315318094 0.07024256763635783 0.06475972099021768
37 0.4853362779953869 0.4928597320782587 0.07360436597668389 0.06806673151356132
25 0.34102463524949395 0.796051892488663 0.0772029626573361 0.07449874203690499
34 0.43845943276462745 0.5982598636200549 0.07360436597668389 0.06806673151356132
36 0.618508588582775 0.22376185060704964 0.07864706348717299 0.0730272472985769
29 0.6445275595384808 0.1678002769436438 0.07864706348717299 0.0730272472985769
37 0.538285524470902 0.3894393294897751 0.06868006763635784 0.06466871572854585
36 0.5902642667972321 0.2782974321629633 0.07528526514684693 0.06972023677523324
34 0.4122512076597367 0.6464544399142967 0.07528526514684697 0.06972023677523324
29 0.6714461796643497 0.11023070064940196 0.08548905933798814 0.0812037683452643
1 0.2970835358695495 0.8935030161379514 0.07708456348717307 0.07293624203690499
34 0.3905528837996014 0.696719750423523 0.07528526514684693 0.06972023677523324
36 0.5657485962564449 0.3349492505646974 0.07192346680652087 0.06641322625188958