11 0.5329677685204518 0.5344265814698035 0.07689111474138902 0.08474318114108108
11 0.6320423545764935 0.5999124944139196 0.07689111474138902 0.08474318114108108
11 0.5821144365484727 0.5671513442900851 0.07689111474138884 0.08474318114108108
27 0.6843685739912853 0.6351265564484129 0.07056837955902787 0.08132708271265762
27 0.7342783082237159 0.6671064565722473 0.07213087955902786 0.08139985731976367
8 0.2318195765567364 0.3370056561196905 0.08321384992375007 0.08815927956950462
29 0.7826255424561465 0.699013582088976 0.0800524823325695 0.08645123035529281
29 0.8341523280753478 0.7334100068199163 0.08165134992375016 0.08808650496239885
34 0.4307681824644101 0.4687951193114756 0.0800524823325695 0.08645123035529281
8 0.2809844283803475 0.37051166893997217 0.0864479526972918 0.09299232878371626
29 0.8864058123077785 0.7654990688544097 0.08953658510611114 0.09157537799792799
34 0.381603330640799 0.435289106491194 0.08481271751493065 0.08979455417661053
6 0.18032915852871553 0.3041717313887502 0.08477634992375008 0.0882320541766104
34 0.47987848290125046 0.4999573821317572 0.0800524823325695 0.08645123035529281
1 0.13190918911392385 0.26913960587202157 0.08165134992375007 0.08808650496239867
8 0.33087597881718783 0.4017103190638066 0.0800524823325695 0.08645123035529285