11 0.6485044675260053 0.906938371653737 0.08414890340856669 0.08138577886860787
11 0.602640768257354 0.7883927689805488 0.08091480925276535 0.07495376834526421
11 0.6239487524290415 0.8442409505788149 0.08571140340856669 0.08147678413027962
30 0.40031719439738733 0.26369441879702216 0.08091480925276531 0.07495376834526431
1 0.3461364346581547 0.1166975924321932 0.08096935633066593 0.07807876834526431
30 0.42076210795222374 0.31490060302612405 0.07778980925276531 0.07477175782192055
34 0.5631634366834544 0.6772956452606731 0.08091480925276535 0.07495376834526439
30 0.3830245543815013 0.2138687240445766 0.07935230925276535 0.07486276308359248
34 0.5844577840856665 0.7323625768589392 0.08253185633066593 0.07816977360693614
33 0.48204230153883226 0.46539415571342974 0.0777352621748646 0.07164675782192056
37 0.5403065892812421 0.6223197189240791 0.0730204886359143 0.06981124203690499
33 0.4623786379839959 0.41414246885349193 0.07932503571381488 0.07330026308359247
33 0.4419473611986346 0.36371753462439005 0.08091480925276535 0.07495376834526439
37 0.5190804257264057 0.5711590373258131 0.07461026217486459 0.07146474729857691
4 0.32650004464226867 0.06700840557225539 0.07622730925276536 0.07468075256024875
37 0.5001843754020942 0.5190805978350393 0.0730204886359143 0.06981124203690499
7 0.36575918790456563 0.16560552929213102 0.07932503571381497 0.07330026308359247