16 0.31480797893550816 0.5649294432948956 0.07871005183796279 0.07979790919430556
35 0.5614793444396288 0.4315850407501037 0.08040925287472209 0.08139677678548618
36 0.7065779394913883 0.34522670060999944 0.07687414976444433 0.07663654160312508
36 0.7565977718664808 0.3174458863054508 0.07687414976444415 0.07663654160312508
35 0.610005027333101 0.4046218440367356 0.07871005183796279 0.07979790919430556
41 0.807672256315092 0.2927718882053118 0.08027255183796278 0.07983427678548623
35 0.5110494089542584 0.45467835505465237 0.07871005183796279 0.07979790919430556
36 0.6572710065979159 0.37220808111895776 0.07687414976444415 0.07663654160312508
10 0.4618108265791657 0.4824409855636107 0.08040925287472209 0.08139677678548622
8 0.3680211618289804 0.5378571438079859 0.07687414976444433 0.07663654160312508
41 0.862311238171805 0.2641007211272215 0.08183505183796277 0.07987064437666672
9 0.41223049161217495 0.5062973660725691 0.07871005183796279 0.07979790919430556
16 0.2701201955236563 0.5910204710303123 0.07871005183796279 0.07979790919430556
16 0.22047151003828586 0.6140956015392707 0.08210845391148132 0.0829956443766667
1 0.17697507973671173 0.6448559454790971 0.08013585080120356 0.07827177678548622