1 0.39048968637549997 0.22265218984370957 0.19173402380771343 0.2017276419239656
14 0.6871753514773694 0.575810198018566 0.17916130093507637 0.18849959983059072
8 0.6693525681034904 0.7362772611586282 0.16505334913967823 0.1798680524755442
23 0.3378843994855796 0.7180703766330602 0.1728658491396784 0.1803230787839034
3 0.7259368278660479 0.253131561215098 0.1885817527304745 0.1968581314006219
12 0.5633231983775525 0.24306485842897024 0.18546584308955402 0.19823862087727823
15 0.37040951141287737 0.39809951087627954 0.17761698165323558 0.191533594568919
24 0.5237713816297946 0.5642264978632743 0.17759880093507655 0.18840859456891898
41 0.3588140021412993 0.5542963029696544 0.17602721057599685 0.18675508930724707
23 0.5439651860809124 0.4083104268307043 0.17759880093507635 0.18840859456891898
20 0.7127969993126289 0.41254435857014454 0.182322662371395 0.19493161035393453
38 0.5083014386149951 0.7261195531108287 0.16972266842151917 0.17701606826055957