19 0.190625 0.43515625 0.20859375 0.12578125
21 0.62421875 0.55703125 0.209375 0.128125
34 0.84140625 0.6859375 0.2171875 0.12890625
35 0.18671875 0.3125 0.19921875 0.121875
37 0.40546875 0.559375 0.20625 0.11171875
24 0.61796875 0.43515625 0.2125 0.12421875
8 0.19296875 0.55625 0.2140625 0.128125
24 0.61640625 0.31015625 0.2140625 0.1265625
34 0.39609375 0.3078125 0.20078125 0.10546875
23 0.8375 0.30078125 0.19609375 0.11015625
23 0.1859375 0.6828125 0.203125 0.11328125
28 0.40234375 0.684375 0.203125 0.11328125
15 0.62265625 0.684375 0.20703125 0.1140625
14 0.4015625 0.43359375 0.19765625 0.11796875
10 0.83828125 0.42890625 0.1984375 0.1109375
34 0.84296875 0.55625 0.20703125 0.11328125
34 0.84296875 0.6875 0.20078125 0.11015625