19 0.777490570203909 0.6171269927715255 0.23115437476889084 0.15913060206654456
21 0.3735939950519421 0.4264640686926656 0.23119983887551357 0.16069310206654458
34 0.18452679803407823 0.264399364166793 0.23910326708875887 0.16386355386194262
35 0.7591006198873399 0.7389156343602691 0.22159751834240016 0.15282605991206671
37 0.5890682308661772 0.4597543334251927 0.22605769780928675 0.14504083098930565
24 0.3575705267886843 0.5474850958200286 0.23423391066226812 0.1575862827847038
8 0.7973975564138553 0.4969099415418614 0.23588733887551355 0.16072037314378348
24 0.3359873803121811 0.671599306690613 0.23584187476889085 0.1591578731437835
34 0.5521064738065482 0.7095816166026798 0.21801787727617317 0.13718287919390768
23 0.11642503807145536 0.644536316060387 0.21659176959604132 0.141861288834828
23 0.8283329708370472 0.37363152282575474 0.22293269780928676 0.1450226502711464
28 0.615316145289369 0.3364486436318471 0.22288723370266403 0.1434601502711465
15 0.39912885563506795 0.30081008371978024 0.22766566191590928 0.14661242134838534
14 0.5698061023363626 0.5846634298343965 0.21681909012915454 0.149673788834828
10 0.13963888070789254 0.5180874455488821 0.2181542695960413 0.1418703791939077
34 0.1589464733443297 0.39161584913967834 0.22610316191590937 0.14660333098930572
34 0.18303249419401224 0.2620465238077133 0.22127926959604133 0.1418885599120669