31 0.29609375 0.73203125 0.1671875 0.17265625
8 0.46796875 0.24140625 0.1609375 0.153125
32 0.2984375 0.4046875 0.1625 0.16171875
31 0.64140625 0.23984375 0.1546875 0.153125
9 0.63828125 0.4046875 0.16171875 0.1609375
11 0.471875 0.5671875 0.1671875 0.16796875
9 0.64609375 0.7359375 0.1703125 0.17421875
37 0.3046875 0.5640625 0.1671875 0.16640625
37 0.309375 0.24140625 0.16015625 0.15234375
17 0.46875 0.4046875 0.16015625 0.1609375
31 0.64296875 0.56953125 0.15703125 0.1578125
4 0.47109375 0.734375 0.16640625 0.17421875