31 0.47186278435583767 0.7717007531002776 0.2388817345801019 0.2554966738647796
8 0.31693192818407645 0.2883465692867431 0.22158515027114642 0.23544428299298642
32 0.2788587146812134 0.5239414497855742 0.22945219242562417 0.24541127884380137
31 0.4550455274219507 0.17245869231239702 0.21687946955298726 0.2319640854824973
9 0.5511433017206433 0.2987116937622895 0.22788060206654456 0.24373037967363853
11 0.5146507689359396 0.5310631750909576 0.23574764422102237 0.2536973755244535
9 0.7550985069338869 0.5432984528858519 0.24203400565734084 0.2604209722051056
37 0.3789218263139237 0.6397422033100592 0.234166963502863 0.25045397635429045
37 0.1898149162802198 0.3932494020699481 0.22002265027114648 0.23532588382282338
17 0.41539163320092837 0.41129697198139115 0.22474651170746487 0.24193108133331234
31 0.6535183470965749 0.41980359853152993 0.22159424063022612 0.23700678299298641
4 0.6138689980550923 0.6578606282005239 0.23889082493918146 0.25705917386477956