17 0.6599267342198502 0.2675085563393024 0.11975803756616052 0.1873082945496865
36 0.6610396121670092 0.08882435097357785 0.11982170456235508 0.1776487019471557
19 0.4466494372993305 0.45814875816577183 0.11580536661563348 0.1667407030344174
24 0.4429248484012069 0.8284293072573863 0.12294670456235508 0.18912588606495567
16 0.5452646453217266 0.6468448542229688 0.11982170456235508 0.1888707945496865
25 0.44489198323126705 0.28035859801405094 0.11338070357377181 0.18367311151914842
11 0.3383873152464895 0.28278170953319937 0.12438187056996615 0.18612843182259012
18 0.55267264973317 0.27077669073726807 0.11500687056996632 0.18536315727678296
22 0.5499747781746205 0.08914405346436442 0.10381470258518863 0.1782203369733412
20 0.6521367278312407 0.6342017198250032 0.10531353558899426 0.17678538273097572
15 0.3335816818993041 0.8381387602918038 0.11188187056996624 0.1851080657615139
14 0.3371019768426575 0.6552146899883621 0.11357170456235507 0.18836061151914835
16 0.3358074377936221 0.4695482569578239 0.11162720258518863 0.1788580657615139
11 0.4434064431936485 0.09066551885627445 0.10088070357377195 0.1813310377125489
33 0.33718827669174567 0.09945902650266122 0.10706703657757739 0.18160042848861027
40 0.4418531438388519 0.6482316242268482 0.10381470258518863 0.17822033697334128
3 0.5455232663859845 0.8263250601323243 0.09887253460041112 0.17158769970043758
2 0.6503381003783733 0.8209044943708104 0.10368736859279988 0.175095336973341
38 0.6581599402650801 0.4549925808851095 0.10550453657757738 0.18147288273097573
20 0.5502201062726912 0.4606682381618925 0.09887253460041112 0.17158769970043758