24 0.7538333742928716 0.6186821141534129 0.23327095792955604 0.1562492720436282
6 0.27058419569641057 0.4674981284802454 0.2243658514929388 0.14007796882531948
40 0.7404760786161315 0.4832527125442586 0.24308300050420292 0.16315483590559854
35 0.7333141526175605 0.3474791035097512 0.2460987398605413 0.161810857192922
12 0.5357057231879203 0.7456988101787996 0.24544317599857096 0.152435857192922
13 0.7750578002914426 0.7554390689808759 0.23228761213660043 0.1421867720436282
34 0.3058379067280598 0.7381766152386937 0.2232403940675857 0.14621870818165766
29 0.5246921775111802 0.6104332995351378 0.22905335149293898 0.14040575075630457
31 0.5067566424781018 0.47623861599499834 0.23083437278026225 0.14364001139996638
12 0.4901650861577001 0.3390281930985205 0.2264746547112475 0.14799972946898113
9 0.2518674106633322 0.33324881461827505 0.22916261213660052 0.14196825075630465
22 0.2860667200858272 0.5999664210548923 0.22371028763096837 0.13070296882531948