34 0.68125 0.565625 0.16328125 0.165625
26 0.34375 0.25078125 0.15703125 0.1515625
39 0.6921875 0.72890625 0.165625 0.16875
14 0.51796875 0.40859375 0.1609375 0.15703125
13 0.67890625 0.40234375 0.1625 0.1609375
33 0.52109375 0.565625 0.165625 0.1640625
9 0.3515625 0.72890625 0.16875 0.16953125
36 0.35078125 0.4078125 0.1546875 0.15703125
33 0.35078125 0.565625 0.16328125 0.16328125
11 0.675 0.25 0.15703125 0.1546875
13 0.5234375 0.7296875 0.16640625 0.1703125
38 0.51640625 0.24765625 0.153125 0.15078125