10 0.36349025468536056 0.648464085932374 0.23958665188677947 0.2422988824329643
29 0.5928080301538966 0.705447620495604 0.23310933135366607 0.23423171444818677
15 0.19087843494366993 0.3589744574909235 0.24601850831327016 0.24880355041774188
20 0.5072151741231172 0.5630147227767817 0.23958665188677947 0.2422988824329643
34 0.44513139660951717 0.7926186511416825 0.23310933135366607 0.23423171444818677
40 0.4294802821989606 0.41870099007698725 0.2444105442066476 0.24717738342154755
22 0.5890802542231421 0.32402120695945086 0.23958665188677947 0.2422988824329643
38 0.28175818454795853 0.5074345207230657 0.24284804420664755 0.2471137164253531
17 0.5137345764056083 0.17804947376536484 0.2475810083132703 0.24886721741393628
8 0.3424613184880494 0.2716442593543591 0.24918897241989288 0.25049338441013075
37 0.6684685743605441 0.4651462726630509 0.23632525956691133 0.23748404844057552
16 0.7540386983380121 0.6083604203818733 0.23467183135366607 0.23429538144438117