26 0.46796875 0.74921875 0.16875 0.17109375
29 0.3 0.57890625 0.17265625 0.16640625
33 0.63984375 0.58203125 0.165625 0.165625
18 0.465625 0.25546875 0.159375 0.1546875
19 0.64296875 0.74765625 0.16796875 0.17421875
25 0.6375 0.25390625 0.1515625 0.15546875
16 0.4640625 0.58671875 0.16171875 0.16640625
23 0.2953125 0.25625 0.1578125 0.153125
12 0.46875 0.41875 0.1640625 0.1625
28 0.3015625 0.753125 0.17421875 0.17265625
18 0.2984375 0.4171875 0.16640625 0.16328125
40 0.63671875 0.41875 0.1625 0.16484375