26 0.4983852711788869 0.7721962551672865 0.18018290815498564 0.18627575599585597
29 0.3201740399835054 0.6000557737785364 0.18312605172849494 0.1801713052100677
33 0.6597677373970807 0.6072905008240603 0.17687605172849494 0.17988020678164424
18 0.46451009553943107 0.27831782257846327 0.16869983887551337 0.16701633374611502
19 0.6731579506457736 0.7725345111631425 0.18027383636823108 0.18940075599585598
25 0.6361577750063176 0.2785105293601076 0.1609328029821361 0.1682149607105857
16 0.4843047361434395 0.6100408575246513 0.17375105172849495 0.1797346575674325
23 0.29437945196592175 0.2766353904039248 0.16709187476889084 0.16538105913900916
12 0.47783211262818986 0.4412180829175455 0.1752226235152495 0.17668243217453852
28 0.3322745378719344 0.7746020095105127 0.18643290815498564 0.18656685442427942
18 0.30765600494805795 0.4379731507430071 0.1767851235152495 0.1767552067816443
40 0.6456417382550106 0.44357260318142516 0.17375105172849495 0.17973465756743257