29 0.5828297919331484 0.475562688159836 0.22727680653075488 0.16890589605020362
27 0.34124996025946824 0.27278335132890275 0.23212799763774727 0.17389378469915154
38 0.1229439043616857 0.3187326087301584 0.23837799763774728 0.17429430289774883
22 0.35256442777533065 0.39521955583240953 0.2302381154237622 0.16441865514950224
26 0.8250867246026206 0.5473423488648926 0.23190974282842375 0.1676437846991515
9 0.7742286405666876 0.17332266040051478 0.22511410580511537 0.15161826650055427
41 0.7870237625290537 0.29800248535437224 0.2156845421027846 0.14945498920265834
40 0.8021626344914198 0.42253211598375573 0.22048116950744615 0.15288037785160635
33 0.5526611754130779 0.22337842690106907 0.21735616950744613 0.1526801187523077
30 0.13654755817521724 0.44258111890919116 0.2220436695074462 0.1529805074012557
27 0.15174099383991418 0.5655482495385746 0.2202083509957919 0.1450678778516064
31 0.3677032997376967 0.519749186461793 0.20948910580511537 0.1506169710040611
22 0.34852176851950356 0.3993761297065328 0.20787204210278443 0.14895434145441175
22 0.5669369518219478 0.3503018723052772 0.21255954210278444 0.1492547301033597
13 0.17005942950461117 0.6883151210686596 0.21379465988879928 0.139979859653009
28 0.387475107997732 0.6455409284422285 0.20943454210278442 0.1490544710040611
29 0.6036283868536725 0.5942731153654469 0.210778787293461 0.14290460055371046