32 0.3632839576970316 0.8014109464326449 0.21756936364518023 0.23552947560311138
18 0.84306537635288 0.28089689589035194 0.22576450091808375 0.24026242739850953
41 0.4850945401284449 0.610167802015231 0.23590477546389116 0.2496919695529872
10 0.25856437785069214 0.7450160215682182 0.23759482122152562 0.2512635599120667
27 0.27453929058748683 0.491918292645457 0.21562422637227668 0.23083288524403187
32 0.521413001207948 0.10969212080609236 0.2227989975841041 0.21938424161218473
16 0.594182755580698 0.6704417058024188 0.23421472970625654 0.24812037919390767
31 0.5041944528652396 0.35705189237431056 0.2323971381909875 0.24498628883482798
13 0.627296468327191 0.1595542027773567 0.2191318636451804 0.23553856596219105
16 0.14641493527725627 0.6839790484991896 0.2191318636451803 0.23553856596219108
33 0.39907626029180376 0.2959740126894236 0.20768418061464225 0.22922493344863382
1 0.37887623316092267 0.5530007175098838 0.20742908909937308 0.22609993344863372
30 0.6110664640751272 0.4157769317001179 0.21042654334173855 0.22455561416679296
11 0.7329408193853578 0.2237525372827039 0.2122441348570076 0.22768970452587256
28 0.46964578587638106 0.8663859857584523 0.19260131455356594 0.21664312021691715
12 0.7175558380121113 0.47918947102592524 0.2071739975841039 0.22297493344863373