17 0.83359375 0.30703125 0.2203125 0.13125
28 0.83203125 0.44296875 0.2171875 0.1140625
37 0.6171875 0.70625 0.22265625 0.13125
41 0.6078125 0.57578125 0.22265625 0.13046875
36 0.1515625 0.32109375 0.2109375 0.1265625
21 0.16171875 0.45390625 0.2125 0.1265625
21 0.846875 0.709375 0.22890625 0.13203125
23 0.3921875 0.70703125 0.221875 0.12890625
37 0.1578125 0.5765625 0.20546875 0.1125
20 0.378125 0.57734375 0.2140625 0.128125
25 0.37265625 0.44609375 0.20625 0.1109375
10 0.159375 0.70859375 0.21484375 0.12734375
18 0.6015625 0.44765625 0.203125 0.12109375
38 0.36953125 0.31953125 0.21640625 0.11796875
14 0.83671875 0.57109375 0.20859375 0.1125
26 0.5953125 0.31171875 0.1953125 0.109375