17 0.13359375 0.3882513517635938 0.2453125 0.264418783355371
28 0.23515625 0.30373026684702764 0.2296875 0.24953741180407354
37 0.575 0.30513447308774866 0.2453125 0.265981283355371
41 0.484375 0.39491626809022307 0.2453125 0.265981283355371
36 0.6 0.8915373436787644 0.2359375 0.21692531264247145
21 0.6921875 0.8183072597224801 0.2359375 0.2545524604245927
21 0.4234375 0.13781641904016276 0.25 0.24435194482076034
23 0.72578125 0.47944283355776973 0.24375 0.2627743962002413
37 0.7859375 0.7443142390302653 0.221875 0.23975297602842466
20 0.6390625 0.5725543464480685 0.2390625 0.257841234734852
25 0.5453125 0.6590473671402834 0.2203125 0.23967108887329508
10 0.88125 0.65946560549318 0.2375 0.25775934757972224
18 0.39296875 0.4799696195151326 0.2265625 0.24468613749381393
38 0.453125 0.741716024987628 0.2328125 0.25126368611433314
14 0.32734375 0.21949910899968303 0.2234375 0.2429598631835545
26 0.29609375 0.570986365897088 0.2125 0.22988665309764614