17 0.09656637393163713 0.6498717906666562 0.19313274786327425 0.25911858133331245
36 0.3808580739457546 0.3050733892214081 0.267215405007558 0.2878122663962469
37 0.5351096033084728 0.7554080437901559 0.25885687343752684 0.2778452705454317
23 0.5921610530402415 0.4764551722143945 0.2621638839608707 0.28120706888575775
40 0.32949518209237616 0.5671939583076586 0.24902684712916773 0.2693223755244535
31 0.17339855858426204 0.7413390854824973 0.24241282608248033 0.2625987788438014
18 0.5350358816829706 0.1504003124614878 0.2518032366340588 0.2368650730349427
20 0.49229683190884954 0.38570992781347185 0.24562883134415206 0.2643980771841276
27 0.27381651656147443 0.8360497794685016 0.2671243997458862 0.28624976639624683
21 0.38061327715540527 0.8945340178461393 0.25896328925077744 0.2109319643077213
33 0.4360189269012914 0.6513815493892332 0.2606013839608707 0.2810886697155947
41 0.8548801318947319 0.3982755857062119 0.23405429451244908 0.2526317829929864
14 0.6952944873399305 0.5784339145407247 0.23588981029746492 0.25743768216314944
8 0.7519819160250119 0.30573104296496323 0.2390148102974649 0.2576744805034755
38 0.6465124370011122 0.21691515146847004 0.23745231029746475 0.2575560813333125
19 0.23041221096098416 0.4765079134918174 0.2389238050357929 0.2561119805034755