17 0.8873791065958926 0.389203055638888 0.22524178680821477 0.2612237687959313
36 0.6590028581438239 0.7643633259326313 0.25321500702931327 0.2899545466757184
37 0.4154260626536658 0.3304355097120756 0.245038633993784 0.28150431788754576
23 0.41773354114693184 0.6139176894086338 0.24667390860088995 0.2831943636451804
40 0.6551521503287223 0.4978773275996214 0.23529976095825483 0.27292654334173855
31 0.7708733879227255 0.30886223821038417 0.22875866252983137 0.2661663603112004
18 0.5422627760503387 0.9063769010678652 0.23987594499482015 0.18724619786426971
20 0.5343260357702484 0.6942585068371376 0.23188366252983136 0.2664214518264695
27 0.6533177067816442 0.22455139790306305 0.25321500702931343 0.2899545466757184
21 0.5311665709258334 0.15854414744402115 0.24358314185166688 0.25025431788754576
33 0.533418391437382 0.42412135001939666 0.2467466832079957 0.2847568636451804
41 0.17820662241184754 0.7181117554600117 0.2205095148871962 0.2561536315230278
14 0.29672537427387435 0.5223205075860438 0.22229033870851378 0.2609686772806622
8 0.2972156416422699 0.8002063915249675 0.22541533870851377 0.2612237687959314
38 0.4191677243549276 0.8740508787930219 0.22385283870851377 0.2518982424139562
19 0.7701821449520387 0.5780905992704906 0.22683228949430223 0.2582263145535659