19 0.8773093959947676 0.44121677235378504 0.08027255183796278 0.07855224687674216
19 0.8249068573991195 0.4587178897420319 0.0734757476909258 0.07226588544042353
41 0.6677675921305546 0.5120024919067723 0.07035074769092589 0.07224770472226431
41 0.5675816644208785 0.5461962056060271 0.06722574769092589 0.0722295240041051
19 0.9312060840720362 0.4229253146064587 0.08027255183796278 0.07855224687674198
41 0.6174354014613879 0.5263649737563997 0.06552654665416639 0.0706579336450254
13 0.20850804373296167 0.6678773255283568 0.07374914976444431 0.07539088544042354
40 0.4641340356744433 0.5788456000234412 0.0686515466541664 0.0706761143631848
13 0.2577172318102302 0.6496131388582691 0.0734757476909258 0.07226588544042353
39 0.7199650791710639 0.4921576245185255 0.07062414976444434 0.07537270472226432
13 0.3601785590015266 0.6146245396203949 0.0703507476909258 0.07224770472226431
40 0.5172494737517119 0.5605586874556545 0.06865154665416658 0.0706761143631848
40 0.41251274707879515 0.5963421722321481 0.07035074769092571 0.07224770472226431
39 0.7725043188034714 0.4762190071302787 0.07062414976444434 0.07537270472226432
7 0.15675005410055426 0.6838113977370637 0.07701085080120355 0.07697156615858276
13 0.3110377214426377 0.6336699762904825 0.0687882476909258 0.0722386143631848