19 0.8375 0.559375 0.05546875 0.06171875
19 0.78125 0.5578125 0.05 0.06015625
41 0.6109375 0.5546875 0.04609375 0.059375
41 0.50234375 0.553125 0.04375 0.0609375
19 0.89609375 0.56015625 0.05703125 0.0625
41 0.5578125 0.5515625 0.0421875 0.05859375
13 0.1140625 0.5453125 0.05 0.0625
40 0.39140625 0.5484375 0.0453125 0.059375
13 0.16796875 0.5453125 0.04921875 0.06015625
39 0.66796875 0.55390625 0.046875 0.0625
13 0.27890625 0.546875 0.04609375 0.06015625
40 0.44921875 0.54921875 0.04609375 0.0578125
40 0.3359375 0.54765625 0.046875 0.06015625
39 0.72421875 0.55625 0.04765625 0.0625
7 0.05859375 0.54296875 0.05390625 0.06328125
13 0.225 0.5484375 0.0453125 0.0609375