11 0.5049463804433788 0.44445224482820433 0.08285074769092589 0.07544095574818713
15 0.6710572704058784 0.6622669451997079 0.08128824769092588 0.07536818114108108
15 0.5687832879835175 0.533790880684015 0.07449144354388863 0.06882708271265763
10 0.5359127079174991 0.48713205045255686 0.07945234561740726 0.0721704065339754
12 0.47506409934060106 0.39637646381095765 0.07775314458064812 0.07053513192686944
1 0.7686143585304153 0.7990820485905299 0.0897842528747221 0.08354455417661058
13 0.733536729501156 0.7538765564484129 0.07775314458064812 0.07053513192686936
13 0.6383233913766192 0.6171706149682494 0.07945234561740726 0.0721704065339754
38 0.34782978166842554 0.21382932940288885 0.06613213939685174 0.06221320967712849
38 0.31288885367592567 0.1701863372607717 0.06769463939685175 0.062285984284234264
36 0.4114322433556013 0.3093815779551468 0.0727922425071295 0.06719180810555195
14 0.6063024118289804 0.5713294220403441 0.07945234561740726 0.0721704065339754
36 0.4426719729032401 0.3551863835794993 0.0743547425071295 0.06726458271265771
14 0.7031466004718968 0.7088893881276132 0.07945234561740726 0.0721704065339754
36 0.3831124622528236 0.261378571545006 0.07109304147037018 0.06555653349844608
4 0.7968657891148133 0.8463038050006707 0.07788984561740726 0.07209763192686935