16 0.39259666153326184 0.4852322593889065 0.08732143992586625 0.08535679201145392
16 0.5267038214220612 0.3601788100731785 0.09055556733052797 0.08851815467854482
16 0.264903192751455 0.6056709340388163 0.0857043762235353 0.08377611067790873
15 0.346674037123825 0.5245578413828613 0.0857043762235354 0.08377611067790855
35 0.7721701219623661 0.13481737277208605 0.10025794954451292 0.09800224267981758
14 0.30387641271438814 0.563919786043907 0.0857043762235353 0.08377611067790855
14 0.43240569519852584 0.44192770206077 0.0857043762235353 0.08377611067790873
35 0.7213144608924404 0.18111966076540453 0.09540675843752063 0.09326019867918123
15 0.47743794220330094 0.40571802940004237 0.08732143992586625 0.0853567920114541
15 0.22143344574667995 0.6418987880330894 0.08085318511654283 0.07903406667727228
40 0.6728571135248457 0.2258867207590412 0.0937896947351895 0.09167951734563581
40 0.6195758569014236 0.2745054867520415 0.08893850362819719 0.08693747334499946
40 0.5727082913849942 0.31850947807922364 0.09378969473518968 0.09167951734563573
6 0.10031735917885835 0.7530351880171811 0.07600199400955021 0.07429202267663584
6 0.13985357433246803 0.7175431306890444 0.08893850362819707 0.08693747334499946
14 0.179471635039574 0.6797073233609078 0.07761905771188107 0.07587270401018138