36 0.671150735702725 0.33499809142263226 0.13605419961943924 0.15775905068427196
22 0.35323501832596976 0.48591296471195244 0.15406937056996622 0.17827154535327186
39 0.40926081973229483 0.730199314051543 0.13917919961943923 0.15779541335136288
23 0.28027236220419033 0.5350402607017711 0.1489362015966055 0.16727950135263542
39 0.4809474773369491 0.688085086728179 0.14255886760421674 0.16408177601845358
40 0.5948402450942651 0.37862027474536003 0.13917919961943923 0.15779541335136277
40 0.4347423449039848 0.4548453253898611 0.1391791996194392 0.15779541335136282
36 0.7521487263111848 0.2914304521005408 0.1410600346004111 0.16562609468490824
29 0.623331295512007 0.6179009507479053 0.137744033611828 0.16090223201781734
39 0.33637907665237704 0.7621482007081344 0.1439303666156336 0.15941245735199913
29 0.7682816981737455 0.55321283676795 0.13599053262324468 0.1561965506842718
29 0.6937419545995361 0.5827997920909957 0.14255886760421674 0.16408177601845358
24 0.19895603661475852 0.5707954000238626 0.15556820357377185 0.17672722668681723
40 0.5141778355124446 0.4112595047342242 0.14086903361182798 0.16093859468490823
29 0.5572725553978388 0.6639850627386785 0.13768036661563343 0.15933973201781731
2 0.8424394397707884 0.5142508814449039 0.14568386760421675 0.16411813868554467