31 0.35703125 0.4453125 0.05234375 0.0625
30 0.759375 0.45234375 0.05703125 0.065625
31 0.81875 0.44921875 0.0609375 0.06796875
33 0.64140625 0.4484375 0.05234375 0.0640625
33 0.47109375 0.4484375 0.05234375 0.06484375
33 0.58359375 0.44453125 0.05 0.0625
30 0.87890625 0.46015625 0.0625 0.0640625
27 0.18671875 0.45078125 0.04609375 0.06171875
7 0.13046875 0.45390625 0.05078125 0.06328125
30 0.9421875 0.4609375 0.06875 0.06640625
33 0.528125 0.4453125 0.05 0.06328125
29 0.30234375 0.44453125 0.05078125 0.0609375
28 0.2421875 0.446875 0.04765625 0.0609375
32 0.4109375 0.44765625 0.05234375 0.0609375
29 0.696875 0.45 0.053125 0.065625
0 0.075 0.45546875 0.05546875 0.0625