7 0.4745255370140045 0.9416780944096932 0.09910274122451135 0.08050985376405215
20 0.5834432666265404 0.5013316201128557 0.10066524122451134 0.08057352076024671
23 0.5421005157686106 0.6627346937251211 0.10379024122451135 0.08070085475263547
22 0.5289844018202725 0.7215048572612744 0.10061977711788864 0.07901102076024671
20 0.568605528305023 0.5545693666528146 0.09744931301126591 0.07732118676785796
24 0.5562024681967508 0.611027613687065 0.10222774122451135 0.08063718775644109
19 0.6404050058059877 0.28672263345872856 0.1054891335443795 0.08545202174882985
19 0.517271663498755 0.7748699377936221 0.10218227711788863 0.07907468775644091
20 0.597499754948058 0.44806204007479966 0.10227320533113407 0.0821996877564409
18 0.6256127315910929 0.34152287999868747 0.10388116943775678 0.08382585475263546
17 0.6124056894295095 0.3971680435348407 0.10227320533113407 0.08219968775644108
18 0.6537257082341279 0.23498371992257527 0.10061977711788864 0.07901102076024662
18 0.5017663354437942 0.8319821008354837 0.10061977711788864 0.07901102076024671
18 0.6677821965556454 0.18171413988451918 0.09588681301126592 0.07725751977166348
17 0.4877098471222768 0.8852516808735398 0.09432431301126591 0.0771938527754692