37 0.5785385838338137 0.38963028592459437 0.08874325256024881 0.07598179201145401
38 0.5517702284592024 0.5072086845958215 0.06724768415851479 0.055432934675363296
8 0.4892673123636033 0.8300291139401846 0.0707367052052021 0.06171929734245403
36 0.5665537943006876 0.4523120992600488 0.07716871572854593 0.06491702267663584
8 0.4980738939901041 0.7798927539385938 0.0773507262518894 0.06804202267663584
12 0.5057352045699176 0.7235154846037756 0.07873121572854576 0.06493520401018138
38 0.5377679126177172 0.5620961792648214 0.07028167889684286 0.05390679734245403
35 0.5776593523202523 0.3208439232575035 0.0921412683452644 0.08070565467854492
35 0.5857833944842143 0.25898881325591266 0.0851632262518894 0.0681329293443631
40 0.6139014182323248 0.19142859591823105 0.08369173151356132 0.06967724801081765
29 0.5262003520379037 0.6185189019335031 0.08176521046687384 0.06340906667727228
33 0.5159222756730747 0.6702359432686393 0.07716871572854575 0.06491702267663584
24 0.484685499152954 0.8855887706079117 0.08387374203690498 0.07280224801081765