11 0.2363536354367358 0.4782376428552598 0.055612013335919565 0.06962275324641087
10 0.2783657922544768 0.4907064151763942 0.05248701333591956 0.06956820616851012
12 0.6587232298269428 0.5849702528360785 0.05430460485118864 0.07272047970746058
12 0.61417600437275 0.5748043202065187 0.05586710485118864 0.07274775324641106
14 0.15350918452835022 0.4580148717519414 0.052742104851188645 0.07269320616851012
16 0.4423008754347961 0.5334684338440805 0.05092451333591956 0.06954093262955982
15 0.11240582346824377 0.4439972362002823 0.0526145590935541 0.07113070616851011
16 0.5269629178584507 0.5505934784863493 0.05417705909355419 0.07115797970746059
16 0.4870394195254407 0.5412906164736404 0.05248701333591956 0.06956820616851012
13 0.19421393286136027 0.46733137053412543 0.05248701333591956 0.06956820616851012
12 0.5695650060397399 0.5654196375769588 0.05586710485118864 0.07274775324641088
11 0.40113374149587244 0.5202320482924214 0.05404951333591956 0.06959547970746058
4 0.8410097002801656 0.6233584172016938 0.0660073793969957 0.08228639448011296
0 0.7944375892200594 0.6092453242637085 0.06237219636645754 0.07598184740221221
11 0.35893026604167966 0.510107025971287 0.05404951333591956 0.06959547970746058
9 0.31881544907221776 0.5031479139585782 0.05404951333591956 0.06959547970746058
31 0.8504811976950919 0.8715328644417502 0.03635183030538158 0.06304547077900687
31 0.8337721876931521 0.9228771761301475 0.03934928454774678 0.06153751785690744
2 0.749762818008232 0.6006418916341486 0.0641897878817268 0.07913412094116268
3 0.7050880467964047 0.5920384590045887 0.06613492515463033 0.08384889448011297