35 0.7576011264212987 0.12427426054671624 0.34716196828879475 0.14498085795222376
35 0.7375924633094714 0.17241175161826253 0.3169284367187636 0.13508766071216732
35 0.7145953080901519 0.2181509456119081 0.30424642619541975 0.13174447240056458
35 0.6861749055016683 0.26301343221922746 0.3153659367187636 0.13506038717321703
36 0.6623054950206768 0.3103014894433979 0.3184909367187636 0.13511493425111762
36 0.6330128371705215 0.3567128392812421 0.3249229472421071 0.13834902840691896
36 0.6183819187970222 0.40650828773911457 0.3184909367187636 0.13511493425111762
36 0.5938677662085385 0.45143895819380975 0.31536593671876345 0.13506038717321692
37 0.5799725952042035 0.5020292934211574 0.3153659367187636 0.13506038717321706
37 0.5654781847232121 0.5494809918790299 0.31849093671876344 0.1351149342511178
37 0.5409640321347284 0.5944116623337251 0.32317843671876345 0.13519675486796867
37 0.5141516321770807 0.6385201724799948 0.3263944419804353 0.13681380194586942
38 0.4904187295885971 0.6834644797041654 0.3215249314570917 0.13360698132901838
38 0.4705465743692776 0.7292582207757116 0.33778696828879456 0.14481721671852163
41 0.45219141651912215 0.7758604853862081 0.331263952503779 0.1400206225627203
41 0.4352622507764588 0.824833773535655 0.3121499314570916 0.13344334009531628
41 0.4084043481879752 0.8697235336819247 0.32170694198043537 0.13673198132901837
41 0.38627944823032756 0.9139138644450455 0.34238346302712264 0.14333653733537305