4 0.8893495292562207 0.7312313155831476 0.09572739926336596 0.09998006784239592
20 0.8035652125442585 0.6706456976498947 0.08893109604505725 0.0918400192218769
17 0.41260245089219066 0.3947404534156459 0.08213479282674854 0.08369997060135788
19 0.5827178449597763 0.5175560764372815 0.08213479282674854 0.08369997060135788
17 0.3681204773752942 0.36413890660414927 0.07890053218308672 0.08197369629109837
17 0.6709005419935693 0.5788001136378398 0.08547831411407199 0.08698874491161739
20 0.7153825155104657 0.6094016604493364 0.08893109604505725 0.0918400192218769
22 0.32654498257107434 0.330248585482393 0.08893109604505715 0.0918400192218769
20 0.7598644890273623 0.6400032072608332 0.08725933540139544 0.09019563206674697
25 0.4569751637654253 0.4237795002271426 0.08725933540139544 0.09019563206674715
23 0.2860785196978396 0.3010048207830719 0.09049359604505716 0.09192190637700666
24 0.49989463728232175 0.4544629341937691 0.08402507475773362 0.08846935775648745
18 0.6263093078330111 0.546636066826343 0.08391581411407198 0.08690685775648746
23 0.5411423501555565 0.4836657553155252 0.08547831411407181 0.08698874491161739
24 0.24394029618094315 0.2702804432388806 0.08725933540139544 0.09019563206674715
21 0.2906881541301698 0.7257525152651481 0.09685285668871887 0.09381195499752551
2 0.8473751967048166 0.7028506880389563 0.09071211733238087 0.09504690637700666
9 0.17943394385482514 0.6821839789691009 0.11033620248167449 0.10852955223856356