35 0.08828125 0.528125 0.0390625 0.3484375
35 0.13828125 0.525 0.040625 0.353125
35 0.1875 0.52578125 0.03984375 0.334375
35 0.2375 0.53125 0.04375 0.3453125
36 0.28984375 0.528125 0.03984375 0.328125
36 0.3390625 0.54296875 0.040625 0.34765625
36 0.3890625 0.53515625 0.0390625 0.36328125
36 0.4390625 0.54296875 0.04140625 0.346875
37 0.48671875 0.5328125 0.04140625 0.32734375
37 0.5359375 0.53203125 0.0390625 0.3765625
37 0.58359375 0.53359375 0.03984375 0.359375
37 0.63203125 0.53828125 0.0421875 0.36875
38 0.68125 0.5328125 0.040625 0.346875
38 0.7296875 0.53984375 0.04375 0.3609375
18 0.7796875 0.53828125 0.0421875 0.3484375
18 0.82890625 0.54296875 0.04296875 0.34765625
18 0.87578125 0.54140625 0.03984375 0.34453125
18 0.92421875 0.5453125 0.03828125 0.33203125