14 0.8736625175732833 0.7002864034696252 0.08158394789030439 0.11004024122451135
14 0.8133799890372361 0.7125758033113405 0.07838617328319834 0.1083868130112661
11 0.41863687737424626 0.7970534740692455 0.07994867328319835 0.10843227711788864
14 0.9277314334128836 0.688596397201419 0.08158394789030403 0.11004024122451135
13 0.5329883217498937 0.773074067959324 0.07838617328319834 0.10838681301126592
13 0.5918175121965998 0.7630829540109858 0.08009422249741008 0.1115572771178888
8 0.24943526715899855 0.832700154394062 0.07838617328319834 0.10838681301126592
13 0.47583079321384647 0.7854543960142848 0.07682367328319835 0.10834134890464338
10 0.3623333734453048 0.8110190341775176 0.08158394789030421 0.11004024122451135
9 0.3074832076057047 0.8226863083924126 0.07994867328319835 0.1084322771178889
11 0.7007002065722473 0.7389444235278848 0.07845894789030403 0.10994931301126591
11 0.7594566224118475 0.7273908095795468 0.0784589478903042 0.10994931301126591
11 0.6441419915184354 0.7474412336361571 0.08002144789030421 0.10999477711788863
8 0.1915328759265042 0.8458390003957114 0.07526117328319834 0.10829588479802074
5 0.9731657880465601 0.6747217653063922 0.05366842390687978 0.11160274122451135