29 0.5453596010840276 0.18643786165559384 0.0769329383600926 0.06241845928386876
33 0.6359605175311563 0.5915549606681447 0.07706963939685174 0.0639809592838688
33 0.5965679524508789 0.41656545264858025 0.07720634043361105 0.0655434592838688
0 0.5194820233270833 0.06824906615910063 0.07958904665416658 0.07501858883351809
29 0.5558179389257404 0.24381956507936647 0.07523373732333312 0.060755829734219446
35 0.7187298101328222 0.9604341710317478 0.07890554147037036 0.06720608883351815
35 0.7033105702175909 0.8996270789590272 0.0757805414703702 0.06700582973421945
34 0.6102196408109715 0.4749286651716515 0.07550713939685175 0.06388082973421945
29 0.5709637767674532 0.3015016571520871 0.07523373732333312 0.060755829734219446
27 0.6776674383136096 0.7752383482373585 0.07652283524981467 0.0577309592838688
34 0.6489676569280081 0.6514306084163913 0.07706963939685174 0.0639809592838688
27 0.6653731983983783 0.7146315152639365 0.07665953628657399 0.059293459283868796
27 0.690742928228841 0.8358952459856053 0.07835873732333312 0.06095608883351815
4 0.5291591111687961 0.1255807048080486 0.07523373732333312 0.060755829734219446
32 0.6230900791710638 0.5332418129198981 0.07550713939685175 0.06388082973421945
32 0.583765864609166 0.3590335549003337 0.07550713939685175 0.06388082973421945