29 0.16171875 0.4140625 0.0484375 0.06484375
33 0.5671875 0.421875 0.05078125 0.0640625
33 0.3921875 0.41875 0.0515625 0.0640625
0 0.04375 0.4109375 0.0609375 0.0640625
29 0.21875 0.4171875 0.04765625 0.0640625
35 0.9359375 0.42890625 0.053125 0.065625
35 0.875 0.4296875 0.05234375 0.06171875
34 0.45 0.41953125 0.05 0.06328125
29 0.2765625 0.41640625 0.046875 0.0640625
27 0.75078125 0.425 0.04453125 0.06640625
34 0.6265625 0.4234375 0.04921875 0.06484375
27 0.68984375 0.42265625 0.0453125 0.065625
27 0.81171875 0.4265625 0.04765625 0.0671875
4 0.10078125 0.415625 0.046875 0.0640625
32 0.50859375 0.4203125 0.05078125 0.06328125
32 0.334375 0.41796875 0.05078125 0.06171875