33 0.746875 0.54609375 0.05234375 0.08125
33 0.23203125 0.5640625 0.04921875 0.08203125
30 0.571875 0.55078125 0.04921875 0.08203125
33 0.80546875 0.5453125 0.053125 0.08203125
33 0.6875 0.546875 0.05234375 0.08125
1 0.06328125 0.57109375 0.05 0.084375
30 0.63046875 0.54609375 0.05 0.08125
6 0.1203125 0.5703125 0.0515625 0.0828125
30 0.515625 0.55234375 0.04921875 0.08203125
34 0.2890625 0.56171875 0.04921875 0.08046875
27 0.40234375 0.55859375 0.0453125 0.08125
27 0.4578125 0.55546875 0.0453125 0.0796875
27 0.34609375 0.56015625 0.0453125 0.0796875
40 0.9234375 0.5359375 0.0515625 0.07421875
32 0.1765625 0.5671875 0.04765625 0.08203125
40 0.8671875 0.540625 0.05 0.0734375