33 0.4043563785121881 0.7061706474377474 0.09389677678548622 0.07773120181924557
33 0.5177369331300002 0.20112992886927877 0.09382404160312507 0.07460620181924557
30 0.44417867866468796 0.5353829584387834 0.09382404160312507 0.07460620181924557
33 0.39005879559027845 0.763929643508806 0.09389677678548622 0.0777312018192454
33 0.4186539614340978 0.6484116513666888 0.09389677678548622 0.07773120181924557
1 0.5537620860560417 0.03668440095240403 0.09698540919430557 0.07336880190480806
30 0.4337873457427783 0.5929600179920773 0.09382404160312507 0.07460620181924557
6 0.5394099517473612 0.09062692245913799 0.09542290919430556 0.07624147642635144
30 0.4569683129733685 0.48004048697483065 0.09382404160312507 0.07460620181924557
34 0.50496548261691 0.2572536503332315 0.09382404160312507 0.07460620181924557
27 0.47938621399954895 0.3679385932611369 0.09215243882958327 0.06984592721213971
27 0.46894032969086846 0.42317190281443084 0.09058993882958326 0.06977315260503385
27 0.49217584830822947 0.3125961217971842 0.09058993882958326 0.06977315260503385
40 0.36931249733763966 0.8806462626153937 0.08757404160312507 0.07431510339082195
32 0.5281828174386807 0.14589661931598483 0.09218880642076392 0.07140842721213972
40 0.37895894785072987 0.8246680903656529 0.0859751740119445 0.07267982878371626