24 0.7853446200597225 0.33018141437220583 0.07997974715020835 0.08105117694751698
24 0.8298024816669795 0.29267173174264605 0.08157861474138883 0.08264095048646727
24 0.7424492584524656 0.3676638234628154 0.07838087955902787 0.0794614034085667
20 0.3838432035503131 0.6756083315771949 0.07678201196784729 0.0778716298696164
0 0.8734427256830557 0.2536131858825613 0.08793771751493082 0.08743754464226869
20 0.42982719756638943 0.6365088754086848 0.07674564437666671 0.0763091298696164
22 0.2420577066844451 0.7960998839301014 0.0831774823325695 0.08423072402541756
22 0.335533643329827 0.7155299480541306 0.0831774823325695 0.08423072402541773
22 0.2895678331093409 0.7554106542226409 0.08321384992375007 0.08579322402541756
8 0.5638911134102088 0.52005994075053 0.07841724715020834 0.08102390340856669
8 0.5194696193941324 0.5591321233800899 0.0751831443766667 0.07628185633066593
8 0.4750299415824658 0.5974230560096497 0.07518314437666689 0.07628185633066593
39 0.6083307912218754 0.4817690081209701 0.07997974715020853 0.08105117694751698
39 0.6550960352379518 0.44265591518298475 0.0767820119678472 0.0778716298696164
39 0.6995538968452086 0.4051462325534249 0.0767820119678472 0.07787162986961635