24 0.1999148538203814 0.6589437916747486 0.07997974715020839 0.0860647878817268
24 0.15223976681440915 0.6894924189457126 0.07997974715020839 0.0860647878817268
24 0.2460274408263537 0.6282676186461501 0.07681837955902786 0.08424719636645754
20 0.6338417910344442 0.3773575335089768 0.0767820119678472 0.08268469636645773
0 0.10530956221725636 0.7216673190954938 0.08793771751493064 0.09295251666989941
20 0.5845678364372914 0.4093411150223062 0.0751831443766667 0.08099465060882313
22 0.7871687724170832 0.2802906991207094 0.0816149823325695 0.08931733363936126
22 0.6862589294271872 0.3448477935109164 0.0831774823325695 0.08944487939699589
22 0.73553288402434 0.312864211997587 0.0816149823325695 0.08931733363936126
8 0.4391260902370135 0.5039206781987462 0.07841724715020834 0.08593724212409234
8 0.48761879483416626 0.4718733238065996 0.0751831443766667 0.08099465060882309
8 0.5352938818401386 0.44132469653563555 0.0751831443766667 0.08099465060882309
39 0.39143281943545094 0.5352505554697101 0.07997974715020835 0.0860647878817268
39 0.3405963648382982 0.5671065912254051 0.07521951196784737 0.0825571506088231
39 0.2929212778323259 0.5976552184963689 0.07678201196784729 0.08268469636645773