31 0.2739127372295048 0.7681345713717256 0.09642156134627218 0.09642156134627218
31 0.31424738323523177 0.7264106953771343 0.09482269867918128 0.09327838001272663
19 0.3436808919080497 0.6814345500477251 0.09008065467854491 0.08853633601209036
19 0.3855598565802313 0.6412913553866794 0.085356792011454 0.08535679201145392
10 0.5772404686107754 0.4184912967456782 0.09167951734563573 0.09167951734563573
10 0.6153222712842294 0.3689276487507689 0.09482269867918128 0.09327838001272663
41 0.7864903886457737 0.1630787327736769 0.08849997334499946 0.08695565467854491
40 0.7016693986314562 0.2675747814289956 0.09008065467854483 0.08853633601209036
13 0.5034660665977304 0.513739614735815 0.08535679201145392 0.08535679201145392
18 0.4623319892584579 0.5570169000636334 0.088518154678545 0.088518154678545
40 0.6572921426241383 0.3209719540897232 0.09167951734563573 0.09167951734563573
41 0.7421222233052285 0.21569465543440444 0.088518154678545 0.08851815467854492
18 0.4258854119191856 0.6003487293920882 0.08535679201145396 0.0853567920114541
13 0.5399671879376392 0.4657202854073602 0.08691929201145392 0.08537497334499947