25 0.4455154994685274 0.39228366593732106 0.11695668973360736 0.11068405601527206
24 0.5857200523205461 0.5351149612508219 0.10388368676785795 0.09647610534690845
23 0.5385386461987667 0.4856876732575035 0.11038835475263546 0.10279883068109026
24 0.3911118423581647 0.34762569394495707 0.1152668557412186 0.10754087468172653
40 0.7223685236516341 0.6693979598981865 0.09262785178688589 0.08853633601209036
40 0.765085264260094 0.7134110418921413 0.08937551779449712 0.08537497334499947
23 0.34252710372687123 0.294310337285184 0.1233340237259962 0.11388178134945379
21 0.29053086361270297 0.24806259329250188 0.10882585475263547 0.1027806493475448
20 0.24197795847950668 0.19396598663272885 0.10719968775644109 0.10119996801399936
40 0.8139883378723594 0.7589138985519144 0.09900518577927464 0.091734061346272
18 0.6765267830431743 0.6254212405713225 0.10394735376405233 0.09803860534690845
19 0.1901090523577272 0.1445932426400467 0.10550985376405224 0.09805678668045391
18 0.6315299594309088 0.579872930577686 0.10225751977166339 0.09489542401336308
22 0.49201115608459844 0.4393762945974123 0.11364068874502423 0.10596019334818116