14 0.215625 0.44453125 0.06328125 0.08203125
14 0.14375 0.446875 0.0625 0.0828125
37 0.553125 0.428125 0.05078125 0.0625
37 0.4890625 0.4328125 0.0515625 0.06640625
14 0.06796875 0.45 0.065625 0.084375
41 0.73828125 0.421875 0.04765625 0.06640625
37 0.61640625 0.4265625 0.0484375 0.06015625
41 0.678125 0.42578125 0.0484375 0.06875
17 0.4265625 0.43203125 0.0578125 0.07109375
22 0.9078125 0.4140625 0.05078125 0.06953125
22 0.8515625 0.41640625 0.05234375 0.0703125
17 0.35546875 0.4375 0.0609375 0.075
22 0.79609375 0.41796875 0.05234375 0.07109375
17 0.28671875 0.440625 0.0625 0.078125