14 0.611639930088557 0.20155595794803402 0.09462726099766208 0.07706651878308035
14 0.6140652678461394 0.1301438729670621 0.09618976099766208 0.07713018577927472
37 0.6066862012586887 0.5395162143738247 0.07313076929603177 0.060613847832553344
37 0.6057380852820046 0.47529454688333866 0.07649256763635784 0.06386618182494211
14 0.6153541580932327 0.05407612148418732 0.09798905933798814 0.0803188527754691
41 0.6011260533379255 0.7246870518262545 0.07613737012586892 0.059178681824942105
37 0.603668867650291 0.6031157993547966 0.06988737012586874 0.05892401384016459
41 0.600473935286649 0.6643716343357686 0.07938076929603177 0.06086851581733086
17 0.6104363180605652 0.4131937949061723 0.08477866431700995 0.07043451680591399
22 0.5975069137155321 0.8941055552862955 0.07961756763635783 0.06399351581733086
22 0.5987724931747447 0.8384139707996152 0.08129846680652086 0.06561968281352507
17 0.6097366558181476 0.3419090439175892 0.08814046265733602 0.07368685079830276
22 0.6008193226339573 0.7826905528148377 0.08286096680652086 0.06568334980971961
17 0.6107770923309745 0.2729043759328116 0.09150226099766208 0.0769391847906915