38 0.48359375 0.45484587273231514 0.096875 0.08393974267981755
38 0.50390625 0.535550980068406 0.0953125 0.083921561346272
38 0.46328125 0.3788282653962244 0.0953125 0.0776715613462721
15 0.65390625 0.7037026380887687 0.1078125 0.09187951201463562
27 0.60859375 0.9653501977044755 0.103125 0.06929960459104904
27 0.5921875 0.9029844754137235 0.109375 0.08877269334818116
15 0.6328125 0.6386134400859051 0.1109375 0.0934783746817267
27 0.5765625 0.8309276620782692 0.1078125 0.08719201201463563
35 0.53828125 0.6820447194064057 0.10625 0.08717383068109026
35 0.5578125 0.7518032360757237 0.1046875 0.08559314934754489
35 0.51953125 0.6099515434038605 0.1046875 0.08559314934754489
39 0.6140625 0.5633952640833598 0.109375 0.09502269334818117
39 0.596875 0.49522651941435997 0.1109375 0.0934783746817267
38 0.44609375 0.2950345207272245 0.0984375 0.08083292401336309
1 0.378125 0.08799363271799764 0.140625 0.12351132001909002
39 0.57890625 0.4215799340785873 0.1109375 0.09347837468172653