31 0.39944421149005344 0.6645467506873711 0.1070150166698995 0.08651928298109546
31 0.38181004346242475 0.5935893560735653 0.10194487939699579 0.08180451190385654
35 0.4177958566388648 0.7362808501216369 0.11039510818516848 0.08966246369925486
28 0.3697243737678062 0.5311893500234411 0.09687474212409217 0.07708974082661797
28 0.3560124311943703 0.4695796843323965 0.09518469636645772 0.0755181504675381
20 0.28633662847891195 0.15607169623625322 0.08529951333591956 0.06921360831306052
35 0.43035988739358977 0.8119530158126815 0.11039510818516848 0.08966246369925486
17 0.34147144119631 0.41812626864135194 0.08880715060882309 0.07391928903121983
36 0.4479943132971262 0.9594365489901688 0.12799719636645773 0.07570904800821018
20 0.29773664302277947 0.19817283782499684 0.08035692182065049 0.06606133723582164
17 0.32932199862287415 0.3565075125912277 0.08724465060882318 0.07391019867214013
18 0.3167421213519102 0.3097279613615637 0.08880715060882319 0.07391928903121973
36 0.4467663952694975 0.8883837056060271 0.11677265394280308 0.0912613251355733
18 0.3051826101420225 0.25044841013189967 0.08555460485118864 0.07233860831306052