14 0.5056286274091872 0.8338938525562952 0.06230142319868044 0.050780052436323685
30 0.4736825747562555 0.3716150956164649 0.07507420783841638 0.06095608883351815
31 0.4829606348645276 0.4293472524640102 0.07351170783841639 0.0608559592838688
29 0.464751507126136 0.2481578092192703 0.0798071719450391 0.06281897748246604
0 0.4647097061890639 0.11509498534514702 0.07994356426490726 0.06750647748246603
29 0.47000965696785146 0.30954589219269224 0.07663670783841656 0.06105621838316742
32 0.4820824449727998 0.4864285672388348 0.06864235141192587 0.05430557063492074
19 0.49237978431053164 0.6436297979605033 0.06717077962517112 0.05733044108527139
27 0.49416359316516256 0.689923807059802 0.06381845909205772 0.04931768198597268
16 0.5116309233316945 0.9235070650793664 0.06404577962517113 0.05713018198597268
15 0.5059408644770635 0.8769627321059446 0.06386392319868044 0.05088018198597268
29 0.5031317647144904 0.7852060286821719 0.06707985141192588 0.05420544108527157
17 0.48685486150756263 0.5376103354374321 0.06551735141192587 0.054105311535622036
2 0.4658570175509773 0.1832639944444457 0.0798071719450391 0.06281897748246604
28 0.4964558673800575 0.7456428809339253 0.06551735141192587 0.054105311535622036
18 0.4884568139357029 0.5901543445367308 0.06707985141192588 0.05420544108527139