3 0.5414143468530825 0.07273094706624383 0.0889809592838688 0.0758048287837163
34 0.5333395473421945 0.6803829352794196 0.08535531153562204 0.06784677956950454
30 0.5402604619047624 0.17700107010177313 0.08681768198597287 0.06635705417661045
33 0.5360652267072737 0.6128679495474432 0.08203005243632351 0.06457623035529281
35 0.5337238718346267 0.4907382384225727 0.0804675524363235 0.06450345574818712
35 0.5337751341731278 0.4304000519048081 0.08535531153562222 0.06784677956950458
32 0.5360163594961256 0.5509672630296786 0.0835925524363235 0.06464900496239867
26 0.5257027297895926 0.9158131670824545 0.07900518198597287 0.06599318114108108
35 0.5330451465116289 0.3700982526905964 0.0835925524363235 0.06464900496239875
32 0.5337274645256561 0.3073799288692788 0.08671755243632351 0.0647945541766104
39 0.530844405454044 0.7392677837078431 0.08535531153562222 0.06784677956950454
0 0.6122308011997059 0.4196936842459623 0.0835925524363235 0.06464900496239867
31 0.5344097825396832 0.24466160504796122 0.08349242288667416 0.06308650496239868
39 0.5284994578903677 0.8004963821362665 0.08535531153562204 0.06784677956950454
2 0.542677655767811 0.020423700166615745 0.08848031153562204 0.04084740033323149
39 0.5265853069029184 0.856219843261137 0.08555557063492074 0.07097177956950454
26 0.525481486729423 0.9612712162966662 0.07095285009228505 0.037577082712657986