25 0.18886288935036716 0.3421875 0.11808006175762475 0.084375
25 0.06539664561857333 0.2875 0.11651756175762477 0.084375
25 0.13105874953778157 0.315625 0.12442098997087014 0.0875
40 0.7846457169431096 0.6 0.08223348997087002 0.0875
40 0.7129382015037034 0.57890625 0.096750631037097 0.103125
36 0.9208165491547053 0.66171875 0.09045516693047446 0.1015625
36 0.8560266234487426 0.63671875 0.09523359514371954 0.1046875
36 0.9749678739109608 0.68359375 0.050064252178078306 0.0828125
18 0.6509322949980703 0.5421875 0.07097774122451135 0.0765625
18 0.5846253333987301 0.51875 0.06959709765100222 0.0828125
18 0.5174234615328333 0.49140625 0.06767088479802066 0.0703125
18 0.45488635761362495 0.46328125 0.06629024122451135 0.0765625
18 0.3880792908414352 0.42265625 0.08356866943775679 0.0796875
18 0.317084829242095 0.39921875 0.08347774122451135 0.0765625
16 0.24579485094970738 0.365625 0.09593227711788872 0.075