15 0.6811504768054764 0.23442220558514423 0.0930735207602467 0.10518625269929238
15 0.7386618878701718 0.20341973670403082 0.0930735207602467 0.10518625269929238
26 0.27627327030313614 0.47198878609326406 0.0980793557412186 0.11335395020978148
19 0.21182610973273236 0.5058678012401111 0.098143022737413 0.11491645020978147
17 0.8318097099995626 0.14307238732408636 0.08325285178688588 0.09353835767831421
26 0.33577826288876234 0.43221496845690616 0.0930735207602467 0.10518625269929238
19 0.14782461813568934 0.5506843163869581 0.1014590237259962 0.11984074855010754
17 0.8863234550566468 0.11543171678329903 0.08487901878308009 0.09521925684847724
19 0.07884912505577157 0.5888247790442941 0.10314885771838496 0.12308414772027057
26 0.40260100695726325 0.3989396045548146 0.0930735207602467 0.10518625269929238
21 0.4599850840295698 0.3648121356737012 0.08825868676785795 0.1017060551888033
21 0.6260146492388783 0.2660283257110131 0.08656885277546919 0.09846265601864027
21 0.5141168271094877 0.32779646513291383 0.08825868676785795 0.1017060551888033
21 0.5716600716722802 0.29757524625180043 0.08338018577927464 0.0966633576783142
17 0.7807247124710204 0.15869830993946615 0.08487901878308027 0.09521925684847724