31 0.33599657309893094 0.5424938764673304 0.10232156847545246 0.11548290252860856
35 0.5326911003968269 0.5393026179863406 0.1225735117201923 0.14012195712440043
31 0.39541234345699655 0.5026012592561822 0.10232156847545246 0.11548290252860856
37 0.7859315121816176 0.255573955897008 0.08196949568106345 0.08928134793281668
37 0.8333479302879299 0.22429487508305437 0.08529475478036197 0.09260660703211539
35 0.5808491957087499 0.48287334284791295 0.10544656847545256 0.11568316162790726
35 0.6457535024640102 0.45518033698781685 0.09889617982650449 0.11059514342930998
36 0.7352398997508314 0.28470954581026026 0.08549501387966067 0.09573160703211539
21 0.2736362754429694 0.5731616880029525 0.09869592072720587 0.10747014342931002
36 0.6855798611941685 0.3177013209486878 0.08725777297895938 0.09895673658176474
36 0.631963507862681 0.3501621699612388 0.08872014342931003 0.09749436613141409
21 0.15026742905131213 0.6555910610741968 0.10398419802510181 0.11714553207825791
21 0.21427056985972842 0.6138355552141007 0.09909643892580318 0.11372014342931003
31 0.4550283729143608 0.46583364204503397 0.10877182757475108 0.11900842072720579