18 0.1421875 0.59140625 0.06328125 0.103125
25 0.88515625 0.5359375 0.059375 0.0796875
20 0.3484375 0.56796875 0.0609375 0.0875
25 0.77265625 0.5359375 0.0578125 0.0796875
19 0.2125 0.58046875 0.0640625 0.090625
19 0.28125 0.5890625 0.06328125 0.09765625
25 0.83515625 0.540625 0.05859375 0.08203125
24 0.7203125 0.53359375 0.0515625 0.08203125
17 0.06875 0.58828125 0.06640625 0.1015625
23 0.65703125 0.54609375 0.05703125 0.08359375
21 0.415625 0.559375 0.059375 0.0890625
22 0.53671875 0.54453125 0.05703125 0.08828125
22 0.47265625 0.54765625 0.05859375 0.09296875
22 0.59375 0.540625 0.053125 0.084375