15 0.7903538194872357 0.6258857970431344 0.10781434523075965 0.10603470282385156
15 0.7421181516457407 0.5908144635778972 0.10781434523075965 0.10603470282385156
17 0.9123929176177803 0.7202615858395056 0.07623245850815116 0.08017088479802066
26 0.3983611093286994 0.3122525767348126 0.10781434523075965 0.10603470282385156
26 0.4993540016503852 0.3950543680384662 0.10433414772027057 0.10125627461060631
19 0.3447634352634271 0.26528063684308467 0.10781434523075957 0.10603470282385156
17 0.8793678526807149 0.6911136434404952 0.09761055103961809 0.09482441818411544
19 0.28486821700701365 0.22908707257817745 0.11453794191141169 0.11246655925034235
21 0.6000392406527231 0.4715834272888085 0.09772895020978148 0.09638691818411545
26 0.4533912288298684 0.3506534986798518 0.10277164772027056 0.10121081050398359
21 0.5496966211515542 0.43331889766363735 0.09772895020978148 0.09638691818411549
21 0.6976586792401424 0.5472403083259054 0.0994098493799445 0.09799488229073816
21 0.6479197109837289 0.5113422607540457 0.09772895020978148 0.09638691818411545
17 0.8454906827646275 0.6525452369348622 0.09929145020978147 0.09643238229073817
19 0.23211099252682282 0.18135661473976092 0.11453794191141169 0.1124665592503423