18 0.11951424881286576 0.45007084181397106 0.09876777210332377 0.12374511646291494
25 0.827325434152247 0.6274921619196745 0.0871483105039836 0.09973440637700648
20 0.31955370124100596 0.4918511488022331 0.090500631037097 0.107710680687266
25 0.7230387509244368 0.5923945448909327 0.08558581050398359 0.0996525192218769
19 0.1893948397999503 0.46122966983313224 0.09532452335696498 0.11264384215265544
19 0.24937759356087402 0.4908485707830719 0.09702341567683304 0.11741322930778501
25 0.7792971111118512 0.6159681637286968 0.08719377461060614 0.10129690637700665
24 0.675996266363843 0.5737983531223902 0.07929034639736088 0.09776247060135787
17 0.05316783478538537 0.4246857394845504 0.10189277210332374 0.12390889077317446
23 0.6130332651102017 0.566177282905145 0.08567673871722885 0.1027775192218769
21 0.3847240601747791 0.5040368882867835 0.09054609514371972 0.10927318068726599
22 0.5018289921489483 0.5275419080744872 0.08733016693047428 0.10598440637700665
22 0.441482525535043 0.5104230071245477 0.0922449874635877 0.11404256784239593
22 0.5560163869760987 0.541863357644946 0.08255173871722885 0.10261374491161739