14 0.3624662452503474 0.11607434036565278 0.07819904160312507 0.07387845574818702
10 0.43142018626413225 0.32324683147431266 0.07819904160312507 0.07387845574818694
31 0.7205820969770492 0.750881564105917 0.10196384992375015 0.08903257485477489
12 0.40074945488149327 0.21518177440221806 0.07819904160312507 0.07387845574818704
31 0.7143126067606951 0.6831311379272347 0.11304682028847228 0.09579199710451576
37 0.5343685739912851 0.5796723058337495 0.07496493882958326 0.0690454065339754
11 0.41759276918604193 0.2667977783311595 0.07819904160312507 0.07387845574818694
1 0.7759261732494452 0.8773498647678709 0.10995818787965295 0.09720894789030403
13 0.38159875816812516 0.16523743238393546 0.07812630642076393 0.07075345574818703
5 0.7400782858066327 0.8156696561241997 0.10523432028847228 0.09542812406898663
37 0.5560084910693754 0.6357574859413734 0.08448540919430556 0.0757320541766104
9 0.45676633159072944 0.37055632506417185 0.07812630642076393 0.07075345574818695
36 0.4751539620996879 0.42131830438600737 0.07013196846486114 0.06257708271265768
36 0.4951222764042365 0.4727887591007372 0.07329333605604163 0.06428513192686935
36 0.5182155907087852 0.5241136646012551 0.07332970364722229 0.06584763192686935
31 0.6793187045002436 0.6245395419800106 0.11308318787965277 0.09735449710451594