38 0.5917600731682497 0.35665065763811366 0.07555701089576328 0.07991672896477811
14 0.684827376134457 0.2841968674092552 0.08569683540139543 0.09150979282674854
38 0.49969254148936615 0.4321748175451413 0.07210422896477801 0.0750107076774547
38 0.6370125890076916 0.3189432080064307 0.07555701089576328 0.07991672896477801
38 0.5465621876506389 0.39513935726979654 0.07043246832111638 0.07333894703379285
14 0.7287359132612223 0.24972367842123405 0.08569683540139543 0.09150979282674854
10 0.2070508454639795 0.6818787946683339 0.09594592055068932 0.10466535668871887
12 0.30276790102807666 0.5911831028303212 0.09249313861970414 0.09975933540139544
11 0.2521558958322966 0.6308354647148201 0.09739915990702759 0.10321211733238052
15 0.7740976897443258 0.21357872878955111 0.08224405347041017 0.086603771539425
15 0.8565006443196872 0.1457960130663248 0.08391581411407216 0.08827553218308673
15 0.8150997481584146 0.18244906108885342 0.08402507475773371 0.08983803218308677
16 0.4070076507759751 0.5100973577739996 0.08736859604505724 0.09318155347041035
16 0.4545492862935861 0.47144476717682415 0.08079081411407199 0.08805701089576327
16 0.3533252759020259 0.5507494909458222 0.08580609604505715 0.09307229282674853
2 0.14911801316467718 0.7291087097711415 0.10586722376899797 0.11313342055068923