25 0.7747996628294787 0.3497031434354554 0.07513577886860805 0.08322156615858275
25 0.7182689417686738 0.3579650953290493 0.07513577886860787 0.08322156615858275
24 0.6034097812170952 0.38385036357761776 0.07357327886860787 0.08321247579950324
24 0.5454530680487982 0.3944469751121321 0.07210178413027997 0.08476588544042354
13 0.942374299703534 0.31709569739559385 0.07826077886860787 0.08323974687674199
13 0.8305491338902835 0.3414366463623216 0.07357327886860787 0.08321247579950315
24 0.6644914943853923 0.3732719327612627 0.07191977360693613 0.08164088544042354
1 0.05444020215084318 0.5056141957452739 0.055551320961982786 0.09560339149054772
41 0.23792056008570323 0.46450844847574835 0.07210178413027979 0.08476588544042354
41 0.3002007522073129 0.44768910801847295 0.07384629465362354 0.08789997579950323
41 0.17398686270242175 0.4797561985739442 0.0721927893919517 0.08632838544042372
41 0.10527466005746837 0.4934141775949012 0.07072129465362355 0.08788179508134383
39 0.36670571274477404 0.4363612434588965 0.0788068104386391 0.09261474687674198
39 0.4276054153897274 0.42265781264254143 0.07706229991529537 0.08948065651766232
13 0.8838183470585804 0.33081276375056845 0.07513577886860787 0.08322156615858275
39 0.48841411277300895 0.40739188182618624 0.07384629465362344 0.08789997579950323