25 0.2631477341193045 0.5714855864830036 0.06593664976444433 0.07707342068857255
25 0.32079413878472113 0.5765252613479274 0.06593664976444433 0.07707342068857255
24 0.44094054345013767 0.579382388119617 0.06294835080120365 0.07852679328391084
24 0.5000127470787952 0.5828049992822099 0.06152255183796278 0.08003472958158006
13 0.08997407427009152 0.5626438437393977 0.06906164976444429 0.07718254809323426
13 0.20621422893550817 0.5656373797669143 0.0643741497644443 0.0770188569862416
24 0.37789373930310066 0.5753149362128511 0.06124914976444433 0.07690972958158007
1 0.995484968873981 0.5951040364060348 0.009030062252038108 0.09102679328391083
41 0.8217606079647674 0.5880256903043843 0.06152255183796278 0.08003472958158006
41 0.7560672574463878 0.5895361158022803 0.06492095391148141 0.0832688569862416
41 0.8884402600382859 0.588831732955323 0.06322175287472191 0.08165179328391084
41 0.9592312136669433 0.5918451163504346 0.061795953911481405 0.08315972958158006
39 0.6874833527809711 0.5848783868536725 0.06831935598499986 0.08650298439090331
39 0.6238603501890729 0.5831819667980722 0.06804595391148141 0.08337798439090349
13 0.1511166258252304 0.5628596093484944 0.0674991497644443 0.07712798439090349
39 0.5596611491523136 0.5838565785936373 0.06492095391148141 0.0832688569862416