14 0.7890625 0.33671875 0.05 0.07109375
10 0.21328125 0.3640625 0.06015625 0.08046875
10 0.440625 0.35625 0.05078125 0.0734375
12 0.55390625 0.3515625 0.0546875 0.0734375
13 0.7265625 0.340625 0.05390625 0.071875
15 0.840625 0.334375 0.04765625 0.065625
11 0.4984375 0.353125 0.053125 0.07265625
9 0.30703125 0.3609375 0.0546875 0.0765625
13 0.67421875 0.34375 0.0515625 0.0703125
9 0.1484375 0.3671875 0.05625 0.07890625
8 0.07890625 0.3734375 0.059375 0.0828125
9 0.3671875 0.359375 0.053125 0.0765625
16 0.890625 0.33359375 0.05078125 0.06640625
13 0.61796875 0.34765625 0.053125 0.07421875