14 0.4575986712687694 0.362212258931749 0.0855204886359143 0.06709777110331831
15 0.4610197260573079 0.3004525986233235 0.08708298863591431 0.06712504464226869
12 0.46025429261696915 0.47853668831489793 0.09182503571381488 0.07033186525911965
10 0.4635411595009419 0.6034412309285718 0.09500458279171564 0.07351141233702041
10 0.4616689679429283 0.665954867698047 0.09656708279171564 0.0735386858759707
28 0.456787967939633 0.1849366927791249 0.09020798863591431 0.06717959172016937
35 0.4655734435931991 0.8002207735422455 0.09664890340856669 0.0782261858759707
10 0.45994460105895546 0.5410230515454229 0.09182503571381488 0.07033186525911965
35 0.4691018181878096 0.8665452029253945 0.09664890340856669 0.07822618587597105
15 0.4604117999205698 0.24579237216227384 0.08859094155801372 0.06402731818121907
35 0.4636621160764892 0.7307440706201463 0.09664890340856669 0.0782261858759707
28 0.45462722443245485 0.08500487662650073 0.08546594155801372 0.06397277110331837
13 0.45735716355813166 0.42079237216227383 0.08870003571381488 0.07027731818121907
28 0.45846924472499423 0.13336055600964972 0.0886454886359143 0.06715231818121903
1 0.4725074618571437 0.9399008823085435 0.1030625446422686 0.08771028003177221