14 0.5592755464262281 0.14201059264395471 0.09093801779449713 0.08947129465362355
10 0.18381270102795183 0.6151490449359722 0.10401102076024663 0.10426183674699843
10 0.33397582159791805 0.4302595634929981 0.09100168479069151 0.09103379465362349
12 0.40869859038099837 0.33705632408692887 0.09425401878308026 0.09434080517696727
13 0.5189887860461049 0.19345897155491504 0.09262785178688589 0.09268729991529541
15 0.5929621383272823 0.0995199847796818 0.08287084980971962 0.08276626834526431
11 0.3717914979856526 0.3820726924745455 0.09262785178688589 0.09268729991529537
9 0.24614821635099102 0.539034594992442 0.09750635277546911 0.09764781570031093
13 0.4852703606469534 0.23673082941918794 0.09093801779449713 0.08947129465362354
9 0.14111852365163408 0.6682964317394402 0.09913251977166349 0.09930132096198285
8 0.0981696782905388 0.7276938185429084 0.10557352076024666 0.10435284200867016
9 0.28633947623682277 0.4899299660814817 0.09588018577927473 0.09599431043863901
16 0.6265532297340449 0.0593731269154089 0.08612318380210837 0.08607327886860801
13 0.4498302677573161 0.28399994254513267 0.09581651878308026 0.0944318104386391