14 0.17013573850024827 0.3990150726107354 0.04563123545613248 0.04538427759440165
27 0.492203217578285 0.03213966970398379 0.07697683030538141 0.06427933940796758
33 0.5171372527542518 0.6824373435571525 0.08647937606301603 0.07021925684847723
27 0.49405237318807804 0.12999850517487013 0.07672173879011232 0.06482136182749909
27 0.490305748792052 0.07447055558978863 0.07346919303247787 0.06302206348717306
10 0.16654822395638072 0.441735368876469 0.04719373545613244 0.045502676764564674
16 0.49572631455356586 0.17939485393011467 0.07697683030538141 0.06794636182749914
33 0.5178066745749021 0.7484175410676415 0.08816942182065049 0.07190015601864026
33 0.516914241085322 0.6219258960466634 0.08335437606301603 0.06998245850815117
26 0.49942475471110576 0.3402614989510928 0.07034419303247788 0.06278526514684701
26 0.497304403193897 0.2853964001958483 0.07346919303247787 0.06302206348717307
19 0.16589439077606136 0.48187511680187656 0.047321281213766976 0.047065176764564676
26 0.50141756047068 0.3935640977063374 0.07346919303247787 0.06302206348717299
24 0.20879949683519797 0.43931984128206736 0.04875623545613248 0.04562107593472771
16 0.49765534743432277 0.23191620268535917 0.07697683030538141 0.06794636182749907
21 0.5105691619878887 0.44789640019584825 0.07672173879011232 0.06482136182749905
21 0.5119082635050974 0.5028206985361743 0.07346919303247787 0.06302206348717299
21 0.5080974794163925 0.562065643972071 0.07034419303247788 0.06278526514684693
0 0.521776181701904 0.9029749865035381 0.0919321506088231 0.07994945435896632
22 0.17188968607465394 0.3627223751002463 0.04901132697140156 0.048746075934727705
2 0.5216966912448017 0.8345918394079677 0.09674719636645754 0.08186715186945541
24 0.20840075517014772 0.48258458920747493 0.04875623545613248 0.04562107593472771
24 0.16315189911101108 0.5253174634825287 0.04888378121376698 0.0471835759347277
12 0.21265833622443514 0.31325424875060015 0.04770391848667064 0.05175267676456467
36 0.21154198850024825 0.39587749460141525 0.04875623545613248 0.04562107593472771
17 0.2591981095622944 0.430784368251769 0.052391418486670636 0.05210787427505359
37 0.2116058903170194 0.35814069626108924 0.04550368969849794 0.043821777594401645
22 0.17144340486088697 0.3187355767599203 0.04588632697140151 0.04850927759440164