25 0.54921875 0.496875 0.059375 0.08359375
16 0.928125 0.453125 0.05703125 0.07109375
25 0.60625 0.4890625 0.0578125 0.078125
25 0.66640625 0.48125 0.059375 0.07734375
35 0.29609375 0.5171875 0.05859375 0.0890625
26 0.77265625 0.4640625 0.05546875 0.07265625
35 0.22890625 0.5265625 0.0625 0.08984375
26 0.71640625 0.46875 0.0546875 0.07265625
41 0.4859375 0.5015625 0.0515625 0.08046875
41 0.428125 0.5109375 0.05234375 0.084375
26 0.82578125 0.459375 0.0546875 0.071875
41 0.36484375 0.5171875 0.05546875 0.084375
35 0.16015625 0.54140625 0.059375 0.0890625
16 0.87578125 0.4546875 0.0515625 0.0703125
3 0.08359375 0.54765625 0.065625 0.0953125