14 0.5198254529858776 0.23245776970062987 0.08605746832111638 0.07158731252120454
14 0.5135483198140551 0.17628961525412612 0.08940098960843983 0.0748214399258662
14 0.5124667850330784 0.11602423784946443 0.08616672896477802 0.07314981252120449
38 0.5258947725478312 0.3528521152541261 0.07926116510280767 0.06355655771188111
38 0.5221963361577001 0.2887623334029607 0.07613616510280767 0.0634474303072194
10 0.5421738804970578 0.8096477522774347 0.10066627153942491 0.07989088584218215
12 0.5281124724316156 0.47416412006344955 0.08416718639013113 0.06684524881887377
11 0.5360720739245545 0.599191401914615 0.09230746832111639 0.07180556733052797
11 0.5315377572125926 0.534347651914615 0.08740144703379293 0.0685168762235353
11 0.5402728908886181 0.7376636248727729 0.09565098960843983 0.0750396947351895
11 0.5378638028893326 0.6696130293192767 0.09565098960843983 0.07503969473518968
13 0.5277029270069772 0.4123089608076224 0.08594820767745474 0.07002481252120454
8 0.5511714581047832 0.9495187841286 0.10313570767745475 0.07062501324684405
9 0.547817229140005 0.8791517204262693 0.10379127153942491 0.08000001324684405