14 0.7531361045764935 0.6271557570721918 0.08652068787965277 0.0985810551888033
14 0.8081327291015283 0.6445809780278977 0.0897184230620141 0.10194285352912935
14 0.8656185739912854 0.668433797738848 0.08808318787965277 0.09869945435896632
38 0.6374740837749311 0.5832971680652095 0.07696384992375016 0.09005816016782511
38 0.6988298110735075 0.6058834857015676 0.07689111474138884 0.08693316016782511
10 0.19982600056868088 0.4097571987598889 0.09778549620027785 0.1134723493799445
12 0.521721143995417 0.5355323290582273 0.0833229526972918 0.09521925684847724
11 0.4005721893982643 0.4904780929556745 0.08822865824437506 0.10494945435896633
11 0.46349041669684066 0.5131828097621954 0.08339568787965276 0.09834425684847722
11 0.268322080640799 0.43756381266198047 0.09298889342673622 0.10842965186945541
11 0.3336386093261462 0.46278987822374595 0.09298889342673622 0.10842965186945541
13 0.5800064226807644 0.5602255983542592 0.08495818787965277 0.09846265601864027
8 0.0605991931979864 0.35865387220046124 0.09629573138263899 0.11647895020978147
9 0.13142083947451422 0.38585683485779737 0.097858231382639 0.11659734937994451