33 0.5791792510387701 0.5476320007929696 0.14352634364130096 0.13821040818602875
33 0.6246991740673685 0.5903650554063823 0.1485964809142047 0.1431435696514182
40 0.38404132059330587 0.3174852346233104 0.14677888939893552 0.13993668249628843
34 0.5364979302762864 0.6797794374731294 0.1536666181871082 0.14807673111680728
12 0.6822573561798227 0.8191650848050245 0.14001870636839725 0.1333591338757693
5 0.1394142178681491 0.2742962358665058 0.17550966727872258 0.1678912641334942
12 0.5841702846684331 0.7247334113538476 0.14846893515657006 0.1415810696514182
12 0.6343777076970316 0.7672208045018711 0.14339879788366652 0.13664790818602873
40 0.5349825830111415 0.4791586397571216 0.1316960233378591 0.12669969810012063
40 0.4389522190760971 0.3690610227283798 0.12493584030732112 0.1201221494796016
34 0.4869920089146779 0.6286982943251058 0.15197657242947357 0.1464323439616777
40 0.49282677604361924 0.42380275441101406 0.1198657030344176 0.11518898801421247
34 0.4412328408870493 0.5603068204443877 0.16029925546001172 0.1530917797373263
21 0.22230659513911305 0.3166264987568046 0.15691916394474276 0.14980300542706698
21 0.27125453604555894 0.38407294832726324 0.14846893515657006 0.1415810696514182
21 0.32066486255791854 0.45538470432015704 0.14677888939893552 0.13993668249628843
21 0.3885859440712479 0.5000553951841885 0.1501589809142046 0.14322545680654777