31 0.6736467674234049 0.5343704603008101 0.09008238433001133 0.09299232878371626
34 0.4732882171465498 0.4402695115819365 0.08831962523071261 0.08979455417661039
33 0.5208338456164648 0.46077891067231375 0.08675712523071262 0.08972177956950453
31 0.7271117288667421 0.5616563982663169 0.09018251387966067 0.09455482878371627
6 0.7836015607604299 0.5872342870176118 0.09683303207825791 0.10109592721213971
30 0.1104914211886312 0.26910741087720147 0.08821949568106335 0.0882320541766104
31 0.6227758798541911 0.5108816104246447 0.09008238433001133 0.09299232878371626
29 0.14669903145994906 0.28387623221731967 0.08489423658176469 0.08496150496239867
32 0.5703925570598021 0.488246785155585 0.08176923658176456 0.08481595574818712
3 0.9493023997508313 0.6695822524857086 0.10139520049833735 0.10607452564056316
28 0.1911196599298642 0.3045311805219086 0.084994366131414 0.08652400496239868
0 0.8960002336471039 0.6415514518237548 0.09839553207825773 0.10116870181924557
36 0.23866528839977938 0.32504057961228583 0.07834384793281676 0.0799829065339753
39 0.427104829577336 0.41656233788445346 0.08831962523071266 0.08979455417661039
39 0.333225619213733 0.37000201509659314 0.09008238433001133 0.09299232878371626
36 0.28348643506829185 0.3519455279168747 0.07844397748246604 0.08154540653397531
39 0.3776462476836482 0.3906569634011821 0.08831962523071261 0.08979455417661039
2 0.8394102722037668 0.6144110630724599 0.09683303207825808 0.10109592721213971