24 0.2922909997176514 0.30647821161023064 0.09966534200867017 0.10483632213985139
41 0.7348627204961075 0.6096280704953888 0.08799979991529554 0.0919543762235353
24 0.1754682497882385 0.22833087504240898 0.09966534200867017 0.10483632213985136
24 0.23463812343752694 0.2670412001774852 0.09966534200867017 0.10483632213985139
9 0.6813891100009986 0.5750149683184705 0.09305132096198285 0.09836806733052797
40 0.8891245572431057 0.7148116222168202 0.08294827886860787 0.08554068511654264
41 0.8403384467479971 0.6803622111468945 0.0831302893919517 0.08866568511654264
40 0.9392911572148709 0.7461905969890766 0.08469278939195171 0.0887202488188736
9 0.5757768758566014 0.5019370776669649 0.09139781570031094 0.09675100362819702
41 0.7899443336220522 0.645076986374638 0.08643729991529536 0.09189981252120454
9 0.627778991613382 0.5380581161415524 0.09305132096198285 0.09836806733052797
13 0.46754787592718855 0.42408984146196305 0.0962673262236546 0.10003969473518967
13 0.5212945022073129 0.46339044363888127 0.0962673262236546 0.1000396947351895
13 0.4099405022779001 0.38543408002921764 0.09957433674699825 0.1032738221398513
24 0.3538956286286116 0.3468328822988031 0.09966534200867017 0.10483632213985139