15 0.4753369028555413 0.6639686488694897 0.14467425546001172 0.15693208812453677
15 0.38747036997478435 0.7089988934028695 0.14623675546001183 0.15706878916129607
17 0.5125490868041633 0.42015986027384156 0.19107076546195145 0.2121855161170368
15 0.5644470713422118 0.6229813553728692 0.1464918469752808 0.16019378916129606
33 0.2872313828516619 0.7513730296421752 0.15742934697528083 0.1611506964186109
11 0.40679355225641645 0.4722801434028695 0.18743558243141328 0.20566211404351814
26 0.6601420796771615 0.5880779665416653 0.13064370636839745 0.13708847983046263
26 0.7537324540731876 0.5404011756369429 0.1411666181871082 0.1519711860510183
17 0.6265157340790066 0.3734789328469895 0.18561799091614423 0.20240041300675884
26 0.8499376454386756 0.49924778680573906 0.1427291181871083 0.15210788708777762
11 0.20379648482791266 0.5686104648447218 0.19199553667377883 0.2045097171537961
11 0.30454565498157316 0.519986328605416 0.1858730824314133 0.20552541300675883
17 0.7379313372632053 0.31949335334661894 0.19888326546195145 0.212869021300833
33 0.19961994148617407 0.7932782741755551 0.16380689273291535 0.1632600005656478