18 0.16276220051885187 0.8425106473318952 0.23819995764913057 0.13275934757972224
18 0.8849578247427898 0.7521712573516902 0.23008435051442042 0.13415807326946272
23 0.12756296037960507 0.29965808401205496 0.23819086729005096 0.13119684757972222
23 0.6062601321207739 0.23862217096478605 0.2382090480082102 0.13432184757972226
18 0.6508434626191002 0.7825459113538475 0.2428965480082102 0.1345675090451115
19 0.1613446253832786 0.73317659090946 0.2366647287263694 0.13736496042459265
17 0.8899816680287357 0.865988095886301 0.2200366639425287 0.13054175033868418
18 0.4025150469280557 0.8143159690194782 0.24444995764913066 0.13308689620024125
25 0.5925465691836449 0.048593011364189906 0.24288745764913067 0.09718602272837981
23 0.851472638170898 0.208578387609415 0.2350840480082102 0.1341580732694628
25 0.833094301131468 0.029767228630416576 0.24118860226293615 0.05953445726083315
17 0.1711701190385668 0.9444449615562462 0.23804542154477706 0.10619684757972223
22 0.8599623699223298 0.32457520183376626 0.23037836729005087 0.13078741180407344
22 0.1399589421310366 0.41545018034858183 0.23978972872636942 0.1375287347348521
17 0.653078649190992 0.898089024198718 0.24443177693097126 0.12996189620024126
17 0.4101871672431687 0.9241037268213942 0.2412613251355733 0.12198562188998174
19 0.8829150983541115 0.6430009752395145 0.23353063836729 0.13563868611433313
24 0.8407027889330239 0.10364190411775838 0.23504768657189173 0.12790807326946277
21 0.8675708577238854 0.42342545963568234 0.23196813836728997 0.1355567989592032
23 0.36807887607064965 0.26829746212207317 0.2382090480082102 0.13432184757972224
21 0.3888691408031767 0.4836801226829513 0.24133404800821018 0.13448562188998175
25 0.11617951190385667 0.08925285052039836 0.23195904800821018 0.13399429895920328
21 0.14600947511213214 0.5151635753056277 0.2350931383672898 0.1357205732694627
19 0.40031622179248244 0.7050228561746079 0.23978972872636942 0.13752873473485216
22 0.3765686078220812 0.38429427634642443 0.23819995764913066 0.13275934757972224
25 0.35280735831306054 0.06419143515405104 0.2382090480082102 0.12838287030810208
21 0.6239299420328408 0.4549498558359236 0.2382090480082102 0.13432184757972226
24 0.6009453973442802 0.13105533243017528 0.23975336729005098 0.13127873473485202
22 0.6155356590517451 0.35535929161157237 0.23819995764913066 0.13275934757972224
24 0.11758345150081048 0.19624315694283348 0.2334942769309713 0.12938868611433305
24 0.3588851623713949 0.1656228414752868 0.2349931444174141 0.1185330732694628
19 0.6408457730221464 0.6760059842846261 0.2444590480082102 0.13464939620024124
20 0.15291398096586462 0.6273360266851087 0.24133404800821018 0.13448562188998175
20 0.39500148701598875 0.5974560176399971 0.24131586729005097 0.13136062188998174
20 0.6339639930661131 0.567739782905145 0.23819086729005096 0.13119684757972222
20 0.8768191135776178 0.5354750802824688 0.23819086729005115 0.13119684757972222