31 0.507531115625 0.27737294375 0.58953791875 0.3034438890625 0.6326516203125 0.2251042671875 0.5531532593749999 0.19637871875 0.507531115625 0.27737294375
31 0.7253787843749999 0.46252534218749997 0.7543733625 0.524629825 0.8601468359375 0.4979508078125 0.83187903125 0.43765603906250006 0.7253787843749999 0.46252534218749997
31 0.580417934375 0.355651096875 0.6372442640625 0.4044226359375 0.716372490625 0.34699630625 0.662167121875 0.2997412828125 0.580417934375 0.355651096875
30 0.523950778125 0.8958464796875001 0.6033237625 0.884484621875 0.59118034375 0.8055604453124999 0.504801853125 0.8151098390625 0.523950778125 0.8958464796875001
29 0.2864315625 0.7462374234375 0.38444598124999996 0.7924321953125 0.429109159375 0.7431535874999999 0.33483609062499997 0.69510601875 0.2864315625 0.7462374234375
28 0.5518962859375 0.4360464796875 0.5306595203125 0.519974853125 0.6128042140625001 0.5333502421875 0.633401125 0.45283734062500003 0.5518962859375 0.4360464796875
15 0.5510800703125 0.6288224984374999 0.5784872515624999 0.6936256390625 0.6839945171874999 0.6682410562500001 0.6563022734375 0.6053934609375 0.5510800703125 0.6288224984374999
15 0.5375222609375 0.5528538281250001 0.5664890812500001 0.6159301734375 0.673256153125 0.5913288078125001 0.6485046515625 0.5291990953125 0.5375222609375 0.5528538281250001
15 0.45188355625 0.34058551875 0.45690118281250003 0.428857615625 0.54456034375 0.428192415625 0.5372298359375 0.3410407109375 0.45188355625 0.34058551875
14 0.4086337875 0.25982906093749997 0.4929009625 0.2878349328125 0.5360995187500001 0.2085836921875 0.4571884609375 0.1798726 0.4086337875 0.25982906093749997
8 0.28724323125 0.2733296828125 0.32261574375 0.3361088296875 0.4288925375 0.30741994375 0.393793359375 0.244244725 0.28724323125 0.2733296828125
8 0.909814725 0.654996940625 0.830876396875 0.638840015625 0.8076328531250001 0.7201757 0.883649115625 0.7351120015625 0.909814725 0.654996940625
25 0.663591146875 0.6118197015625 0.7346494453125 0.644100625 0.7888621484375 0.57478321875 0.7201522796875001 0.5427641750000001 0.663591146875 0.6118197015625
23 0.6700292390625 0.3890095375 0.7457456265625 0.45200848125000004 0.8071352078125 0.4086407484375 0.7286290906249999 0.3447820578125 0.6700292390625 0.3890095375
23 0.4075555609375 0.3681544078125 0.32307411406250003 0.38468340156249997 0.36027778125 0.469110396875 0.44409869375 0.4510602453125 0.4075555609375 0.3681544078125
23 0.227457571875 0.5650816703125 0.2403349890625 0.6309591703125 0.358133490625 0.6180213250000001 0.34375565625000004 0.554655684375 0.227457571875 0.5650816703125
23 0.426059125 0.5040569609375 0.4058504375 0.567957815625 0.5161882796875 0.5886541546874999 0.5328755265625 0.5267344890625 0.426059125 0.5040569609375
20 0.1557067265625 0.333476109375 0.23845945156249998 0.3649868671875 0.2890327546875 0.2915852484375 0.2073951546875 0.2577072296875 0.1557067265625 0.333476109375
19 0.271655909375 0.2163860640625 0.34910340624999997 0.2538855140625 0.40732877187499994 0.18191724375 0.3326006578125 0.143487565625 0.271655909375 0.2163860640625
18 0.0913165046875 0.4856241328125 0.0481974421875 0.5419199625 0.15177276875 0.5861584375 0.1958079453125 0.531502596875 0.0913165046875 0.4856241328125
17 0.300366215625 0.4678675796875 0.2147239734375 0.47420747187499995 0.23347272968750002 0.5608937484375 0.3214193234375 0.5539634921875 0.300366215625 0.4678675796875
37 0.068043096875 0.7451322593749999 0.172672840625 0.7848052765625 0.210377096875 0.7271504531249999 0.10538144375 0.6882004687500001 0.068043096875 0.7451322593749999
37 0.3951281859375 0.8032713984375001 0.32127449375 0.772092146875 0.2631685734375 0.8446254968750001 0.3403698375 0.8742519718749999 0.3951281859375 0.8032713984375001
36 0.9751207390625 0.4273658765625 0.9021772140625 0.3993555609375 0.8546829109375 0.4737536390625 0.9267886484375 0.5015910125 0.9751207390625 0.4273658765625
40 0.45994551718750004 0.74789145625 0.4737015875 0.811964846875 0.58369095625 0.8009242999999999 0.5706594015625 0.737987575 0.45994551718750004 0.74789145625
41 0.1545302046875 0.6881468015625 0.25374605781250004 0.7361731453125 0.30197863593749996 0.684477271875 0.20384679218750001 0.634528684375 0.1545302046875 0.6881468015625
41 0.3774899140625 0.642771825 0.44052399218750005 0.68685371875 0.5144197734375 0.624697859375 0.45269905312500003 0.580286921875 0.3774899140625 0.642771825
6 0.0259060890625 0.40907679999999996 0.0385812875 0.47640026718749995 0.157853259375 0.46718516406250005 0.144417765625 0.40039441875000004 0.0259060890625 0.40907679999999996