31 0.1982564375 0.347022784375 0.16867594531250002 0.4245062296875 0.2489354734375 0.47634009375 0.2758972546875 0.396142621875 0.1982564375 0.347022784375
31 0.47307218281249996 0.1397035265625 0.41259880625 0.1634694921875 0.4361641625 0.272058928125 0.4984511953125 0.24770154843749997 0.47307218281249996 0.1397035265625
31 0.32081938125 0.272350584375 0.27305069843749996 0.32309073593750004 0.32786741875000003 0.40922666249999995 0.377179378125 0.355975021875 0.32081938125 0.272350584375
30 0.7767757703125 0.432449821875 0.7852941734375001 0.5197199671875 0.8660519250000001 0.5066359265625 0.85564391875 0.4262480671875 0.7767757703125 0.432449821875
29 0.7126355890625 0.5901226375 0.663609196875 0.680949375 0.714048234375 0.7333138921875 0.7612700875 0.6385984015624999 0.7126355890625 0.5901226375
28 0.5054992328125001 0.39020821875 0.42542805625 0.3634851796875 0.4077289765625 0.443881140625 0.4911996140625 0.4715034546875 0.5054992328125001 0.39020821875
15 0.6408823140625 0.32907374843750004 0.5778692125 0.35207006406249997 0.600012809375 0.45927007968750005 0.6649732359375 0.43670719843750005 0.6408823140625 0.32907374843750004
15 0.5640374375 0.334019759375 0.501774709375 0.3541238125 0.5240762796875 0.4671124015625 0.5873324171875 0.4428562921875 0.5640374375 0.334019759375
15 0.399809046875 0.45063785312500004 0.3127900859375 0.45139535000000003 0.3113409859375 0.5368750484375 0.39945057031250003 0.5385196671875 0.399809046875 0.45063785312500004
14 0.1806515328125 0.4425160265625 0.15109230625 0.5194121078125 0.230282478125 0.574105828125 0.25920069687499997 0.49178979375000004 0.1806515328125 0.4425160265625
8 0.2779904015625 0.557404434375 0.2145641390625 0.5877974859374999 0.24233401406250002 0.6967555437499999 0.30536838125 0.6660586828125 0.2779904015625 0.557404434375
8 0.694128415625 0.20911780625 0.7099135890625 0.1340810359375 0.63030418125 0.10180841874999999 0.6132673734375 0.17968073906249998 0.694128415625 0.20911780625
25 0.54888111875 0.2169358234375 0.5161411609375001 0.283360621875 0.58436434375 0.345252590625 0.61739290625 0.2764945390625 0.54888111875 0.2169358234375
23 0.3833676765625 0.1860688296875 0.3187535765625 0.2599025171875 0.362187109375 0.3219605671875 0.425911090625 0.2508571109375 0.3833676765625 0.1860688296875
23 0.438476040625 0.6383756078125 0.42144834531250003 0.553025534375 0.3383240328125 0.5833740281249999 0.353826678125 0.66927095625 0.438476040625 0.6383756078125
23 0.5869891296875 0.651779659375 0.5236145125 0.661396228125 0.53265848125 0.7787110578124999 0.5985211765625 0.7707877187500001 0.5869891296875 0.651779659375
23 0.5595382375 0.491194328125 0.49796816093749996 0.46979402343750004 0.474102046875 0.575106371875 0.537607296875 0.6001847921875 0.5595382375 0.491194328125
20 0.26056473593749996 0.6963423625 0.2258197328125 0.7755798 0.3007962703125 0.8330969171874999 0.333192940625 0.7525632296875 0.26056473593749996 0.6963423625
19 0.1525505203125 0.5695243875 0.1133458125 0.6414947125 0.1853512375 0.708069390625 0.2236597515625 0.6333040234375 0.1525505203125 0.5695243875
18 0.552800071875 0.8561377921875 0.49879448281250005 0.807884821875 0.451812628125 0.9091139781249999 0.507464784375 0.95657299375 0.552800071875 0.8561377921875
17 0.5285511765625001 0.772367525 0.522663634375 0.6837241625 0.4365378296875 0.6983110453125 0.4418633515625 0.7846009015625001 0.5285511765625001 0.772367525
37 0.6941223390625 0.808075209375 0.6540457390625 0.910333265625 0.7103996609375 0.952048265625 0.7511932156250001 0.850211490625 0.6941223390625 0.808075209375
37 0.8119187437500001 0.7640593625000001 0.8423711265625 0.6889456265625 0.772206696875 0.6287144812500001 0.7402444546875 0.7003566921875 0.8119187437500001 0.7640593625000001
36 0.4488718953125 0.143349234375 0.4774802453125 0.0732058140625 0.40400445312500005 0.019168321874999998 0.3752138265625 0.09013810312500001 0.4488718953125 0.143349234375
40 0.7720639140625 0.4396035109375 0.7091328359375 0.44790357187499996 0.7177211140625 0.5595837578125 0.781794459375 0.550643671875 0.7720639140625 0.4396035109375
41 0.6526239796875 0.7130680609375 0.6016563390624999 0.8076174703125 0.654565228125 0.8610838015625 0.7036280765625 0.765302953125 0.6526239796875 0.7130680609375
41 0.595471078125 0.4956907015625 0.5504517375 0.5541759578125001 0.611903334375 0.6342559578125 0.6566097671875 0.574429890625 0.595471078125 0.4956907015625
6 0.43419557343750004 0.8410526624999999 0.367415415625 0.849466146875 0.3746943375 0.96886713125 0.4419970203125 0.9612557031250001 0.43419557343750004 0.8410526624999999