13 0.5953125 0.109375 0.09921875 0.15
32 0.69453125 0.27734375 0.09609375 0.15
25 0.89765625 0.44140625 0.09609375 0.15
21 0.496875 0.4421875 0.0921875 0.15
19 0.30625 0.43671875 0.09375 0.14609375
10 0.29453125 0.10546875 0.0984375 0.14140625
15 0.803125 0.1140625 0.096875 0.15078125
8 0.09453125 0.10546875 0.08515625 0.140625
11 0.3921875 0.1078125 0.09765625 0.1453125
9 0.1875 0.10546875 0.09765625 0.1375
37 0.49296875 0.58515625 0.08828125 0.12890625
14 0.70078125 0.1109375 0.0984375 0.1515625
38 0.22734375 0.584375 0.0859375 0.1265625
22 0.5953125 0.43984375 0.09375 0.1453125
20 0.40390625 0.4390625 0.0953125 0.146875
34 0.89765625 0.271875 0.09375 0.15078125
35 0.3125 0.58515625 0.0890625 0.12578125
23 0.696875 0.43984375 0.09296875 0.14609375
29 0.4 0.26796875 0.0953125 0.14296875
24 0.79921875 0.4375 0.0890625 0.13984375
16 0.90390625 0.1078125 0.09140625 0.14765625
36 0.4015625 0.5859375 0.08984375 0.12734375
27 0.19609375 0.2703125 0.0859375 0.1390625
33 0.80078125 0.27265625 0.09765625 0.14765625
18 0.203125 0.43671875 0.09375 0.14296875
17 0.10546875 0.4328125 0.0953125 0.1359375
41 0.5828125 0.58359375 0.0859375 0.1296875
12 0.50078125 0.109375 0.09765625 0.146875
26 0.09609375 0.26796875 0.0953125 0.12890625
28 0.30078125 0.27109375 0.0921875 0.1375
30 0.49609375 0.27421875 0.1 0.14765625
31 0.59609375 0.275 0.09453125 0.1546875
39 0.671875 0.58359375 0.084375 0.1296875
40 0.7625 0.59140625 0.09140625 0.125