1 0.9398731046006275 0.5149317680797026 0.08658291549465283 0.11343802586424748
27 0.8803708395735127 0.4947844041313646 0.08341246369925485 0.10553459765100222
27 0.8255424390077787 0.4721568978631584 0.0849931444174139 0.10870506175762493
27 0.7691742643397437 0.45348110570157496 0.08342155405833437 0.10709709765100217
28 0.7143549541330891 0.43241609943336873 0.08655564441741408 0.10875052586424747
30 0.6603032583878152 0.40898461111185125 0.08027837334017515 0.10388116943775678
29 0.6070328126425414 0.3855303907370224 0.08341246369925485 0.10553459765100212
34 0.5545708879745064 0.3667409383088822 0.08341246369925485 0.10553459765100204
33 0.49975612294739163 0.34645718204067605 0.08656473477649378 0.11031302586424747
32 0.4464993127407372 0.32534671166584717 0.08341246369925485 0.10553459765100204
33 0.3932470477136226 0.3050174912910184 0.08496587334017516 0.10401756175762475
32 0.341557282686508 0.2846428068095669 0.08497496369925477 0.10558006175762476
31 0.28751013212077386 0.26199256848804936 0.08340337334017515 0.10397209765100213
26 0.23426695745273882 0.2432258481132205 0.07712610226293633 0.09910274122451135
26 0.18022435206654458 0.221356859791703 0.08340337334017515 0.10397209765100213