2 0.7521582304039587 0.10099161691720009 0.12684730799670127 0.12365658525525039
19 0.13653764660951717 0.8033253165992005 0.12363137978345576 0.12036781094499105
19 0.17933055186150892 0.753499056988262 0.12358591567683304 0.11880531094499105
20 0.22835072506018936 0.7041264987568046 0.12358591567683304 0.11880531094499087
21 0.2703623803121811 0.654341182723431 0.12358591567683312 0.11880531094499087
22 0.3123740355641729 0.6045558666900575 0.12041545157021032 0.11707903663473136
22 0.358246476709542 0.5561283327688595 0.12202341567683313 0.11872342378986112
23 0.3994768819615338 0.5063839603130509 0.11880748746358769 0.11543464947960161
24 0.4453720551602142 0.4571751763918529 0.12197795157021041 0.11716092378986112
23 0.48896894246551736 0.4065267232033497 0.12358591567683312 0.11880531094499087
24 0.5341283297708205 0.3557963828597166 0.11876202335696498 0.1138721494796016
25 0.5793331811827462 0.3035035425160835 0.12358591567683312 0.11880531094499087
18 0.622975532594672 0.25129258932758025 0.113938131037097 0.10893898801421235
18 0.6657229737400412 0.20302882971664182 0.11554609514371954 0.1105833751693421
18 0.7124448610453442 0.152216602217879 0.113938131037097 0.10893898801421238