16 0.5809485801240852 0.9544793678126553 0.11827838001272664 0.09104126437468948
16 0.5545037114496765 0.9014809465356356 0.12142156134627217 0.10513352333785911
16 0.5265236147755858 0.8445613957770313 0.12142156134627217 0.10513352333785911
14 0.5008599961011772 0.7854894136548787 0.12142156134627217 0.10513352333785911
14 0.47598671809354115 0.7272624544115434 0.11984088001272664 0.10344347758022465
14 0.44954184941913244 0.6681266994105736 0.12143974267981754 0.1066960233378591
12 0.4246503900779509 0.6083372401672382 0.11987724267981754 0.10656847758022465
12 0.3982237027370877 0.5507639851662683 0.11985906134627218 0.10500597758022465
12 0.37102485606299707 0.49390820728648127 0.12143974267981754 0.10669602333785928
10 0.3461606687221338 0.43646249804314596 0.12300224267981755 0.10682356909549373
10 0.31891636871417967 0.3757004701633589 0.12303860534690844 0.10994856909549373
10 0.29168115937299816 0.3157196922835718 0.1246192866804539 0.11163861485312836
8 0.2644459500318167 0.25573891440378466 0.12307496801399935 0.11307356909549374
8 0.23956358135740796 0.19673070516044938 0.11826019867918125 0.10175343182259015