26 0.482562201034974 0.11319947068072331 0.1076008576783142 0.08323414065150563
26 0.4942916838135346 0.1754911395551973 0.10712726099766208 0.07698414065150568
26 0.5093829649324212 0.234766935834333 0.10724566016782511 0.07854664065150559
13 0.5245334456363893 0.29326148211346864 0.11037066016782511 0.0786557680561673
13 0.5388434767552759 0.35250999654143894 0.1088081601678251 0.07860120435383652
12 0.5481700099487549 0.41550106986241664 0.10064046265733602 0.07364088584218216
12 0.5633204906527232 0.4739956161415524 0.10712726099766208 0.07698414065150558
12 0.5766124734312836 0.5363418487183572 0.10857136182749905 0.07547620435383653
23 0.5925442041352518 0.5948636768486584 0.10868976099766207 0.07703870435383653
23 0.6030071848392199 0.6531945320208015 0.1088081601678251 0.07860120435383636
23 0.618157665543188 0.7116890782999372 0.10989706348717299 0.07240576805616747
15 0.631745646247156 0.770129060876742 0.10052206348717299 0.07207838584218215
15 0.6457596794406351 0.8332838253047121 0.10352866431700995 0.07062501324684396
15 0.6585664101446032 0.8916965260303517 0.10845296265733602 0.07391370435383635