12 0.39584323118386233 0.2565993969849792 0.17104886228216235 0.1633923045516262
12 0.4418962857747576 0.32858583835046706 0.1726841368892682 0.16508235030926074
11 0.4902203157585469 0.40232609835240674 0.17104886228216235 0.1633923045516262
10 0.5362733703494421 0.47431253971789455 0.17431941149637406 0.16677239606689528
10 0.6322129549241267 0.6201667868429567 0.17602746071058578 0.17002494182452993
10 0.3229043831697237 0.40827372516432875 0.17104886228216235 0.1633923045516262
10 0.4603186842459623 0.6233880263819751 0.1694863622821622 0.16326475879399177
9 0.5838889249403374 0.546426526841017 0.17431941149637406 0.16677239606689528
9 0.6804642103008102 0.6954695468448964 0.17439218610347992 0.16833489606689528
9 0.36739493776061893 0.48013262077218205 0.1677783130679506 0.16001221303635713
9 0.5070802142297517 0.6970007406262801 0.1727569114963739 0.16664485030926066
8 0.7294967156774936 0.7708360797256533 0.17275691149637407 0.16664485030926085
8 0.4142656296550671 0.5514015850164873 0.16614303846084474 0.1583221672787225
8 0.554586606909988 0.7714584777494025 0.16948636228216216 0.16326475879399177