41 0.2876806804380464 0.14448242107174444 0.12439870248167448 0.11269093182259012
41 0.31527044887537825 0.19937708622443515 0.12283620248167448 0.11256338606495567
41 0.3446412386000336 0.2512742971347604 0.12283620248167448 0.11256338606495567
37 0.3729576267155347 0.3070139851662684 0.12439870248167448 0.1126909318225902
37 0.4014379057965282 0.36040992319777637 0.12283620248167448 0.11256338606495557
13 0.4290276742338602 0.4153045883504671 0.1227269418380128 0.11100088606495558
13 0.4566720729930228 0.4694180035031577 0.12439870248167462 0.1126909318225902
13 0.48364448239584734 0.5219051457770312 0.12283620248167448 0.11256338606495557
10 0.5121247614768409 0.5753010838085392 0.12272694183801285 0.11100088606495558
9 0.5390425405578346 0.6285694760824126 0.11938342055068922 0.1076207945496865
8 0.5690853196388282 0.6820929598715552 0.12105518119435103 0.10931084030732112
11 0.5951672183979909 0.7360788292666113 0.11927415990702758 0.10605829454968649
10 0.6252099974789844 0.7896023130557538 0.11760239926336595 0.10436824879205205
9 0.6536902765599781 0.8429982510872618 0.11927415990702758 0.10605829454968649
2 0.6774284253191409 0.8967928018458661 0.11760239926336577 0.10436824879205205
6 0.7050181937564728 0.949329159861857 0.11927415990702758 0.10134168027628618