6 0.1234375 0.43515625 0.04609375 0.0828125
8 0.17421875 0.4375 0.04453125 0.08671875
9 0.225 0.4359375 0.04140625 0.08203125
10 0.275 0.43671875 0.0453125 0.0828125
14 0.328125 0.4375 0.04140625 0.0765625
15 0.3796875 0.4375 0.046875 0.07890625
16 0.43203125 0.4359375 0.04375 0.07890625
11 0.48203125 0.434375 0.04453125 0.078125
11 0.534375 0.43515625 0.04765625 0.08046875
13 0.5859375 0.43515625 0.04765625 0.07890625
13 0.63828125 0.434375 0.04609375 0.078125
13 0.69140625 0.43359375 0.05078125 0.08203125
38 0.74453125 0.43359375 0.04921875 0.0765625
38 0.79609375 0.4328125 0.05078125 0.08046875
38 0.85 0.4328125 0.04765625 0.0765625