34 0.7790636866481763 0.2530698588778167 0.18061150512049745 0.1610142504614253
34 0.7344407023626047 0.32882202806386307 0.18382751038216938 0.16277700956072394
34 0.690598968077033 0.4046242620247341 0.18548101564384112 0.1644396391103733
34 0.6468027364222974 0.4812077459856051 0.18722552616718496 0.16766476866002264
33 0.6029610021367258 0.5570099799464762 0.1920950366905286 0.17109015730897054
32 0.5575567678511542 0.632712084357698 0.1904415314288567 0.16942752775932135
31 0.5131157940889262 0.7115892535437442 0.1905325366905286 0.17099002775932134
30 0.4670213150650264 0.7888037931801414 0.19374854195220054 0.17275278685862006
29 0.4217990913027985 0.8676308975913631 0.19558405773721593 0.17754041640826906
31 0.5467586918392611 0.3136814821059445 0.18548101564384112 0.1644396391103733
30 0.5029169575536894 0.3894837160668156 0.18566302616718494 0.16756463911037328
29 0.45751272326811776 0.4651858204780373 0.18557202090551303 0.1660021391103733
27 0.4127987337208743 0.5393754896640837 0.18713452090551302 0.16610226866002265
27 0.3674400020661386 0.6158588440753053 0.1905325366905286 0.17099002775932134