14 0.3897853854460423 0.7511220785923622 0.1585047906531946 0.10324169961943923
13 0.39319936654434084 0.6630636630790427 0.15854115824437506 0.10480419961943924
10 0.5557142842880213 0.5026566981737455 0.15846842306201392 0.10167919961943923
15 0.3879157205521534 0.8384629111018764 0.15530705547083343 0.09998936562705021
15 0.3989207300514588 0.5735382480600147 0.15854115824437506 0.10480419961943924
14 0.40231652735416706 0.484698582546695 0.15854115824437506 0.10480419961943924
13 0.4049492584524656 0.39660833353527825 0.16166615824437508 0.10493153361182798
13 0.40836323955076415 0.30854991802195864 0.16173889342673622 0.10805653361182799
12 0.41328516926229175 0.2182114195048334 0.1601400258355557 0.10643036661563351
11 0.4197877827694098 0.12871783798390252 0.1569422906531946 0.10317803262324476
9 0.5473238220914242 0.6787098622041903 0.16010365824437506 0.10486786661563344
9 0.5530633693941324 0.5899656971851623 0.1569059230620141 0.10161553262324467
9 0.55914644918191 0.4153795326604258 0.15854115824437506 0.10480419961943924
8 0.564086562689028 0.3258222841433006 0.15857752583555573 0.10636669961943923