39 0.6842028433702925 0.897814255084904 0.12352461733238052 0.09813471622369932
39 0.6567773298766392 0.839281061840164 0.12196211733238069 0.0980345866740496
39 0.6292971860611549 0.7799666185954242 0.12363387797604233 0.09969721622369913
37 0.5986920422456709 0.7204519162513857 0.12374313861970414 0.10125971622369914
37 0.5705399090738483 0.6626499082318211 0.12363387797604233 0.09969721622369895
37 0.5430051349365332 0.6025542149870814 0.1235246173323807 0.09813471622369914
24 0.5141263820865417 0.5454833921926923 0.1235246173323807 0.09813471622369896
24 0.48670086859288836 0.48695019894795244 0.1235246173323807 0.09813471622369914
24 0.4577674854210659 0.42909812615356324 0.12218063861970414 0.10115958667404978
23 0.43023271128375085 0.3690024329088235 0.12374313861970414 0.10125971622369914
22 0.4020259477900975 0.31041917488925896 0.12374313861970414 0.10125971622369914
18 0.3753270539746133 0.25115479641934385 0.12530563861970415 0.1013598457733484
18 0.3455031601591291 0.19169015885013005 0.1219621173323806 0.09803458667404974
18 0.31796838602181404 0.13159446560539026 0.11861859604505716 0.09470932757475112