5 0.5297154772385646 0.073997285586517 0.0977922425071295 0.07158769970043759
21 0.5244121140435182 0.13029508301114148 0.0899797425071295 0.07094997091226492
22 0.5203294982565737 0.18255908467813142 0.08929623732333311 0.06313747091226492
23 0.5153972819512495 0.23410560922393864 0.09324144354388882 0.07276756242753395
18 0.5116564187562032 0.2902758608909286 0.08956963939685174 0.06626247091226496
19 0.509849202450879 0.34156729392146673 0.0915422425071295 0.07107751666989941
20 0.5035595377006936 0.39558511422490844 0.0847454383600926 0.06431733363936125
41 0.5001214708769899 0.4462228430130811 0.08814384043361087 0.06769742515463033
41 0.4961072056084249 0.49926809468007105 0.08658134043361106 0.06756987939699588
41 0.4911066387847211 0.5500333692258783 0.08277283524981467 0.059502287881726804
38 0.49001232196101724 0.6004797793775992 0.08162043836009261 0.06406224212409235
38 0.4835859561740728 0.6529350996810409 0.08162043836009261 0.06406224212409217
38 0.47794084038712825 0.7053266471056654 0.07652283524981467 0.058992104851188644
37 0.4737898740818041 0.7568093987726553 0.07679623732333311 0.06211710485118864
37 0.47205100829485946 0.8088820818031934 0.07414012902925933 0.049489559093554104