25 0.2265625 0.53359375 0.0515625 0.06640625
25 0.27734375 0.5359375 0.0484375 0.059375
25 0.328125 0.53828125 0.05234375 0.06171875
19 0.38203125 0.54140625 0.0390625 0.0578125
19 0.43359375 0.54140625 0.0453125 0.059375
19 0.48515625 0.54296875 0.03984375 0.06015625
27 0.53984375 0.54453125 0.0390625 0.0578125
27 0.59296875 0.5453125 0.034375 0.05625
27 0.65 0.54921875 0.03828125 0.06015625
9 0.71015625 0.5515625 0.0421875 0.06015625
9 0.76640625 0.553125 0.046875 0.05703125
9 0.82421875 0.55625 0.04921875 0.059375
35 0.890625 0.5578125 0.046875 0.0578125
35 0.95 0.5625 0.0546875 0.06171875