4 0.071875 0.54296875 0.05 0.08984375
1 0.125 0.54453125 0.05 0.08984375
2 0.17734375 0.54609375 0.046875 0.08671875
17 0.2296875 0.54453125 0.0515625 0.08984375
18 0.28359375 0.54609375 0.05078125 0.09140625
19 0.33828125 0.54765625 0.05078125 0.08671875
23 0.3921875 0.54453125 0.053125 0.08984375
24 0.446875 0.5453125 0.05390625 0.09140625
25 0.5015625 0.54375 0.0515625 0.0890625
20 0.5578125 0.54453125 0.05390625 0.0875
21 0.6140625 0.5453125 0.05234375 0.09140625
22 0.66875 0.54375 0.053125 0.09140625
19 0.7265625 0.5453125 0.0546875 0.09140625
19 0.78359375 0.5453125 0.053125 0.09375
19 0.83984375 0.54375 0.0546875 0.09140625
17 0.89765625 0.54453125 0.05703125 0.09453125
17 0.95703125 0.54375 0.053125 0.09375