2 0.7529871708761651 0.7429215214299104 0.1006950197716634 0.0971329495445131
7 0.7194225957810249 0.7050867047323546 0.09744268577927465 0.09389882213985139
11 0.6843273541839817 0.6665252017371298 0.09262785178688589 0.09061013103285873
11 0.6507627790888415 0.628690385039574 0.09744268577927465 0.09389882213985139
11 0.6164487874917985 0.5901016001931836 0.09581651878308026 0.09228175843752062
9 0.5828842123966582 0.552266783495628 0.1006950197716634 0.0971329495445131
9 0.5493833042977124 0.5128694667980722 0.09588018577927464 0.09384425843752062
9 0.5142562292025723 0.47508921380284724 0.1006950197716634 0.09713294954451293
16 0.48150473760552936 0.4364458652541261 0.09588018577927464 0.09384425843752058
16 0.44644132950658344 0.3971031122589012 0.10069501977166358 0.09713294954451301
16 0.41056483790954046 0.3585688911148418 0.09744268577927465 0.0938988221398513
12 0.3778133463124974 0.3199255425661206 0.1006950197716634 0.0971329495445131
12 0.3427499382135516 0.2805827895708958 0.10069501977166358 0.0971329495445131
12 0.30846778011460574 0.2412127547245054 0.10069501977166348 0.0971329495445131
13 0.27346803901185435 0.20030750172928052 0.09744268577927465 0.09389882213985137
13 0.2392177144110057 0.16015621688289022 0.10069501977166348 0.09713294954451306