6 0.7176877149520869 0.8260704843688707 0.11794490514873246 0.12936824879205205
37 0.6670660886719626 0.7925244028555414 0.09801183674699843 0.10752519970043757
37 0.6190612281768537 0.76347450270576 0.101409852532014 0.11246779121570664
37 0.5688946282050886 0.7377409211924306 0.09810284200867017 0.10908769970043757
40 0.5177647677099797 0.7089461125579184 0.10315436305535748 0.11572033697334128
40 0.4698964151073787 0.6822399624081374 0.10315436305535748 0.11572033697334128
22 0.41963880987394175 0.6549438808948078 0.10646137357870131 0.11910042848861017
21 0.37356817570130957 0.6186714121085749 0.098193847270342 0.11065019970043757
20 0.32197558362205225 0.59540912635288 0.10646137357870131 0.11910042848861017
24 0.27010997575777934 0.5674593405971852 0.1016828683170294 0.11715529121570664
23 0.22127836263183456 0.5376919633262212 0.10664338410204496 0.12222542848861018
22 0.1710207573983976 0.5103958818128917 0.10508088410204497 0.12209788273097573
19 0.12724837059492952 0.47315084439020705 0.09497784200867018 0.10883260818516867
18 0.07533726009982068 0.44441980863451214 0.10159186305535758 0.11559279121570665
17 0.04828964171220408 0.4113042907566647 0.054534852532013886 0.10864141848667064