3 0.5643315640625 0.21299600000000002 0.567164040625 0.269030334375 0.6480381078125 0.2713091890625 0.6442416890625 0.2194261953125 0.5643315640625 0.21299600000000002
2 0.5616062453125 0.1522690984375 0.5650347390625 0.20592977656250003 0.6450760718749999 0.213382103125 0.6412796546874999 0.16149910781250001 0.5616062453125 0.1522690984375
5 0.5562577921875 0.0946543453125 0.560701865625 0.1470793953125 0.6400755453125 0.15786901874999998 0.636333715625 0.10477604843749999 0.5562577921875 0.0946543453125
4 0.56016896875 0.0324569015625 0.5615005765625 0.0879979671875 0.641503384375 0.100374496875 0.6377615546875 0.047281526562499995 0.56016896875 0.0324569015625
41 0.593665575 0.40219942968750005 0.5969839328125001 0.46161748124999996 0.67852100625 0.4530508734375 0.6729088421875 0.39675165 0.593665575 0.40219942968750005
41 0.5848149203124999 0.337511103125 0.58958971875 0.398721846875 0.669430271875 0.3930598296875 0.6652466453125 0.33630006562500003 0.5848149203124999 0.337511103125
41 0.5755820093749999 0.27391423593750003 0.58046034375 0.3344981234375 0.6591373765624999 0.333960203125 0.655310128125 0.2756837296875 0.5755820093749999 0.27391423593750003
35 0.492681965625 0.8554499296875001 0.5004334218750001 0.9277783 0.5968475390625 0.8859137265625 0.5900019671875001 0.8209246 0.492681965625 0.8554499296875001
35 0.484457596875 0.7770827765625 0.4931698328125 0.8471500515624999 0.5882258203124999 0.8111711984375001 0.5813802484374999 0.7461820718750001 0.484457596875 0.7770827765625
16 0.4686408328125 0.702002103125 0.4773248328125 0.7710207812500001 0.57068170625 0.7400878296875 0.563836134375 0.675098703125 0.4686408328125 0.702002103125
16 0.4605580015625 0.623194421875 0.4665665921875 0.6923613375000001 0.56196935 0.6661322484375 0.5548141375 0.6037292390625 0.4605580015625 0.623194421875
16 0.45277003593750004 0.547451 0.46007642656250003 0.6169116328124999 0.5557500859375 0.5947832734375 0.548594871875 0.5323802640624999 0.45277003593750004 0.547451
12 0.455133009375 0.47551089375 0.4617114046875 0.5399607734375 0.5570337375000001 0.524788153125 0.549878521875 0.46238514531249997 0.455133009375 0.47551089375
12 0.44462388593749996 0.4057082453125 0.4501473390625 0.47051866093749994 0.5479649125 0.4559696984375 0.540331875 0.3952428578125 0.44462388593749996 0.4057082453125
12 0.4457187828125 0.334845434375 0.451896140625 0.39895047968749997 0.5479014296875 0.3882179375 0.5402361984375 0.329190325 0.4457187828125 0.334845434375
11 0.43981252499999995 0.2627378171875 0.44693999531250006 0.3288388140625 0.541745371875 0.321762946875 0.534080140625 0.2627353359375 0.43981252499999995 0.2627378171875
10 0.42686558281250003 0.19603417343750001 0.434615728125 0.2601726125 0.529523696875 0.2580897578125 0.5218584625 0.19906214687499998 0.42686558281250003 0.19603417343750001
9 0.4349514375 0.130329509375 0.4418666625 0.1933317546875 0.536665109375 0.194933896875 0.52979564375 0.13598599218750002 0.4349514375 0.130329509375