16 0.5465554909161442 0.23086555759574204 0.15867311151914834 0.11849439273291543
15 0.567776528797871 0.3102022422932701 0.1554205657615139 0.11667680121764637
14 0.5892526581948669 0.3926639269907982 0.15854556576151388 0.11693189273291545
14 0.6090387418342281 0.47343556593069175 0.15841802000387925 0.11536939273291544
13 0.6311048025947722 0.5536172735070372 0.16154302000387943 0.11562448424818435
12 0.6531708633553162 0.6337989810833824 0.15998052000387944 0.1154969384905499
13 0.6754920156311293 0.7171056886597278 0.16179811151914833 0.11874948424818435
12 0.6993118950281252 0.7997586919937076 0.15841802000387945 0.11536939273291544
11 0.7209155701827555 0.8837828766912358 0.15854556576151388 0.11693189273291545
10 0.4548297318322884 0.4096286731977763 0.1554205657615139 0.11667680121764623
10 0.4752695197140152 0.4889015850164872 0.1568555200038794 0.11524184697528081
10 0.496490557595742 0.5682382697140153 0.1551654742462448 0.11355180121764637
8 0.5169941183562861 0.648292431532726 0.15867311151914834 0.11849439273291544
8 0.5390601791168301 0.7284741391090714 0.15854556576151388 0.11693189273291545