5 0.91875 0.6546875 0.0546875 0.0953125
34 0.85703125 0.65546875 0.05390625 0.10078125
33 0.796875 0.65 0.0515625 0.09921875
32 0.7359375 0.64609375 0.053125 0.0984375
34 0.675 0.6421875 0.0515625 0.1
33 0.61484375 0.6359375 0.053125 0.09609375
32 0.55546875 0.63515625 0.04765625 0.09296875
30 0.49296875 0.63203125 0.046875 0.09765625
29 0.4359375 0.6296875 0.05078125 0.103125
28 0.37421875 0.62890625 0.04609375 0.09609375
40 0.315625 0.62421875 0.05078125 0.0953125
40 0.25625 0.62265625 0.04921875 0.096875
40 0.1953125 0.62265625 0.0484375 0.0953125
27 0.134375 0.61875 0.046875 0.0921875
27 0.07578125 0.615625 0.046875 0.08828125