17 0.7589663424697078 0.7701644689437052 0.09399935079830275 0.09074116013203692
17 0.7314514961200294 0.7106329355318532 0.09881418479069168 0.09427626324231468
18 0.7109360662722537 0.6497049974545847 0.09218218281352505 0.08435445909527761
19 0.6875503044092557 0.5953004614508346 0.09706068380210837 0.08945206220555554
20 0.6641327090481604 0.5401146754470846 0.0889298488211363 0.08095605702175916
19 0.635405531177551 0.48931359307199196 0.0904923488211363 0.0810927580585183
19 0.6180151013297754 0.4281122529212048 0.0904286818249421 0.07953025805851835
19 0.591631673459166 0.37710611899097335 0.09061968281352506 0.08421775805851839
22 0.5681822445999736 0.32113908298722327 0.09517984882113631 0.08150286116879606
23 0.5424845662350727 0.2677208485386121 0.09530718281352506 0.08462786116879614
24 0.5196572198853942 0.20777921201648245 0.08698534684397004 0.07144435598499985
22 0.4917749590109793 0.15847227912301018 0.09186384783255334 0.07654195909527761
23 0.46757611364988405 0.10335484363763978 0.0919911818249421 0.07966695909527761
24 0.4441585182887888 0.048169057633889734 0.08555018083635879 0.07443265494824058