13 0.1921875 0.459375 0.040625 0.07578125
13 0.24375 0.459375 0.0453125 0.07109375
13 0.296875 0.459375 0.04140625 0.08203125
9 0.35 0.45390625 0.0453125 0.07890625
9 0.40546875 0.45234375 0.04140625 0.07421875
9 0.45625 0.45234375 0.04140625 0.0734375
10 0.50703125 0.45234375 0.04375 0.07578125
11 0.55703125 0.45 0.04375 0.071875
12 0.61015625 0.44765625 0.04609375 0.0734375
15 0.6640625 0.44609375 0.04296875 0.07578125
15 0.71796875 0.4453125 0.04375 0.07578125
35 0.76953125 0.4421875 0.04140625 0.0671875
35 0.82265625 0.440625 0.04453125 0.07109375
35 0.87421875 0.43515625 0.040625 0.07109375
6 0.0265625 0.4671875 0.04765625 0.084375