5 0.5503565112190053 0.835669491923958 0.11853291868236297 0.11698860001590825
0 0.6028088018778238 0.8928638265834129 0.11853291868236297 0.11698860001590852
25 0.37270750994591156 0.39404670794877505 0.12171246268299925 0.12171246268299925
25 0.4243058252705484 0.4575001332750027 0.12171246268299925 0.12171246268299925
21 0.0628336179583201 0.30625854332431857 0.11221019334818112 0.11066587468172653
21 0.11223363395132042 0.3572392406508643 0.10746814934754481 0.10592383068109026
21 0.1616063779440026 0.4105636879774101 0.10746814934754481 0.10592383068109026
20 0.21021605327023013 0.46233472597072856 0.11221019334818114 0.1106658746817267
20 0.26036095659613967 0.5164313326305017 0.11537155601527208 0.11382723734881743
20 0.31054222258913994 0.5674029392902746 0.11853291868236289 0.11698860001590834
20 0.3575803072485948 0.6199734086171387 0.12169428134945379 0.12014996268299924
10 0.4760041379296851 0.5123598086012302 0.12641814401654478 0.12332950668363551
10 0.5284473379217308 0.5703353932606852 0.12327496268299924 0.12173064401654479
10 0.5816536065802312 0.6298643872533674 0.11695223734881743 0.11540791868236297
16 0.4069075979074134 0.6772041059436844 0.11221019334818116 0.1106658746817267
16 0.4554900012333228 0.7313188939370029 0.11062951201463563 0.10908519334818116
16 0.5024917232256868 0.7870143632638669 0.1137908746817267 0.11224655601527207