4 0.07676356619442112 0.4234173565732638 0.07402830517696724 0.09222517401194459
2 0.12024825568519486 0.44034963022461787 0.07090330517696723 0.09215243882958331
6 0.16795771359182007 0.45172223489802066 0.06897678413027988 0.08586607123840277
24 0.21479491623677344 0.4646755233670136 0.0608912683452643 0.08099673328249998
24 0.26466611362005493 0.4791185766536456 0.06576077886860805 0.08423083605604162
24 0.3115033162650083 0.49207186512263856 0.06576077886860805 0.08423083605604162
18 0.3597665110174539 0.507332536000451 0.06410727360693613 0.08263196846486132
18 0.40660371366240716 0.5202858244694442 0.06576077886860791 0.08423083605604162
18 0.454821405784017 0.5363277453472566 0.06089126834526439 0.08099673328249998
36 0.5025763663214781 0.5469191000206592 0.06392526308359248 0.07950696846486113
36 0.5502403215972673 0.559072954694062 0.06218075256024882 0.07634560087368066
36 0.5978132716113848 0.5727893093674647 0.06061825256024882 0.07630923328249999
35 0.6469487216255022 0.5864692964496869 0.06410727360693613 0.08263196846486132
35 0.6953029216396196 0.6001674673274995 0.06723227360693614 0.0827047036472223
35 0.7460463742845731 0.613029836818541 0.0687037683452644 0.08117857123840277
38 0.7920568242986905 0.6267825590831243 0.06356124203690498 0.07325696846486114
38 0.8458797743128079 0.6403534433918049 0.06199874203690499 0.07322060087368065