36 0.7675121119613736 0.6373551835898199 0.1071455005042031 0.15421574855010753
36 0.7118466200071453 0.6221455033007703 0.10725476114786474 0.15577824855010752
36 0.6591422370874243 0.6090427746713947 0.10412976114786474 0.15554145020978147
35 0.6072737344895343 0.5950995964569374 0.10725476114786474 0.15577824855010752
35 0.553951992535306 0.5797123174126433 0.1055830005042031 0.15409734937994451
17 0.5021381202592468 0.5649878891981862 0.1055830005042031 0.15409734937994451
17 0.45188674798318756 0.5501450618135659 0.10369271857321785 0.14929145020978146
17 0.40079949538529763 0.5361426840140272 0.10369271857321785 0.14929145020978146
34 0.3480404821437458 0.5238212053846516 0.1055830005042031 0.15409734937994451
34 0.3001874901895175 0.5080195292447869 0.10725476114786484 0.15577824855010752
34 0.24893634662613487 0.4963609014452482 0.10536447921687964 0.1509723493799445
8 0.20091946370641392 0.4829029753053834 0.10369271857321787 0.14929145020978146
8 0.15379309143035474 0.46782334958043714 0.09856817599857096 0.1426862526992924
8 0.10276046915429556 0.4530397217808984 0.1034741972858944 0.14616645020978147
3 0.05557946655640552 0.43874134605595216 0.10034919728589442 0.14592965186945542
4 0.02827854726622394 0.4203591215757614 0.05655709453244788 0.14678175684847722