24 0.7071618892051071 0.033096673228468744 0.11367276217486459 0.06619334645693749
23 0.7012743534912922 0.0974424238415577 0.11534435633066593 0.08208063942190073
22 0.6836407942385269 0.16899811512826945 0.11841480925276535 0.0791924377622268
41 0.6792884849857617 0.23954741346859548 0.12000458279171564 0.08087333693238981
41 0.6765123125024715 0.3091970626387585 0.11846935633066594 0.08231743776222675
41 0.6698708003276069 0.37679895973432914 0.11534435633066593 0.08208063942190069
25 0.6593230381527422 0.4446968547553073 0.11687958279171565 0.0806365385920639
24 0.6534900495168279 0.5106770522657963 0.11531708279171564 0.0805181394219007
23 0.6445184241114384 0.5776752981166114 0.11846935633066594 0.08231743776222675
20 0.6378769119365739 0.645277195212182 0.11846935633066594 0.08231743776222693
20 0.6297001733006595 0.7114349914779157 0.11221935633066593 0.0818438410815748
19 0.6230722978952702 0.7782556385734862 0.11221935633066593 0.0818438410815748
18 0.6156631724898807 0.8451354852541382 0.1153716298696164 0.08364313942190052
17 0.6082540470844913 0.9120153319347903 0.11674321509696384 0.07282403859206354