33 0.6124942982742704 0.20130014324430484 0.15112001387966068 0.09485316191590931
33 0.6016185525932071 0.28583426761748426 0.15414488433001133 0.09338159012915473
33 0.589130242137319 0.37119510609728634 0.15268251387966067 0.094898626022532
32 0.5782044316814311 0.45651048047046566 0.15268251387966067 0.09489862602253218
31 0.5658162507751923 0.5403088189502678 0.15434514342931002 0.09650659012915472
31 0.5556716903193044 0.6256014612701358 0.15434514342931002 0.09650659012915455
30 0.544645750313767 0.7124793356433152 0.1562080320782579 0.10123955423577743
29 0.5327384307585804 0.800942442069806 0.1563081616279071 0.10280205423577735
29 0.4558752560169797 0.2846164115867049 0.15424501387966064 0.09494409012915472
28 0.44265576033591636 0.36921873211981837 0.15112001387966068 0.09485316191590938
27 0.43183007942967766 0.45297160649299767 0.15112001387966068 0.09485316191590946
28 0.42105446329826357 0.5359432308661771 0.15112001387966062 0.09485316191590946
27 0.41012865284237565 0.6212586052393565 0.1544452729789592 0.09806909012915473
26 0.3945153423864876 0.7067103719324039 0.15298290252860855 0.099586126022532