34 0.711397306846836 0.7125238947972635 0.16055434697528098 0.15968542116548717
33 0.6489931595719927 0.6606546640932954 0.16562448424818452 0.16472811867597628
32 0.5873702622971495 0.6087262338042458 0.1639344384905499 0.16304721950581325
30 0.5241848650223062 0.5569162026853591 0.1639344384905499 0.16304721950581325
29 0.4624981948686456 0.5042065223963096 0.16562448424818438 0.16472811867597628
28 0.39931279759380234 0.452396491277423 0.1690045757634535 0.16808991701630233
30 0.33599985456132453 0.39902396015853636 0.1690045757634536 0.16808991701630233
29 0.271969434407664 0.3464918786247313 0.16731453000581897 0.1664090178461394
28 0.20696644561755165 0.2916752466760077 0.1656244842481845 0.16472811867597636
34 0.6775810609297219 0.5004858360839753 0.16224439273291544 0.1613663203356502
34 0.6143956636548786 0.4486758049650887 0.1639344384905499 0.16304721950581325
34 0.5529003121376699 0.39830987467603907 0.15717425546001174 0.1563236228251613
27 0.49121364198400935 0.3456001943869894 0.16224439273291544 0.1613663203356503
27 0.4271832218303488 0.29306811285318435 0.16562448424818452 0.16472811867597628