1 0.5014025622930162 0.9354935100998208 0.13496580517696727 0.09817843671876361
34 0.48517134656447036 0.8707029680064459 0.12513577886860805 0.08981990514873246
34 0.47914188346676045 0.8072852101139383 0.1233912683452644 0.08660389988706063
34 0.45477194404657384 0.7498066390813681 0.12330026308359247 0.08504139988706054
32 0.43729674673387964 0.6903938417263215 0.11668624203690503 0.07842737884037305
31 0.42524479679034927 0.6305183127871263 0.1214647472985769 0.08026289462538863
30 0.40643461263183456 0.5749207601704078 0.1167772472985769 0.07998987884037305
28 0.38895941531914024 0.5155079628153612 0.11650423151356133 0.07530237884037305
27 0.3809047206372818 0.45742244703034557 0.11650423151356133 0.07530237884037305
26 0.3611767785862593 0.39943564178279123 0.10860072625188959 0.07328485253201382
41 0.3476533339044009 0.34103160758192425 0.10685621572854584 0.07006884727034209
41 0.32728064974588617 0.28534304970353386 0.11466871572854576 0.07052387357870131
36 0.3098964576948637 0.22749275234848726 0.1035492052052021 0.06676183674699834
36 0.2970177551204975 0.16679047077845616 0.10649219468185844 0.06381884727034204
36 0.2828495683311469 0.11068468394675321 0.10015118942018653 0.061892326223654634