30 0.140625 0.5952016314944694 0.0875 0.09058981818121907
30 0.178125 0.5570470665596613 0.0890625 0.09374209172016937
33 0.25390625 0.48619304992056983 0.090625 0.09533186525911966
33 0.2953125 0.4471890511383858 0.0859375 0.0921250446422686
33 0.34140625 0.41279073173935077 0.0828125 0.08738299756436803
33 0.38203125 0.37614411972664186 0.0828125 0.08738299756436803
40 0.1 0.6310669935071782 0.0875 0.09215231818121908
39 0.2140625 0.5197010251638035 0.0890625 0.09374209172016937
37 0.41953125 0.3395520547918337 0.0859375 0.09056254464226869
37 0.459375 0.30057532954860006 0.0859375 0.09056254464226869
37 0.5015625 0.2623389439969409 0.0828125 0.08738299756436803
5 0.54296875 0.22411619521475687 0.090625 0.09533186525911967
41 0.5859375 0.18274117289362252 0.08125 0.08735572402541769
41 0.6296875 0.145258763803013 0.084375 0.08897277110331836
41 0.67109375 0.10625476502082898 0.084375 0.08897277110331836