6 0.19149550937499998 0.18212785 0.1538784296875 0.1480385484375 0.1203323609375 0.22454932031250002 0.15660968125000002 0.2570799734375 0.19149550937499998 0.18212785
1 0.21260310312500003 0.27793868593750004 0.2431870203125 0.195970728125 0.1985421609375 0.1702201546875 0.1705109390625 0.252662259375 0.21260310312500003 0.27793868593750004
25 0.2147215203125 0.274854146875 0.2589773296875 0.3016106578125 0.29078978125 0.21752732031250002 0.2452116453125 0.1922226359375 0.2147215203125 0.274854146875
24 0.260639796875 0.2999159359375 0.3048956046875 0.326672446875 0.3394666671875 0.24271696406249998 0.2923660703125 0.21683170000000002 0.260639796875 0.2999159359375
23 0.3072654578125 0.3253336703125 0.3515212671875 0.3520901828125 0.38819409375 0.2695192515625 0.3410660890625 0.24293184218750002 0.3072654578125 0.3253336703125
17 0.3534206125 0.3522111578125 0.4005570546875 0.3808831515625 0.4400416546875 0.2961700203125 0.389599928125 0.2691039484375 0.3534206125 0.3522111578125
17 0.39951111875 0.382781765625 0.44795872187499997 0.41190109374999995 0.4893895234375 0.329055971875 0.44011456562499995 0.299216134375 0.39951111875 0.382781765625
17 0.44989608593749997 0.40872483437499996 0.49834368749999997 0.437844159375 0.5425996625 0.3545372171875 0.492655975 0.3244174640625 0.44989608593749997 0.40872483437499996
22 0.5008470578125 0.4320694453125 0.55094399375 0.46185888124999996 0.5980503500000001 0.37703895625 0.5476017875 0.34871025312500004 0.5008470578125 0.4320694453125
22 0.553322971875 0.460808671875 0.6034199078125 0.4905981078125 0.6536041734375 0.40759460000000003 0.6000777015625001 0.3774494828125 0.553322971875 0.460808671875
19 0.652662890625 0.41428532812499996 0.6022497546875 0.4951720609375 0.6534725375 0.5249119921875 0.7061924281249999 0.44434918593750006 0.652662890625 0.41428532812499996
19 0.6172279406250001 0.5871657781249999 0.6679775703125 0.6190795390625 0.7208309140625 0.5431175671874999 0.6667770515625 0.511325909375 0.6172279406250001 0.5871657781249999
19 0.7760556875 0.5780631031250001 0.831829896875 0.49464168593749996 0.7744618546875001 0.4651429421875 0.719856490625 0.5483461562499999 0.7760556875 0.5780631031250001
24 0.780676084375 0.5750857203125 0.8364764984375 0.60439238125 0.8952716109375001 0.5223262953125001 0.8362291624999999 0.49074410625000003 0.780676084375 0.5750857203125
24 0.956265203125 0.556277390625 0.8964797328125 0.52514599375 0.838285990625 0.6081045859375 0.8939836265625001 0.639259025 0.956265203125 0.556277390625
28 0.7678386453125 0.789485571875 0.8103864640625 0.8504129703125001 0.8658564875 0.813714953125 0.8215044234375 0.7546994203125 0.7678386453125 0.789485571875
17 0.768149915625 1 0.7810460890625001 0.998350475 0.8119466015624999 0.950996871875 0.8116853171875 0.93727655625 0.7341112125 0.9571273765624999 0.7440757484375 1 0.768149915625 1
31 0.68153666875 0.8746135 0.6335936828125 0.8952835828125 0.6640288062499999 0.9517200859375 0.7135094765625001 0.9324369703125001 0.68153666875 0.8746135
9 0.5591246921875 1 0.5708096828125 0.9852081828125 0.5294895000000001 0.9565236828125 0.49839509687500005 1 0.5591246921875 1
33 0.358960503125 0.90929906875 0.33620852343749996 0.9434494765625001 0.381044609375 0.98137799375 0.406512509375 0.9477828390624999 0.358960503125 0.90929906875
22 0.468461371875 1 0.5001758734374999 0.9758618515625 0.4668452703125 0.9415243828125 0.4249967859375 0.9759439640625001 0.4460666046875 1 0.468461371875 1
30 0.4019852515625 0.80185935 0.421442221875 0.8473553015625 0.47839225937499996 0.822702203125 0.4594208484375 0.77640409375 0.4019852515625 0.80185935
22 0.35798896406249997 0.7521277937499999 0.3309720671875 0.7885090390625 0.3773448625 0.8306237015625 0.40447669062499997 0.7941224296875 0.35798896406249997 0.7521277937499999
27 0.5097128765625001 0.6827454203125 0.5528275625 0.714649884375 0.599248184375 0.652489646875 0.553827434375 0.6191359578125 0.5097128765625001 0.6827454203125
23 0.2421997453125 0.4938101890625 0.25075179531249997 0.54734145 0.3074289421875 0.5340259453125 0.3002197875 0.4753392625 0.2421997453125 0.4938101890625
23 0.3507462765625 0.513783121875 0.32293340625 0.56181800625 0.3737633796875 0.600133215625 0.4027859828125 0.5553245578125 0.3507462765625 0.513783121875
9 0.5809651328125 0.8333570234375 0.5847255734375 0.8861890562499999 0.656551734375 0.878333496875 0.6521766546875 0.8257746796875001 0.5809651328125 0.8333570234375
13 0.256173490625 0.9388087078125 0.29318679062499997 0.941341665625 0.28828671875 0.8882797109375 0.25324570468749996 0.8839560687500001 0.256173490625 0.9388087078125
15 0.4284123234375 0.9256999625000001 0.4717412140625 0.9174889453124999 0.45175254843749996 0.855221321875 0.41024768749999996 0.866717190625 0.4284123234375 0.9256999625000001
16 0.287457325 0.6529469265625 0.298326971875 0.6998151859374999 0.3521552578125 0.678271825 0.3383349015625 0.6348916296875 0.287457325 0.6529469265625
14 0.477907278125 0.5273180296875 0.4257963109375 0.5772813171875 0.453601675 0.620440125 0.5082284546875 0.5728786625 0.477907278125 0.5273180296875
28 0.46069256875000003 0.6889129390625001 0.42509728593749996 0.74868644375 0.46599849843749996 0.775064115625 0.504030615625 0.7155851156249999 0.46069256875000003 0.6889129390625001
16 0.8027441953125001 0.8555956515625001 0.7681483765625 0.8107634125000001 0.7017585140625 0.8609187734375 0.737395225 0.900840565625 0.8027441953125001 0.8555956515625001
38 0.564308146875 0.95782411875 0.6046239531250001 0.9870598875000001 0.649130421875 0.9392351937500001 0.6061332640625 0.909313146875 0.564308146875 0.95782411875
8 0.5661863390625 0.7528604062500001 0.516042740625 0.803273825 0.55385940625 0.8416081453125001 0.604900284375 0.7922402187500001 0.5661863390625 0.7528604062500001
37 0.36720839843749997 1 0.377936071875 0.98738364375 0.3346510859375 0.950760046875 0.3134220046875 0.9781398921875001 0.3380776453125 1 0.36720839843749997 1
36 0.2231192515625 0.705180965625 0.22363667812500002 0.7542337984375 0.27970250937499996 0.757318003125 0.276991990625 0.7083759109375001 0.2231192515625 0.705180965625
38 0.7543120640625001 0.7421428640625 0.6935347484375 0.7221655640625 0.662599434375 0.7985885046875 0.7201651703125 0.8154784359375 0.7543120640625001 0.7421428640625
39 0.4849883421875 0.905288578125 0.5135029531249999 0.946167215625 0.5665979703125 0.9150632390625001 0.540246890625 0.8755469265625001 0.4849883421875 0.905288578125
35 0.28396211562499996 0.827969875 0.3123286796875 0.8600089734375 0.3515378984375 0.8189851562499999 0.32026719843749996 0.785081875 0.28396211562499996 0.827969875
39 0.1756733421875 0.78453080625 0.1998199203125 0.82044521875 0.24248671875 0.7845793171875 0.215163065625 0.7481379296874999 0.1756733421875 0.78453080625
40 0.37134977343750003 0.6200819296875 0.35708052968750004 0.6738894015625 0.4181526625 0.688524190625 0.43319103124999997 0.63942835625 0.37134977343750003 0.6200819296875
26 0.5545260484375001 0.7164923203125 0.5801901984375 0.7633998078124999 0.646734178125 0.7242096921875001 0.6187819828125 0.6752566468750001 0.5545260484375001 0.7164923203125
24 0.8937776421875 0.6453766125 0.95169595625 0.6772039765625 0.9930698234375 0.6246750078125001 0.9935740546874999 0.581341396875 0.956727315625 0.5616466546875001 0.8937776421875 0.6453766125