39 0.8369022053628168 0.15396234313294518 0.11389996268299925 0.12883724025173776
39 0.7858215107017712 0.199275765748325 0.1138817813494537 0.1272747402517377
39 0.7378658160407253 0.24435239002337875 0.11231928134945371 0.12715634108157473
33 0.6860038713796797 0.28972501222384006 0.11073860001590834 0.1254754419114117
33 0.6349413580521794 0.3366009348392198 0.11704314401654478 0.1306365385920638
33 0.584669185391452 0.3841989078695181 0.10915791868236298 0.12379454274124875
30 0.5335794000636335 0.42873108048489794 0.11230110001590835 0.12559384108157462
29 0.48173563673613307 0.4756662026853592 0.1154442813494537 0.12739313942190086
28 0.42990096407540557 0.5233825748858205 0.11230110001590835 0.12559384108157481
27 0.3788111787475872 0.5679147475012003 0.11073860001590834 0.12547544191141177
27 0.3238787780871778 0.6182116680419876 0.11072041868236297 0.12391294191141178
27 0.27437876475967754 0.6649691914872043 0.11230110001590835 0.12559384108157481
26 0.21941909209894997 0.7129223620279918 0.11864200668363553 0.13387993776222676
26 0.16214294143854063 0.7633968813240236 0.10755905601527202 0.12055114357108554