38 0.09781243214285636 0.29551835537461135 0.1375767504614253 0.17924642619541978
38 0.1546038502491686 0.320230658061917 0.13601425046142532 0.17915542093374787
38 0.21212645358065613 0.34567870811838675 0.13601425046142532 0.17915542093374795
37 0.2664239273624944 0.3728712686982002 0.13777700956072395 0.18237142619541977
37 0.32243409546880664 0.39762907401634173 0.13591412091177607 0.17759292093374784
37 0.37756288402546956 0.42399488196531926 0.13258886181247737 0.1742859104104042
36 0.4327918021317817 0.44879818991429676 0.1358139913621267 0.17603042093374785
36 0.4871894054632692 0.47442825049411025 0.13258886181247753 0.17428591041040425
36 0.5408558235695815 0.4993225637047596 0.13258886181247737 0.1742859104104042
35 0.5960847416758936 0.524125871653737 0.13102636181247734 0.17419490514873245
35 0.6506325393318553 0.5474121822335505 0.12770110271317883 0.17088789462538861
39 0.7041487631136935 0.5746502454441998 0.12105058451458142 0.16427387357870132
39 0.7593776812200057 0.5994535533931774 0.12593834361388012 0.16767188936371688
39 0.811331405001844 0.6267826218654985 0.12241282541528271 0.16123987884037305