6 0.4528891577726034 0.9412590015818797 0.11137521751493065 0.09166960085908257
30 0.4760915748506937 0.8853741717536963 0.10665134992375017 0.08986143939369313
28 0.4984218229508327 0.8333546483479479 0.10497974715020852 0.08509205223856356
29 0.5216969752112841 0.7743448185197644 0.10497974715020834 0.08509205223856356
30 0.5386130246981938 0.7196949400710618 0.10185474715020834 0.08492827792830404
32 0.5610160079806938 0.6645504166653137 0.09386040919430556 0.07670634215265544
31 0.5747888736720134 0.6105180139063515 0.10497974715020852 0.08509205223856356
26 0.583165724545694 0.5530740061044355 0.0986206443766667 0.08007700361804453
27 0.6110010902370135 0.4997785877416412 0.09698540919430557 0.07687011646291494
28 0.6371103017680205 0.45343253222371727 0.0953501740119446 0.07366322930778502
30 0.6578053146857983 0.4044561216628392 0.10025587955902786 0.08328389077317441
30 0.6801719303771178 0.3508740982570908 0.09549564437666688 0.0799132293077851
34 0.7063902446816664 0.2998405427391669 0.0986570119678472 0.08163950361804453
33 0.7317727575994443 0.251109793643678 0.10497974715020852 0.08509205223856364
32 0.747053571903993 0.19950302803984576 0.09389677678548622 0.07826884215265535