12 0.77890625 0.58671875 0.08203125 0.14375
12 0.69453125 0.58671875 0.08125 0.1453125
11 0.60859375 0.5875 0.08046875 0.14453125
10 0.52421875 0.5875 0.08359375 0.1453125
10 0.353125 0.5890625 0.0875 0.1453125
10 0.690625 0.44140625 0.08125 0.14296875
10 0.43984375 0.440625 0.0828125 0.14140625
9 0.43984375 0.58828125 0.0828125 0.146875
9 0.265625 0.5890625 0.08828125 0.14453125
9 0.6078125 0.43984375 0.08046875 0.1390625
9 0.35390625 0.440625 0.08515625 0.14453125
8 0.17734375 0.58984375 0.08515625 0.14453125
8 0.5234375 0.440625 0.07890625 0.140625
8 0.2671875 0.43984375 0.08046875 0.1421875