7 0.13481052404669475 0.7950283076312076 0.11285704274124866 0.1096398271096728
3 0.18163890247093337 0.753639648540598 0.10949524440092259 0.10646028003177203
11 0.23045583338468295 0.7168975791415629 0.10949524440092259 0.10646028003177203
12 0.27644376222384004 0.6763038068204287 0.10949524440092259 0.10646028003177221
13 0.32237249147791563 0.6364912844992943 0.10781434523075957 0.10487050649282174
13 0.500737057664381 0.4757741526010831 0.10949524440092269 0.10646028003177221
14 0.5490095369184566 0.43592071997152326 0.10949524440092269 0.10646028003177217
15 0.5948790665874508 0.39688944765038886 0.10949524440092269 0.10646028003177203
23 0.36679792031707276 0.5959247857171103 0.11285704274124866 0.1096398271096728
24 0.41200459915622983 0.5553446501654511 0.10781434523075961 0.10487050649282174
25 0.4571520784103054 0.5155457646137919 0.11117614357108571 0.10805005357072232
19 0.6436959975012003 0.36014737825135384 0.10949524440092269 0.10646028003177213
20 0.6881214263403574 0.3195808794691698 0.11285704274124875 0.1096398271096728
21 0.7338725568391885 0.2821121071480355 0.11285704274124875 0.1096398271096728
22 0.781126987752938 0.24539731128795075 0.10457094606059662 0.10325345941492108
22 0.8254932170070136 0.20561206250576677 0.10781434523075965 0.10487050649282177