36 0.25497099530842304 0.1785851014626973 0.12214778763096842 0.1176159683433748
36 0.30623284654926025 0.22931575852471192 0.1171325056999832 0.11284664772652382
36 0.35582293714643576 0.2785111891256769 0.12203852698730663 0.1160534683433748
27 0.5024297753978229 0.4175310044675221 0.11367972376899793 0.10810460064862308
27 0.5510747250295058 0.4643963218379623 0.11546074505632156 0.11125687418757338
27 0.5972666640175269 0.509740049516828 0.11702324505632156 0.11128414772652384
21 0.4046317777436113 0.327720256496117 0.10532092055068923 0.10015573295387145
21 0.45780033640980167 0.37216000324970616 0.11367972376899793 0.10810460064862308
19 0.6444037439710406 0.5574138904262185 0.10877370248167448 0.10489778003177222
19 0.6935567919935692 0.6003593210271834 0.11044546312533629 0.10648755357072233
19 0.7396941006597595 0.6449217987060492 0.10208665990702741 0.0985386858759707
30 0.786558029004119 0.6886893896154396 0.10877370248167448 0.10489778003177222
30 0.8344763589576327 0.7363495937553548 0.11713250569998337 0.11284664772652384
30 0.8796138963364996 0.7778007082036956 0.11378898441265975 0.10966710064862309