7 0.5249964965821544 0.24358925661953776 0.0940954336450254 0.06374147642635145
0 0.49654528541698245 0.4574719741545491 0.08623748184962743 0.05556510339082212
36 0.45015311620989645 0.8112904869748305 0.08154998184962743 0.0553467795695048
35 0.4569025650784283 0.7625255012428542 0.08311248184962743 0.055419554176610396
26 0.4652099687674204 0.7129064909037721 0.08622839149054791 0.0540026033908223
30 0.47273157727687254 0.6625426178682428 0.08625566256778665 0.058690103390822125
30 0.4810344357863248 0.6121423575291606 0.07999657220870696 0.05683650496239867
31 0.4854174087571576 0.5595802837078431 0.08310339149054773 0.053857054176610575
33 0.4898140172666098 0.5093619598865254 0.08467498184962743 0.05549232878371626
27 0.5048345083878152 0.40472796381546683 0.08465680113146803 0.05236732878371626
27 0.5123333909995684 0.3504578407799376 0.08625566256778665 0.058690103390822125
27 0.5174976139704013 0.2978593796550671 0.09250566256778647 0.05898120181924558
31 0.5324771984757484 0.1861941335840085 0.0909795240041051 0.06515842721213971
32 0.5415113100102626 0.12716373594137334 0.0940954336450254 0.06374147642635145
33 0.5505408763652373 0.0673520882987382 0.08625566256778665 0.05869010339082217
6 0.7859910609375 0.9560442671875 0.7885997390624999 0.963541346875 0.842126075 0.9610483171875 0.8332679593749999 0.9394799 0.7859910609375 0.9560442671875