16 0.85 0.5046875 0.04609375 0.08984375
16 0.7953125 0.50546875 0.0484375 0.09140625
16 0.7375 0.503125 0.05 0.090625
15 0.68125 0.50390625 0.05 0.0921875
15 0.6234375 0.50390625 0.0515625 0.0921875
15 0.5671875 0.5046875 0.05390625 0.09375
14 0.51015625 0.503125 0.05078125 0.090625
13 0.453125 0.503125 0.05 0.0921875
11 0.396875 0.50078125 0.05390625 0.09140625
10 0.33671875 0.5 0.0515625 0.09375
9 0.27890625 0.50078125 0.04765625 0.090625
8 0.2203125 0.5015625 0.04921875 0.09296875
8 0.16328125 0.50078125 0.04765625 0.08828125
8 0.103125 0.4984375 0.05078125 0.096875