10 0.94140625 0.5 0.05703125 0.05625
12 0.86796875 0.4953125 0.05078125 0.0546875
15 0.8109375 0.49375 0.0625 0.05390625
8 0.7453125 0.49296875 0.06640625 0.0515625
11 0.6765625 0.4921875 0.0609375 0.05625
14 0.60859375 0.490625 0.053125 0.0515625
10 0.5421875 0.49140625 0.05625 0.0515625
15 0.47578125 0.4921875 0.0515625 0.0546875
16 0.41015625 0.4921875 0.05546875 0.06015625
14 0.3421875 0.490625 0.05 0.05859375
13 0.2734375 0.4921875 0.0453125 0.0609375
13 0.2046875 0.4921875 0.05390625 0.05234375
16 0.1296875 0.4875 0.05234375 0.0578125
15 0.06875 0.490625 0.06171875 0.05390625