13 0.6652650318027452 0.8512256941078696 0.09109769867214013 0.084942685779275
22 0.6282826613894363 0.8074093685184378 0.07855224687674216 0.07662084980971962
22 0.5897241554375079 0.7613129599252003 0.09266928903121965 0.08656885277546919
22 0.5550764446651193 0.7158386338414771 0.08638292759490121 0.08006418479069151
22 0.5165133935336512 0.6689609752482395 0.09737496974937905 0.08988485376405216
38 0.48496795686356364 0.6194530651721275 0.10050906010845857 0.09157468775644091
36 0.4503020653730159 0.5708537390884041 0.10366133118569745 0.09638952174882984
40 0.41252480942108755 0.5247254969970694 0.10680451190385672 0.09964185574121878
35 0.3747566438282388 0.4801597549057348 0.11623405405833438 0.10939885771838505
35 0.33153336377400955 0.4381605973010806 0.11623405405833438 0.10939885771838505
35 0.2945373578220812 0.3920005217116488 0.10524201190385671 0.09957818874502422
37 0.2505146470496927 0.34690819760509173 0.0848204275949012 0.08000051779449713
37 0.2111612555591449 0.2984998725099516 0.07070338544042354 0.07005251482874755
37 0.17571865924813693 0.25071362992432533 0.07382838544042354 0.0701798488211364
3 0.14025788221896973 0.19980238733869918 0.10839428298109555 0.10439302273741302