5 0.12109375 0.5609375 0.046875 0.08515625
21 0.17734375 0.559375 0.04921875 0.07421875
22 0.2296875 0.55703125 0.040625 0.078125
23 0.28125 0.55546875 0.05 0.07890625
18 0.33671875 0.55234375 0.04296875 0.0765625
19 0.38828125 0.54765625 0.04921875 0.0765625
20 0.4421875 0.54765625 0.04375 0.07109375
41 0.49296875 0.54453125 0.04765625 0.07578125
41 0.5453125 0.5421875 0.04609375 0.0734375
41 0.596875 0.540625 0.0390625 0.071875
38 0.646875 0.5359375 0.04375 0.06875
38 0.69921875 0.5359375 0.04453125 0.06875
38 0.7515625 0.53515625 0.04140625 0.06484375
37 0.803125 0.5328125 0.04296875 0.0640625
37 0.8546875 0.528125 0.03203125 0.06484375