4 0.025394647700231966 0.6158971726607275 0.05078929540046393 0.08352157200827222
25 0.08269587000131255 0.6151517379853643 0.06105951680591395 0.08036020934118149
25 0.14773062098989573 0.6097097126432283 0.05493685079830275 0.08341248400699967
25 0.20885912197847892 0.604313140634956 0.05174818380210837 0.08181362133990877
17 0.2688880379860901 0.6067381592934564 0.04849584980971962 0.07865225867281786
17 0.3307022884803817 0.6036762466184113 0.051684516805913995 0.08025112133990878
17 0.3893278719784789 0.6022131966104571 0.049867348821136394 0.0739829400063634
24 0.4463591219784789 0.6015495779360484 0.045370849809719616 0.07861589600572713
23 0.5051120394689649 0.5969615279280942 0.04993101581733086 0.0755454400063634
22 0.5552393734613537 0.59325472525464 0.045307182813525235 0.07705339600572714
18 0.6176120394689649 0.5956524719128222 0.04349001482874755 0.0707852146721816
18 0.6639286239556453 0.5896473725732315 0.045370849809719616 0.07861589600572713
22 0.7257110409518397 0.5873667098981865 0.05149351581733086 0.07556362133990877
21 0.7733672909518396 0.5868121792250504 0.0482411818249421 0.07240225867281787
20 0.835771790457548 0.5884286758832327 0.051366181824942105 0.07243862133990878