5 0.090625 0.4140625 0.08671875 0.1140625
7 0.17421875 0.42265625 0.07890625 0.1171875
25 0.6625 0.4546875 0.07109375 0.10625
25 0.58359375 0.45078125 0.071875 0.1046875
25 0.49921875 0.4421875 0.0671875 0.1
41 0.5671875 0.62578125 0.06328125 0.1140625
41 0.4796875 0.6234375 0.06953125 0.11484375
32 0.39140625 0.61484375 0.0640625 0.11953125
32 0.29765625 0.61015625 0.06640625 0.12109375
32 0.20703125 0.6015625 0.06640625 0.121875
30 0.9015625 0.475 0.0734375 0.10625
30 0.8203125 0.46953125 0.0703125 0.109375
30 0.73984375 0.46328125 0.07109375 0.10234375
27 0.41640625 0.43984375 0.04921875 0.10703125
27 0.33515625 0.43359375 0.05546875 0.11171875
27 0.2546875 0.425 0.05546875 0.11171875