0 0.7643600118112636 0.7922661879466337 0.08877481252120453 0.08174996974937905
4 0.7886134781459996 0.8358661970218201 0.08063493030721922 0.07232951795398099
32 0.7424775773276929 0.7478712933328281 0.08381449400955017 0.07391019867214013
32 0.7197047654394606 0.7066059438985622 0.08219743030721922 0.0723386083130606
32 0.6938069535512282 0.6653587751824555 0.08537699400955034 0.07391928903121965
39 0.6734324553653268 0.6225172902095701 0.08381449400955017 0.07391019867214013
39 0.6507960527329216 0.5773456907753042 0.08543155771188111 0.07548178903121965
39 0.624226118249351 0.5329780672387373 0.08704862141421188 0.07705337939029935
39 0.6001090611704422 0.485471808163551 0.08381449400955035 0.07391019867214013
23 0.572140317793864 0.4364257749860637 0.08381449400955035 0.07391019867214013
23 0.5449801062684514 0.3865939466290367 0.09346231252120454 0.08177724082661789
23 0.5201636447430389 0.3367484827333902 0.09507937622353531 0.0833488311856975
11 0.49233131062228797 0.2837961995559029 0.09346231252120454 0.08177724082661779
11 0.4660341946503716 0.23161607601933604 0.09513393992586625 0.08491133118569741
40 0.43348707867845526 0.17947231391908763 0.09351687622353536 0.08333974082661784
40 0.4042013719623661 0.12340412110067997 0.09513393992586625 0.08491133118569745
40 0.3744072337579312 0.05952797346181212 0.10160219473518968 0.09119769262201591