37 0.41589323033447645 0.8420058624164508 0.10264651000193967 0.05328073295387128
37 0.4177269262418921 0.7975700698027768 0.10551641848667064 0.05021028003177204
41 0.4181256679069424 0.7546695036501527 0.1122766015172088 0.05656937418757337
41 0.4205492951779064 0.707903597805954 0.10889651000193967 0.05338982710967279
41 0.42628924108532207 0.6635359890396562 0.10889651000193967 0.05338982710967279
33 0.4335916869927378 0.6191956538123085 0.10420901000193972 0.05330800649282175
33 0.44317411002133633 0.5741149788933864 0.09626896424430509 0.05160913879807012
33 0.4440990101711176 0.5281030495102373 0.10902405575957416 0.054952327109672794
27 0.4465226374420815 0.4813371436660388 0.10044628121376693 0.04544095941492117
27 0.45551512910713177 0.43858658197764144 0.10200878121376693 0.04546823295387146
27 0.462945120772182 0.39580874675029387 0.10070137272903601 0.04856595941492099
26 0.46387002092196317 0.34979681736714485 0.09795901000193971 0.05319891233702041
26 0.46701112531410993 0.3022632982924214 0.09952151000193972 0.0532261858759707
26 0.4719060483427084 0.25710080275664826 0.10889651000193971 0.05338982710967279
26 0.4793360400077587 0.21432296752930063 0.09626896424430527 0.051609138798070095
1 0.48163212152108803 0.16599456168510202 0.10940669303247788 0.05963982710967279
0 0.4835295903073211 0.12234001907142819 0.10564396424430526 0.05177278003177212