13 0.17172537427387438 0.49654507883784704 0.059452082712657714 0.0700592332825
13 0.2192553457378271 0.5095165511024303 0.05149403349844599 0.06675239532659738
13 0.2664942187733564 0.5162380233670137 0.05796235731976358 0.0715853656913195
30 0.3166397679875681 0.5181992604492359 0.056254308105551855 0.06842399810013902
30 0.3646962783266503 0.5256837989182289 0.05454625889134013 0.06526263050895835
30 0.41424251405862667 0.5315694697960414 0.0643579065339754 0.07485583605604162
32 0.46315304900481474 0.5405983244694441 0.058035131926869356 0.07314786569131951
32 0.5159334466474499 0.5487550101648955 0.0643579065339754 0.07485583605604162
31 0.5639728403611436 0.5726639824294788 0.05952485731976367 0.07162173328249999
31 0.6131016991286492 0.5863803371028815 0.057962357319763666 0.0715853656913195
31 0.6646106951997078 0.6008233903895134 0.061232906533975215 0.07478310087368065
31 0.7175366420565548 0.6121050760849647 0.05781680810555194 0.0684603656913195
40 0.8257322857702484 0.6346138960890965 0.05567211124870504 0.05592399810013902
40 0.8759334929661774 0.654562066966909 0.05113016046291676 0.05893989532659738
40 0.9377614048768361 0.655469297115277 0.05759848428423453 0.0637728656913195