6 0.9275905907087851 0.5210370155724202 0.09164459897381967 0.11352895407749272
30 0.8707587092498962 0.4976737234108367 0.08997299620027803 0.10879598997087019
28 0.817869445382188 0.4757592709826966 0.0867752610179167 0.10558006175762494
29 0.7586938139232989 0.4524641749810471 0.08524912860909736 0.10709709765100217
30 0.7035699028291325 0.4353054187128409 0.08514002583555573 0.10240959765100217
32 0.6483187051658337 0.41267791244463475 0.07714568787965277 0.09436977711788867
31 0.5940487792540281 0.3986214241231173 0.0867752610179167 0.10558006175762484
26 0.5359998899113545 0.39014734606815643 0.08041615824437506 0.10071070533113406
27 0.4829833394745142 0.3627641436400163 0.07721842306201392 0.09749477711788863
28 0.4354719066288545 0.3367843168386967 0.07405705547083344 0.09584134890464338
30 0.3857258265567364 0.31556018619731113 0.08354115824437507 0.1008016335443795
30 0.332055312689028 0.2936684658224823 0.08034342306201392 0.09758570533113406
34 0.2798563798433683 0.26782503134103075 0.0819422906531945 0.09919366943775679
33 0.23078244699770853 0.24189066864633393 0.0867752610179168 0.10558006175762476
32 0.1788199034947224 0.22620348416488242 0.0787445554708334 0.09597774122451137