33 0.25676006948723573 0.6244727394265451 0.1764944128671175 0.17649441286711748
33 0.3232739858788382 0.5658682566479846 0.17817531203728051 0.17817531203728051
33 0.3905691522704407 0.5073229734545055 0.17985621120744355 0.17985621120744355
32 0.4576867199067986 0.4511214402610265 0.17985621120744355 0.17985621120744355
32 0.5251594850536456 0.39023240706754747 0.18321800954776962 0.18321800954776962
32 0.5941355506154111 0.3302430230442314 0.1815371103776066 0.1815371103776066
28 0.29012590869471067 0.7959342649463543 0.17313261452679143 0.17313261452679143
28 0.3588059763310686 0.7398511309230382 0.17649441286711748 0.17649441286711748
28 0.42369819313758955 0.6819094989743147 0.17649441286711748 0.17649441286711748
28 0.49183380911427355 0.6226421653659172 0.17481351369695447 0.17481351369695447
27 0.5573888767506314 0.5663222330022751 0.17817531203728051 0.17817531203728051
26 0.627690643972071 0.5095762481491222 0.17481351369695447 0.17481351369695447
26 0.6951634091189179 0.4486872149556431 0.17985621120744355 0.17985621120744355
26 0.7648023255105205 0.39031953051740864 0.17985621120744355 0.17985621120744355