41 0.3703723701714065 0.9284032977136226 0.12487817363517104 0.05227154800821019
41 0.3585479333820559 0.8728845507386847 0.1297476841585147 0.05542381908544911
41 0.34911274922354113 0.8181606893023663 0.1379242052052021 0.061719270880847076
18 0.3437203229575342 0.7658033037637468 0.1328726841585147 0.05544199980360833
18 0.3422341466915273 0.7134686441228264 0.1379242052052021 0.061719270880847076
20 0.32820246779468437 0.6602800116092691 0.13149219468185844 0.058557909444528634
21 0.3197305441595134 0.6086856953524904 0.13617969468185845 0.05858518052176755
22 0.3104318678935064 0.556305583916172 0.13470819994353028 0.060138590162688035
21 0.3026501889966635 0.503153312838933 0.14114021046687403 0.06329995159900648
21 0.2925702627306566 0.4507686562230749 0.14114021046687392 0.06329995159900648
21 0.2833170890954856 0.39916979478675635 0.14279371572854577 0.064871541958086
17 0.2763621628294787 0.3468033188890573 0.14123121572854574 0.06486245159900639
18 0.2685804839326358 0.29365104781181844 0.13966871572854578 0.06485336123992677
19 0.25932731029746475 0.2420521863755 0.13774219468185844 0.05859427088084708
7 0.25246338929312967 0.19124821047780094 0.1363617052052021 0.06171018052176751
5 0.24385495776545088 0.13731014422102228 0.1398507262518895 0.06797836123992673
1 0.2360277762377721 0.08337662314378343 0.13461719468185843 0.0585760901626879