37 0.94296875 0.5109375 0.0515625 0.0875
37 0.890625 0.51171875 0.04765625 0.0890625
35 0.83828125 0.51328125 0.05234375 0.08671875
35 0.784375 0.5109375 0.04921875 0.084375
35 0.73203125 0.5109375 0.05 0.084375
15 0.67890625 0.5125 0.05078125 0.0875
15 0.62578125 0.50859375 0.05234375 0.0875
15 0.571875 0.5109375 0.05234375 0.0890625
8 0.51875 0.5125 0.04921875 0.0875
8 0.46484375 0.5125 0.05234375 0.08984375
8 0.4109375 0.5109375 0.0515625 0.08984375
9 0.35625 0.51171875 0.053125 0.0890625
9 0.3015625 0.51171875 0.05234375 0.0890625
9 0.2453125 0.51171875 0.0546875 0.08671875
2 0.1875 0.51328125 0.05390625 0.084375
6 0.13046875 0.51171875 0.05390625 0.0890625
4 0.07578125 0.5109375 0.046875 0.09140625