41 0.91796875 0.4828125 0.05859375 0.10859375
41 0.8546875 0.48203125 0.05859375 0.10625
41 0.790625 0.4828125 0.05859375 0.10859375
25 0.72734375 0.4828125 0.0609375 0.1109375
15 0.66171875 0.48359375 0.0609375 0.109375
14 0.5953125 0.47890625 0.0625 0.1078125
15 0.5296875 0.48046875 0.06328125 0.10625
15 0.465625 0.48046875 0.06171875 0.1078125
12 0.4015625 0.47890625 0.06171875 0.10625
11 0.3359375 0.47890625 0.065625 0.1078125
10 0.26796875 0.47734375 0.06796875 0.1078125
11 0.2 0.47890625 0.065625 0.10859375
10 0.13203125 0.478125 0.0671875 0.109375
9 0.0640625 0.4765625 0.0609375 0.1140625