25 0.5360126796733017 0.7497706898764231 0.07707771046687384 0.06420927678548623
25 0.5326748480468009 0.6999161602411453 0.07055469468185845 0.05937630642076393
25 0.5286012690511359 0.6492985644014578 0.07395271046687384 0.06413654160312507
19 0.5254454479479789 0.5963190347661801 0.06688366311182747 0.049928571238402955
19 0.5198093689523139 0.5457378065176732 0.06881018415851478 0.05621493882958326
19 0.515000042587485 0.494357144473576 0.06853716837349921 0.05152743882958326
27 0.5103272241151637 0.44063273242947876 0.0668836631118273 0.049928571238402955
27 0.5047821503811708 0.38848900418097176 0.0634856473268119 0.045168336056041626
27 0.5026350924321932 0.33158504075010375 0.06835515785015538 0.048402438829583436
9 0.4974995423757235 0.2724100625015968 0.06862817363517096 0.05308993882958344
9 0.49296323179591006 0.21634190045749957 0.06733868942018653 0.057741071238402865
9 0.48925367384693247 0.15947430461781206 0.07064569994353036 0.06093880642076392
35 0.4829196448371501 0.09408569396048569 0.06890118942018653 0.057777438829583395
35 0.4809090947806805 0.03483798052961765 0.07404371572854593 0.06569904160312505