34 0.7167372751393316 0.6352023565134919 0.1263304824490227 0.16164733020561534
33 0.6426238252184738 0.6099781174092552 0.12807483887551357 0.16800659084927716
32 0.5692916252976162 0.5846992479831876 0.12798391066226814 0.16488159084927717
30 0.49517817537675846 0.5594750088789509 0.12798391066226814 0.16488159084927717
29 0.4218687075092121 0.5334148894528834 0.13115437476889086 0.16666261213660044
28 0.3469740075883544 0.5082452806704774 0.1343703029821362 0.17000613342392407
30 0.272102039720808 0.4822944218880716 0.1343703029821361 0.17000613342392407
29 0.19644882185326165 0.45639819342749666 0.1327168747688908 0.16677187278026223
28 0.1192558360390266 0.4298299756105834 0.13267141066226812 0.16520937278026224
34 0.6270168602539214 0.4496797557768578 0.1279384465556454 0.16331909084927698
34 0.5520994282797524 0.4252913969944519 0.13106344655564542 0.16353761213660048
34 0.47950301425227193 0.40152039724655353 0.12467705423577743 0.15841306956195358
27 0.40699752843803694 0.374624397498655 0.12950094655564542 0.1634283514929388
27 0.3313215785171792 0.34950941903808 0.13267141066226812 0.16520937278026232