32 0.95 0.59453125 0.0453125 0.08359375
32 0.89140625 0.59765625 0.04765625 0.08828125
32 0.83203125 0.59921875 0.04609375 0.08828125
13 0.77421875 0.6015625 0.04765625 0.090625
13 0.71640625 0.6015625 0.04921875 0.09375
39 0.6609375 0.60390625 0.04921875 0.09609375
39 0.6046875 0.60390625 0.04765625 0.096875
39 0.546875 0.6046875 0.05078125 0.09453125
40 0.4921875 0.60390625 0.05234375 0.0953125
40 0.4359375 0.60546875 0.053125 0.09296875
40 0.38125 0.60546875 0.05234375 0.0921875
9 0.3265625 0.60625 0.053125 0.0953125
9 0.26953125 0.60859375 0.05390625 0.09375
9 0.21484375 0.6078125 0.05234375 0.09453125
9 0.16015625 0.6078125 0.05390625 0.090625
7 0.103125 0.6078125 0.05625 0.09140625
2 0.04765625 0.6109375 0.04453125 0.08828125