10 0.88359375 0.47734375 0.046875 0.12734375
10 0.82734375 0.47734375 0.04609375 0.12890625
11 0.77265625 0.47578125 0.046875 0.13046875
12 0.71796875 0.47734375 0.04921875 0.13046875
13 0.66484375 0.47734375 0.05 0.13046875
14 0.61171875 0.47578125 0.05 0.12734375
15 0.56015625 0.47421875 0.04765625 0.12890625
16 0.50703125 0.47578125 0.04921875 0.12890625
40 0.45546875 0.475 0.05 0.12890625
40 0.40546875 0.47421875 0.0453125 0.12578125
40 0.3546875 0.47265625 0.05078125 0.12421875
36 0.303125 0.47109375 0.04765625 0.1234375
36 0.253125 0.4703125 0.04296875 0.12734375
36 0.20234375 0.47109375 0.04609375 0.1265625
6 0.15234375 0.47109375 0.04140625 0.1234375
3 0.10390625 0.46953125 0.046875 0.12421875
2 0.0578125 0.46796875 0.03984375 0.12421875