38 0.93046875 0.51015625 0.06171875 0.1609375
38 0.865625 0.51015625 0.05859375 0.16171875
38 0.8 0.51015625 0.059375 0.16328125
37 0.7359375 0.5078125 0.05859375 0.16484375
37 0.671875 0.5078125 0.0609375 0.15859375
37 0.60703125 0.50625 0.05859375 0.1578125
36 0.54375 0.50546875 0.06171875 0.1578125
36 0.48046875 0.50390625 0.0578125 0.1578125
36 0.41796875 0.503125 0.05859375 0.15546875
35 0.3546875 0.503125 0.05546875 0.1578125
35 0.2921875 0.50390625 0.0546875 0.15703125
39 0.22890625 0.50078125 0.05 0.1515625
39 0.165625 0.50078125 0.053125 0.15390625
39 0.10390625 0.496875 0.053125 0.14765625