4 0.4642081712160966 0.18015251907142818 0.12431673151356133 0.07085006249917618
8 0.6100079766754126 0.3891571465054125 0.11981124203690499 0.07389324188232518
8 0.6026967346385075 0.4609775994275118 0.1196292315135615 0.07076824188232518
13 0.594050505755782 0.5288645288106608 0.11337923151356151 0.07065914772652385
14 0.5845775242422206 0.5975190714243347 0.11475972099021767 0.06756142126547413
15 0.5758402900978234 0.6669685008074836 0.11650423151356151 0.07071369480442442
15 0.45437116865584787 0.255057061685102 0.11788472099021767 0.0676159683433748
15 0.44761366346476317 0.33079740137667646 0.11972023677523325 0.07233074188232518
15 0.4393391609045144 0.40572921752930063 0.11632222099021768 0.06758869480442442
35 0.4333629057134297 0.4814831939903502 0.10989021046687401 0.06435460064862326
35 0.42761416367652466 0.5533309204514 0.10989021046687401 0.06435460064862308
35 0.4203939269012914 0.6235888733734993 0.11319722099021767 0.06753414772652384
12 0.4089489217102068 0.6992473924482228 0.11319722099021767 0.06753414772652384
12 0.39993867178079395 0.7733843218313717 0.11494173151356132 0.07068642126547395
12 0.3940079192205452 0.8483570482924214 0.11668624203690507 0.07383869480442443