40 0.903125 0.47734375 0.059375 0.10703125
40 0.840625 0.47734375 0.0609375 0.1078125
40 0.7765625 0.47578125 0.0609375 0.103125
34 0.7125 0.4765625 0.0625 0.10703125
34 0.646875 0.47734375 0.0609375 0.10625
34 0.58046875 0.4765625 0.06015625 0.10546875
33 0.5171875 0.47421875 0.0609375 0.10546875
32 0.4515625 0.475 0.06171875 0.10703125
31 0.38671875 0.47578125 0.0609375 0.10859375
31 0.32109375 0.47421875 0.0640625 0.10625
30 0.253125 0.47421875 0.06484375 0.10546875
29 0.18515625 0.47265625 0.06328125 0.1078125
26 0.1171875 0.4734375 0.059375 0.10546875
26 0.04921875 0.47109375 0.06015625 0.1125