11 0.84296875 0.5890625 0.05234375 0.08203125
9 0.78671875 0.58984375 0.04921875 0.08125
15 0.73046875 0.59140625 0.04765625 0.084375
15 0.675 0.58828125 0.05 0.08125
16 0.6171875 0.590625 0.0515625 0.08828125
16 0.56015625 0.5890625 0.046875 0.084375
16 0.503125 0.58671875 0.04921875 0.0828125
37 0.44609375 0.58984375 0.04921875 0.08671875
37 0.3859375 0.590625 0.04921875 0.08203125
37 0.325 0.58828125 0.04453125 0.08515625
12 0.2640625 0.59375 0.0453125 0.08515625
12 0.20234375 0.59140625 0.04765625 0.08359375
12 0.1421875 0.590625 0.04921875 0.09375
0 0.08046875 0.59140625 0.04765625 0.0921875