5 0.06218705182625457 0.5396169658697201 0.12428902866891205 0.14285389988706054
7 0.14491863878439287 0.5176516896319481 0.11647652866891205 0.14239887357870132
25 0.624039747491361 0.3697190927145419 0.10659219269935694 0.12935284200867017
25 0.5466495765408339 0.3944908505364625 0.10496602570316256 0.12769933674699843
25 0.4631049060845984 0.41728287940507053 0.10002385771838504 0.1211763209619828
41 0.5787087069594509 0.5640907189946663 0.10053319368794007 0.13367632096198284
41 0.4933468685184378 0.5932237531249461 0.10691052768032883 0.13716534200867017
32 0.4058322810660079 0.6178057951477337 0.10228669467652321 0.1384548262236546
32 0.3142204426249948 0.6473028503247009 0.10553902866891204 0.14176183674699844
32 0.22511152167446774 0.6727571476091605 0.10553902866891204 0.14176183674699844
30 0.8598618423581648 0.3014263060946004 0.10815469269935676 0.12944384727034208
30 0.7801597549057349 0.32555332180902885 0.10509335969555131 0.13082433674699834
30 0.700489500951402 0.3488990875234572 0.104902358706968 0.12613683674699824
27 0.3824624011416825 0.4453616477503347 0.08446252471457934 0.12182876834526435
27 0.30279214718734987 0.4687074134647632 0.09259335969555131 0.13009629465362363
27 0.22318556022921157 0.4904906791791916 0.09259335969555131 0.13009629465362343