16 0.6959575560946004 0.8132518778506921 0.09232327886860806 0.08995506242753412
15 0.6843822902389978 0.7449960854270374 0.09535727360693613 0.08864765394280312
15 0.6669287507058718 0.6842179531551037 0.09352175782192056 0.0838326081851685
14 0.6502109585419097 0.6241572980043527 0.09186825256024882 0.08214256242753386
14 0.6343654216396196 0.5624703699747844 0.09315773677523324 0.07758260818516867
14 0.6199913794756576 0.5022183961875815 0.09159523677523325 0.07745506242753386
13 0.6032280846808599 0.4429389910368305 0.09012374203690499 0.07889001666989941
13 0.5888995451477337 0.38190576724962766 0.0929757262518894 0.07445760818516849
12 0.5743889950912641 0.3239975434624248 0.0929757262518894 0.07445760818516849
12 0.5607507002964661 0.26446304679640464 0.09003273677523324 0.07732751666989941
11 0.5447686555016682 0.20511986876683636 0.0933397472985769 0.08070760818516849
11 0.53135787386105 0.14167912210081623 0.09141322625188941 0.07433006242753395
10 0.5183643211737443 0.08442460255597886 0.08994173151356151 0.07576501666989946
9 0.5032090290097824 0.03148196643068014 0.09159523677523325 0.06296393286136028