13 0.6320090684754525 0.1640554147037025 0.08465440468807692 0.06023345391148131
10 0.6247065106404581 0.20769810796476734 0.08777940468807692 0.06050685598499985
8 0.6166727675802883 0.25205370070745253 0.08485466378737563 0.06335845391148132
15 0.6096205336194174 0.2996026439685174 0.09442992288667415 0.06730366013203684
8 0.5949059939830204 0.3488118320457859 0.08974242288667433 0.06689355702175907
11 0.5867418429955713 0.40325532427009153 0.1012807001845701 0.07722546427907387
11 0.5746714420081221 0.457357063902499 0.09669332973421944 0.07837786116879605
10 0.5676389944444457 0.5173376566451842 0.1044057001845701 0.07749886635259244
14 0.5558689821059446 0.5761268962775915 0.10959384793281686 0.08572146946287021
14 0.5406433027408653 0.6416056333181009 0.1096939774824662 0.0872839694628702
9 0.5301051233757862 0.7074944734688879 0.11468186613141391 0.09238157257314797
13 0.5215299622093041 0.7797700146564343 0.11351988433001133 0.09849487153638865
13 0.502998810142121 0.8542819991050454 0.11976988433001132 0.09904167568342573
14 0.4894555467238857 0.9338915866639343 0.12289488433001132 0.09931507775694434