2 0.7698471509422229 0.3696491782288411 0.0873427580585183 0.09447175287472209
3 0.7254040838356951 0.3917395002363412 0.08238185598499985 0.09093664976444434
6 0.8147297154568524 0.3515334567397206 0.08054595391148141 0.08767494872768503
4 0.855706029971482 0.33307598265870203 0.07402255183796277 0.08400314458064803
22 0.6837832203578247 0.4085661237989801 0.07218664976444433 0.08074144354388882
22 0.6410393542880563 0.4292306468432395 0.07585845391148141 0.0872648456174073
22 0.5989400371815286 0.45152602040587836 0.07585845391148141 0.08726484561740726
41 0.5576219700750008 0.47388974448689697 0.07218664976444433 0.08074144354388864
41 0.5133156040052324 0.49441756649439716 0.06892494872768502 0.07890554147037036
41 0.4719975368987046 0.5167812905754158 0.06708904665416657 0.07564384043361087
41 0.42867747238407505 0.5350337131012954 0.07218664976444433 0.08074144354388882
39 0.3841660547591677 0.5579052851087954 0.07402255183796277 0.08400314458064795
39 0.33822883817101956 0.5790776560795363 0.0842177580585183 0.09419835080120365
39 0.2930045210644918 0.6010996275686568 0.07218664976444433 0.08074144354388882
23 0.24835640240282522 0.6255336995761569 0.08408105702175908 0.09263585080120365
23 0.20170628633305676 0.645856470028518 0.08876855702175908 0.0930459539114814
25 0.15420656974490865 0.6668921399624995 0.08890525805851834 0.0946084539114814
25 0.10728305160162166 0.6903399104148609 0.09216695909527761 0.09644435598499985
25 0.05822083501347357 0.7112388793120831 0.09060445909527762 0.09630765494824053