5 0.07946570890913653 0.4875 0.06948555103961843 0.0921875
21 0.13422406388815838 0.496875 0.07033765601864025 0.0828125
22 0.18519456803734324 0.5046875 0.06108105518880329 0.084375
23 0.23616507218652813 0.5125 0.07057445435896632 0.0859375
18 0.290260576335713 0.5203125 0.06408765601864026 0.0828125
19 0.3414086792401424 0.52578125 0.0704560551888033 0.084375
20 0.39376408463408274 0.5359375 0.06216995850815117 0.078125
41 0.4432904879534306 0.5421875 0.06721265601864027 0.0828125
41 0.4950422421026156 0.55 0.06553175684847723 0.08125
41 0.545172296666719 0.55859375 0.05748245850815117 0.078125
38 0.5948170991562298 0.56328125 0.06205155933798814 0.0765625
38 0.6456100045501703 0.5734375 0.06205155933798814 0.0765625
38 0.6956808595291921 0.5828125 0.058571361827499044 0.071875
37 0.7467105632634585 0.58984375 0.060133861827499045 0.071875
37 0.7978586661678879 0.5953125 0.049077962657336015 0.0703125