16 0.6800406298074989 0.7880907346294383 0.1183958751693421 0.12102474025173784
15 0.6408453329960022 0.7490408126387585 0.1183958751693421 0.12102474025173784
14 0.6001694233396352 0.7085467898182417 0.12324714947960161 0.12450493776222675
13 0.5578491265281385 0.6697336661678879 0.12324714947960161 0.12450493776222675
12 0.5156107168717716 0.629358042517534 0.12324714947960161 0.12450493776222675
11 0.4749348072154046 0.5888640196970172 0.12332903663473153 0.12606743776222676
11 0.43347764755903767 0.548429196461582 0.12332903663473135 0.12606743776222692
10 0.39123923790267073 0.5080535728112281 0.12324714947960161 0.12450493776222693
9 0.3490417718238687 0.4668966991608743 0.12332903663473135 0.12606743776222692
9 0.30594022501237195 0.428142775095602 0.12653592378986112 0.12786673610255295
9 0.2622212025111348 0.3863230506154111 0.12818031094499088 0.12954763527271584
10 0.21928343000989758 0.34444412655013884 0.12818031094499088 0.12954763527271584
9 0.17560535108622527 0.30184315206994805 0.12982469810012062 0.13122853444287888
8 0.13270852216255294 0.25918297800467577 0.12653592378986112 0.1278667361025528