1 0.6920883381245367 0.08920608112772065 0.1232802580585183 0.09490958667404976
36 0.6737087764846292 0.14852052437246047 0.10968664976444434 0.08160855027685524
36 0.656481611734444 0.20304733806755096 0.11478425287472209 0.0865964389258032
41 0.6378286480210179 0.2592367813122908 0.11621005183796278 0.08513406847545255
41 0.6191073337892122 0.3146449745570306 0.11621005183796278 0.08513406847545246
35 0.6030715221493048 0.37380922347729645 0.11960845391148141 0.08845932757475108
35 0.5858443573991196 0.42833603717238694 0.1180459539114814 0.08835919802510173
39 0.5688222442040731 0.48520660086747736 0.12755765494824053 0.09052247532299766
39 0.5508138294538878 0.5397834793373926 0.12130765494824054 0.09012195712440044
40 0.5371217678139802 0.5987975339331844 0.10486244872768502 0.07974566162790726
40 0.5162617551373134 0.6566996715023983 0.10513585080120365 0.08287066162790709
28 0.49767714194226703 0.7136703647471381 0.12001855702175916 0.09314682757475108
28 0.4801471808207392 0.7737159932170532 0.12144435598499985 0.09168445712440043
17 0.4631934181440725 0.8313678069121437 0.1133584539114814 0.08805880937615385
17 0.44440375339388716 0.8859947501568834 0.11335845391148122 0.08805880937615385