20 0.5880457175829228 0.9219201149509988 0.08002069994353037 0.0651765593379885
20 0.5691900307935722 0.8652673732493685 0.07662268415851478 0.06025226099766208
20 0.546936328219206 0.8036903332074121 0.07496917889684288 0.058571361827499044
17 0.527716620383168 0.740787591505782 0.08489021046687384 0.06865675684847723
17 0.5109771704396378 0.6804061985593963 0.08654371572854594 0.07033765601864025
21 0.4911582231269434 0.6205692572726844 0.08489021046687402 0.06865675684847723
21 0.4719840179217413 0.5584477655710542 0.0832367052052021 0.0669758576783142
19 0.45120181008570326 0.495426624699261 0.09481124203690498 0.0787421518694554
24 0.4018703970444631 0.3695735971048594 0.10409523677523325 0.07789004689043359
23 0.43211861014217295 0.43486763299763076 0.0945382262518896 0.07405465186945541
23 0.38467592079257357 0.3013797041584737 0.09922572625188959 0.0744098493799445
23 0.35980545243319184 0.23493756536127286 0.10225972099021767 0.07308414772027054
23 0.34223924985882564 0.17371572282980563 0.10400423151356133 0.0763275468904335