26 0.159375 0.42109375 0.04375 0.059375
26 0.20859375 0.421875 0.0453125 0.06171875
26 0.26328125 0.42265625 0.0421875 0.0625
33 0.31796875 0.42265625 0.0453125 0.06484375
33 0.37265625 0.4265625 0.0453125 0.06640625
33 0.428125 0.4265625 0.03984375 0.06171875
34 0.48359375 0.42734375 0.04296875 0.0640625
34 0.54453125 0.4296875 0.0453125 0.06640625
10 0.6015625 0.42890625 0.04453125 0.06640625
10 0.66328125 0.42734375 0.04609375 0.06953125
10 0.72421875 0.428125 0.04609375 0.071875
16 0.7875 0.428125 0.04765625 0.06953125
16 0.85390625 0.4296875 0.04609375 0.06875
16 0.91875 0.43359375 0.04765625 0.06640625
6 0.02180155 0.4456018515625 0.0674264015625 0.44647387031249997 0.09245533593750001 0.389802528125 0.049501425 0.3871567421875 0.02180155 0.4456018515625
2 0.0978157640625 0.388127853125 0.0721302234375 0.44486856250000006 0.118723290625 0.4472517515625 0.1429694921875 0.3914227 0.0978157640625 0.388127853125
27 0.208926875 0.1864535765625 0.21946596093749998 0.1619329890625 0.17278015156249998 0.162101446875 0.161562203125 0.1850464546875 0.208926875 0.1864535765625
17 0.5843386453125 0.1308772125 0.603228128125 0.10731287187500001 0.5612646906250001 0.0896743015625 0.5419485984375 0.1127828109375 0.5843386453125 0.1308772125
20 0.563386603125 0.08735056718749999 0.5859523390625 0.06978136093750001 0.5507070578125 0.05209324375 0.5280337421875 0.0721992328125 0.563386603125 0.08735056718749999
20 0.6571180562500001 0.1084772171875 0.6286799624999999 0.1268391671875 0.6649973296875 0.1545307359375 0.6920443078125 0.1313726765625 0.6571180562500001 0.1084772171875
20 0.78537511875 0.0469304921875 0.8200342765625 0.0205717265625 0.7907540953125001 0.008308956250000001 0.7554605890625 0.0295842453125 0.78537511875 0.0469304921875
23 0.734942575 0.0658126828125 0.719848053125 0.0875190265625 0.7649869421875 0.10724350625000001 0.784091584375 0.084035903125 0.734942575 0.0658126828125
21 0.6999050328124999 0.0773718921875 0.726006053125 0.0553979984375 0.6843022921874999 0.0344447609375 0.660108025 0.0571717640625 0.6999050328124999 0.0773718921875
22 0.609686609375 0.0507356671875 0.6382693796875001 0.040207025 0.6149728453125001 0.014546867187500001 0.5846984796875 0.027493379687500003 0.609686609375 0.0507356671875
41 0.6678166546875001 0 0.661918328125 0.016489090625 0.705194978125 0.029113553125000004 0.7156635796875 0.0061487265625 0.6678166546875001 0
13 0.6961063625 0.120497209375 0.7210202984375 0.0961549890625 0.6781739671875 0.0790812484375 0.656828703125 0.0969328703125 0.6961063625 0.120497209375
14 0.6368968125000001 0.10553415156249998 0.65676935 0.0811324765625 0.61612654375 0.060194103124999995 0.5932046828125 0.0836048484375 0.6368968125000001 0.10553415156249998
27 0.7034254796875 0.0430361328125 0.7435897437500001 0.052004059375 0.7508272500000001 0.0209631453125 0.7146174624999999 0.012178542187499999 0.7034254796875 0.0430361328125