40 0.12665359780595403 0.36398120764913056 0.09897506249917618 0.12087610226293624
40 0.18410758765968432 0.3885317557555366 0.1005921095770769 0.12401019262201593
40 0.2431649878218401 0.41543514422102223 0.09894778896022585 0.11931360226293637
34 0.30296272767557036 0.43999932786604773 0.10056483603812652 0.12244769262201594
34 0.3643366042987758 0.4653538518701529 0.09900233603812651 0.12243860226293642
34 0.4249565044609316 0.49226633069471804 0.09897506249917623 0.12087610226293641
33 0.48324629139256253 0.5199464239806639 0.09900233603812651 0.12243860226293642
32 0.544620168015768 0.545300947984769 0.10056483603812652 0.12244769262201594
31 0.6044179078694982 0.5698651316297946 0.1006193831160271 0.12557269262201592
31 0.6650514448011291 0.5975588604543598 0.10215460957707698 0.12401928298109546
30 0.728015094963285 0.6244849748175445 0.1037171095770768 0.12402837334017516
29 0.7902247686643911 0.6529690440011894 0.10215460957707698 0.12401928298109546
26 0.8539560320570718 0.679118453543914 0.0989750624991764 0.12087610226293624
26 0.916179342527653 0.7083837727275588 0.10064665665497756 0.12713519262201595