13 0.8064576948011293 0.538081702054346 0.05454322402541782 0.08496486188449896
13 0.7555128035674271 0.5322576729733524 0.05917617694751698 0.08216764381548422
13 0.7030054123337252 0.5265429045360206 0.056214818181219074 0.0913241225281606
9 0.6498122284863493 0.5263515164205195 0.05928527110331849 0.08841764381548423
9 0.5949883607915976 0.5223631389486803 0.05454322402541756 0.08496486188449896
9 0.5448383563273707 0.5172657295458557 0.05451595048646744 0.08340236188449897
10 0.4946883518631438 0.5121683201430314 0.05766822402541756 0.08518338317182242
11 0.44456562093786733 0.5086334107402068 0.05761367694751698 0.08205838317182242
12 0.3920991400125908 0.505262392302875 0.06076595048646736 0.08383940445914603
15 0.338056522317839 0.5012193845092048 0.057668224025417734 0.08518338317182242
15 0.28478151785361216 0.49634049639370376 0.057668224025417734 0.08518338317182242
35 0.23312356046728597 0.4944773476345411 0.052844356330665934 0.07704310124083733
35 0.1806434427725343 0.49032507919720913 0.05917617694751698 0.08216764381548422
35 0.12902639569463364 0.4908056804380464 0.05448867694751698 0.08183986188449896
6 0.9702049774736995 0.547648454148033 0.05959004505260097 0.0948861651028075