20 0.59720341076334 0.23498083805281195 0.09048776308359248 0.08012521751493062
21 0.6293403475526907 0.17883928761597168 0.08874325256024881 0.07696384992375008
22 0.6607415369728773 0.12193467097472166 0.09352175782192056 0.07863545269729175
40 0.2592010087395538 0.8810440993550692 0.09241428413027988 0.08641158510611113
40 0.29239221131392 0.8201968651226386 0.08910727360693613 0.08321384992375017
40 0.3238389033649425 0.7625109984813886 0.09205026308359247 0.08016158510611113
39 0.35234260593930866 0.7017728670224997 0.1069318104386392 0.09455139342673605
39 0.38686879535949525 0.6447955151988886 0.10353379465362353 0.08979115824437507
37 0.4175797400413536 0.5863465823532288 0.09893729991529536 0.09124455547083343
37 0.44369418998488397 0.5264442522811107 0.08718075256024882 0.07692748233256949
37 0.47504987677423455 0.47032088563986074 0.09535727360693613 0.08335932028847229
35 0.5051160793486007 0.4095463865897912 0.0951752630835923 0.08023432028847229
35 0.5374805292921311 0.3494985861529509 0.10013577886860787 0.08503092306201392
35 0.5656202108198098 0.29501045469406206 0.10831229991529537 0.0914627610179167