39 0.110257514248958 0.4053994025178964 0.10548889342673617 0.10756884727034208
39 0.15248072862975656 0.43993329721387225 0.10548889342673622 0.10756884727034208
39 0.188962436076701 0.4858674234939967 0.10229115824437507 0.10426183674699843
35 0.3957936643252079 0.5065193706655167 0.11348323138263901 0.11583637357870132
35 0.4527878935236454 0.5450428153473751 0.12144120174736131 0.12254139988706055
16 0.5152872403132635 0.582322278445085 0.12947190729444458 0.13237142619541978
16 0.5673030287822565 0.6330727073419279 0.13263327488562524 0.1341159367187636
16 0.6224074496600689 0.6855676467621145 0.1390287452503472 0.1407299577654509
15 0.23923453980017317 0.5107000944983318 0.10865026101791672 0.10931335779368574
15 0.27982251899861066 0.5482679839326356 0.10229115824437507 0.10426183674699843
15 0.32335366024114537 0.5938303838902834 0.10705139342673622 0.10765985253201382
15 0.3725717570307634 0.6303363022637827 0.11664459897381958 0.11758088410204497
9 0.4240608686380202 0.6701037285297896 0.11348323138263897 0.11583637357870132
9 0.4714073409026036 0.7197998916416168 0.12147756933854179 0.12410389988706054
9 0.5249492617804161 0.7722038258001316 0.12783667211208344 0.12915542093374804
3 0.6187875679168396 0.9083149020237864 0.1294355397032639 0.13080892619541978
4 0.6673510480652075 0.952943926018952 0.13263327488562524 0.09411214796209606
7 0.5661905511993396 0.8489252204961074 0.1358310100679862 0.13742294724210707