0 0.021122312472114217 0.6384455573706945 0.04224462494422843 0.09026263050895836
3 0.07477328205459108 0.6406269596311459 0.06313135277546908 0.09356946846486114
1 0.1278027815602995 0.6442072077312849 0.05987901878308031 0.09037173328249999
29 0.1847703645641051 0.6470971248093752 0.0581891847906915 0.08721036569131932
29 0.2378953645641051 0.648333622909514 0.05181185079830275 0.08393989532659737
29 0.29164244707361914 0.6534945548052433 0.0581891847906915 0.0872103656913195
7 0.34086119707361917 0.6546401339274308 0.05512785178688588 0.08870013050895835
36 0.39695202958313314 0.6598556172099309 0.054682182813525236 0.07776263050895835
36 0.45173503007742466 0.6587847329012504 0.05187551779449713 0.08550239532659738
36 0.500985613575522 0.6591490620234379 0.053247016805913816 0.0808512629177777
33 0.5546690290888415 0.6658724939191671 0.0581891847906915 0.0872103656913195
32 0.6062315290888416 0.6670726244281255 0.05500051779449713 0.08557513050895835
31 0.6584161115983556 0.6721971887326742 0.05662668479069151 0.08717399810013901
31 0.7114774446021611 0.6749961868328131 0.05987901878308044 0.09037173328249999
30 0.7637575276059667 0.6777770011373618 0.05806185079830275 0.0840853656913195
28 0.8139803620926471 0.6734720140551396 0.051620849809719614 0.07925239532659738
27 0.863789361104064 0.6793232769729174 0.04849584980971962 0.07917966014423605