33 0.4287074745570306 0.5937083780633152 0.11077441856773755 0.1449317866804538
33 0.35397758482834846 0.5764203333863612 0.11399954811738686 0.1465306493475449
33 0.2801290746493157 0.5575788793761799 0.1138994185677376 0.1449681493475449
31 0.7605372678940555 0.5397139581078587 0.10548614126984165 0.13550224267981753
31 0.6890325077150227 0.5208997760979954 0.10724890036914018 0.13864542401336308
31 0.6151839975359898 0.5020583220878141 0.11057415946843889 0.14180678668045382
28 0.5404040430324831 0.4855515274108601 0.10744915946843889 0.1417704240133631
28 0.4689493476282749 0.46595609540099686 0.10734902991878954 0.14020792401336307
28 0.3966132726744174 0.447914072724361 0.11067428901808825 0.14336928668045384
28 0.32193344772056 0.4298447780474069 0.11067428901808825 0.14336928668045398
27 0.2489663170911765 0.4094499147039983 0.11047402991878956 0.140244286680454
26 0.5755731801402716 0.6321634454169052 0.10911178901808824 0.14335110534690862
26 0.5026561142857127 0.6109873320734966 0.10744915946843889 0.1417704240133631
26 0.17516787168696837 0.38982721069381693 0.11379928901808825 0.1434056493475448