0 0.33090764342930995 0.07894476479156658 0.10364423658176473 0.08526102076024666
4 0.3568181037929129 0.1288028433467479 0.10344397748246603 0.08213602076024666
40 0.3820474437061651 0.1802552554000264 0.09543121838316741 0.07869268577927468
40 0.4072267188445927 0.23092641745330494 0.09865634793281668 0.08038251977166348
40 0.4316247439830203 0.28162941300468064 0.09699371838316746 0.07875635277546902
38 0.46081039867109724 0.3337039075674732 0.09376858883351816 0.07706651878308027
38 0.48530855335917417 0.38596940311884886 0.10021884793281685 0.08044618676785786
38 0.5110688193983032 0.4334837316740302 0.09689358883351815 0.07719385277546915
38 0.5377605297619061 0.4833099767311143 0.08888082973421944 0.07375051779449712
13 0.5613773049003337 0.5340448057805872 0.09044332973421945 0.0738141847906915
13 0.5856251357142873 0.582404051331963 0.0936684592838688 0.07550401878308044
11 0.6123168460778902 0.6322302963890472 0.09044332973421945 0.0738141847906915
11 0.6391086859911426 0.6836190414461312 0.10031897748246621 0.08200868676785796
11 0.66350671112957 0.734322036997507 0.09689358883351815 0.0771938527754692
15 0.6909296067183484 0.7833351985564938 0.0936684592838688 0.07550401878308044
15 0.7145463818567759 0.8340700276059667 0.10021884793281685 0.08044618676785795
15 0.7409377035714309 0.8792087726630509 0.0936684592838688 0.07550401878308044