0 0.6344535651288623 0.04222321695682575 0.1126571302577247 0.0373328567298018
14 0.6533606953865873 0.07573605391496405 0.1168400192218769 0.0873965237259962
14 0.6726739393936934 0.1318733073750052 0.11675813206674697 0.08583402372599619
14 0.6936725141334942 0.19041797783124065 0.11503185775648764 0.08264535672980182
12 0.7169329517181653 0.24749564878176775 0.11503185775648764 0.08264535672980182
11 0.738753720035531 0.30685340273610046 0.1184025192218769 0.08746019072219058
10 0.759670407620202 0.36383557319233595 0.11511374491161738 0.08420785672980183
38 0.7781614580497432 0.41915974315427984 0.11355124491161739 0.08414418973360735
38 0.801503782789544 0.47779991410480693 0.11190685775648754 0.08251802273741297
38 0.8209808011069099 0.5370621675648481 0.1117430834462283 0.07939302273741297
12 0.8394309079588863 0.591605087526792 0.10869997060135787 0.08082818874502422
12 0.8642947891211221 0.6495276754735134 0.1101805834462283 0.0793293557412186
13 0.8859927267057934 0.7065416794278462 0.10837242198083885 0.07457818874502423
12 0.9068684707128994 0.7627425998840817 0.10853619629109837 0.07770318874502422
11 0.9270448518751355 0.8204741868422201 0.10837242198083885 0.07457818874502423