37 0.78671875 0.61953125 0.0484375 0.0703125
37 0.72890625 0.61953125 0.046875 0.06484375
37 0.6703125 0.62421875 0.05 0.0703125
37 0.6140625 0.62109375 0.05234375 0.06875
28 0.90859375 0.61484375 0.0546875 0.090625
28 0.84609375 0.61875 0.0578125 0.09296875
31 0.32421875 0.63125 0.05078125 0.08671875
30 0.26640625 0.63359375 0.04609375 0.0859375
34 0.55234375 0.62265625 0.0453125 0.07734375
34 0.20859375 0.6296875 0.04375 0.08125
33 0.49609375 0.6265625 0.05390625 0.08984375
33 0.153125 0.63828125 0.04453125 0.084375
32 0.43828125 0.6265625 0.0484375 0.08359375
32 0.37890625 0.628125 0.04765625 0.08828125
32 0.08984375 0.6359375 0.0515625 0.08515625