32 0.277267201650452 0.7139198813538499 0.15458101006798622 0.1420594384905499
31 0.31789089522968805 0.6432886458977174 0.15621624525034736 0.14531198424818434
30 0.35844185362656295 0.569532410441585 0.15621624525034736 0.14531198424818453
32 0.3990109958190282 0.49655742498545247 0.15621624525034736 0.14531198424818434
31 0.43883525560267406 0.4252087124081373 0.15781511284152788 0.14700203000581896
30 0.47864133159072947 0.3530787498308221 0.1562162452503472 0.14531198424818442
33 0.5184110399876045 0.27938628725350695 0.159450348023889 0.15025457576345352
32 0.5604881307932988 0.20394000603973997 0.16264808320625015 0.1536346672787226
31 0.6018021553945834 0.12933874770479023 0.16261171561506949 0.15207216727872264
33 0.4788465790252783 0.6309326828613603 0.1546173776591669 0.14362193849054988
33 0.5202151550133338 0.5586751745264106 0.1498935100679862 0.1416768012176462
28 0.5600394147969796 0.48732646194909535 0.15305487765916687 0.14349439273291545
28 0.5983193583762156 0.4168865451294147 0.15625261284152786 0.14687448424818453
28 0.6373441843642712 0.34482035543091677 0.15469011284152784 0.1467469384905499