1 0.1 0.459375 0.0546875 0.0921875
21 0.16171875 0.45234375 0.04453125 0.07890625
21 0.22265625 0.446875 0.04609375 0.07421875
21 0.2875 0.45390625 0.0453125 0.08203125
37 0.3453125 0.440625 0.04453125 0.0734375
37 0.40859375 0.434375 0.04296875 0.0734375
37 0.46796875 0.4453125 0.04609375 0.07109375
19 0.528125 0.43671875 0.05 0.0734375
19 0.5875 0.43125 0.05078125 0.07421875
19 0.64765625 0.428125 0.05234375 0.0765625
24 0.71015625 0.421875 0.04765625 0.08671875
24 0.76875 0.41796875 0.04765625 0.07890625
24 0.825 0.4109375 0.04765625 0.0765625
39 0.8859375 0.41015625 0.046875 0.07890625
39 0.946875 0.40390625 0.05 0.08671875