30 0.8031493271803967 0.704504006792172 0.08468063861970414 0.09875647748246603
31 0.760983606513492 0.6846513841823529 0.08333665990702777 0.10178134793281686
32 0.7111146464902488 0.6637369093207806 0.08813342055068922 0.10364423658176455
31 0.6651519364670058 0.6425721105850849 0.08824268119435104 0.10520673658176474
32 0.6206970961219318 0.62208843229974 0.08980518119435103 0.1053068661314139
33 0.5754063754550269 0.6024360687892195 0.08824268119435104 0.10520673658176474
41 0.530951535109953 0.5819523905038745 0.08646165990702759 0.10198160703211538
41 0.48571544476487893 0.5615187769933542 0.08980518119435103 0.1053068661314139
35 0.4419872240979741 0.5417662839331845 0.08980518119435103 0.1053068661314139
35 0.3982590034310693 0.5220137908730147 0.08824268119435104 0.10520673658176474
35 0.35453078276416444 0.502261297812845 0.09136768119435104 0.10540699568106326
38 0.31169307274092134 0.48089623997785064 0.09136768119435104 0.10540699568106326
38 0.26645698239584736 0.4604626264673303 0.08813342055068932 0.10364423658176473
38 0.2235100117289425 0.440660068632336 0.08980518119435103 0.10530686613141409
3 0.17989105170569938 0.4193450755721663 0.08969592055068931 0.10374436613141395
7 0.1353269507169637 0.4004238972868214 0.09136768119435104 0.1054069956810633
6 0.09087211037188972 0.37994021900147623 0.08980518119435103 0.105306866131414
5 0.047979770026815735 0.3593564111664819 0.08478989926336584 0.10031897748246603