32 0.44794133958513915 0.1798636255603136 0.15997917568342573 0.11842705423577735
31 0.4679421898206949 0.25563651537289916 0.16195177879370348 0.12316001834240006
30 0.4909313390194914 0.3330628333987301 0.16181507775694434 0.12159751834240007
32 0.513275939255047 0.4089039193712497 0.16195177879370348 0.12316001834240016
31 0.5348392894906027 0.48472227329045803 0.16365097983046262 0.1247679824490227
30 0.5571838897261585 0.5605633592629775 0.16195177879370348 0.12316001834239998
33 0.5802413894433345 0.6372084272888086 0.1653501808672221 0.1263759465556454
32 0.6022442370869922 0.7169557632613281 0.16874858294074038 0.12959187476889084
31 0.6251650357674089 0.7951633312871591 0.16704938190398125 0.12798391066226814
33 0.35771900636157483 0.37853079460235894 0.16025257775694418 0.12155205423577735
33 0.3784327560787508 0.4551076664682559 0.15542837672018503 0.11985316191590929
28 0.4000644568326862 0.5301447703874642 0.1586900777569443 0.12150659012915455
28 0.4217645081050011 0.6044006243066724 0.1605259798304628 0.12467705423577727
28 0.4448903583405568 0.6802644423325033 0.1588267787937035 0.12306909012915454