25 0.87734375 0.6125 0.0546875 0.103125
25 0.815625 0.6125 0.0578125 0.103125
25 0.75390625 0.61328125 0.05703125 0.1015625
24 0.6921875 0.61171875 0.05859375 0.103125
23 0.6296875 0.6109375 0.0578125 0.1046875
22 0.56875 0.61015625 0.059375 0.103125
24 0.50625 0.61015625 0.059375 0.103125
23 0.44375 0.6109375 0.06171875 0.1046875
22 0.38203125 0.61171875 0.0609375 0.1078125
22 0.31875 0.61171875 0.0625 0.10546875
21 0.2546875 0.61171875 0.0640625 0.10703125
20 0.18984375 0.61171875 0.065625 0.10703125
20 0.12578125 0.61015625 0.06484375 0.10625
20 0.06015625 0.60859375 0.05859375 0.10625