3 0.41800648402796037 0.10756983049516662 0.0846602651468471 0.06887201680591398
6 0.39667501307225456 0.053582667453304936 0.08094326929603186 0.06093218281352519
37 0.7298691278227606 0.862067693613578 0.07528526514684693 0.06849001482874754
37 0.7042762093565658 0.8035521980622022 0.08525226099766207 0.07668451680591408
21 0.6803049904754523 0.7457542855146322 0.07540366431700996 0.07005251482874755
21 0.655670920764502 0.6895507064651593 0.08009116431700995 0.07024351581733086
15 0.6348839014684702 0.6324067099252003 0.07888386182749904 0.0748673488211363
15 0.6100130334171936 0.5730781308757275 0.0767293659766839 0.0669911818249421
32 0.5894036128764062 0.5182778843357686 0.07360436597668389 0.06686384783255317
32 0.5658467910908636 0.46594872178819846 0.07805506763635783 0.06392984882113631
30 0.5423491688904022 0.4144008092406283 0.07961756763635783 0.06399351581733081
30 0.5235982462750224 0.36344314570447506 0.07360436597668389 0.06686384783255317
20 0.500645075734235 0.3087383996588078 0.06844326929603177 0.060422846843970035
20 0.48105370353377375 0.25703131962075176 0.07168666846619498 0.06211268083635879
29 0.457615280918394 0.2062646570731816 0.07301237012586874 0.05905134783255326
29 0.43880515871793263 0.15452574353702833 0.07504846680652086 0.06536501482874764