27 0.9489292103822511 0.394594777754691 0.0781268452307593 0.10599001482874755
28 0.8892232462750224 0.4186424314050125 0.08437684523075965 0.10624468281352524
28 0.8269959334125492 0.44025083456104247 0.08653134108157481 0.11412084980971962
30 0.7660351226246686 0.4580166547132668 0.09145563942190087 0.11743685079830275
29 0.702778106027929 0.4865926408731024 0.08473204274124875 0.11093218281352506
30 0.6405507931654559 0.5082010440291324 0.08641294191141177 0.11255834980971961
31 0.5777198290582273 0.5321213636870651 0.08965634108157464 0.11424818380210837
29 0.5153149174405097 0.5513860168430951 0.08449524440092268 0.10780718281352523
30 0.44857770333328106 0.5751471690105417 0.08797544191141178 0.112622016805914
31 0.3844210375663785 0.6021288216722802 0.08833063942190078 0.11730951680591399
33 0.3176246238740684 0.6251087238397269 0.09145563942190069 0.11743685079830275
34 0.2511834076922474 0.6527761260071736 0.0961431394219007 0.11762785178688588
32 0.18276529441485576 0.6749111111784261 0.09626153859206381 0.11919035178688589