5 0.42389557237357545 0.08222483830746813 0.07910961124870504 0.058699970601357856
6 0.44166742328319836 0.12913745985876565 0.07925516046291677 0.06182497060135783
16 0.46043884801413865 0.18077852498762803 0.07776543507002245 0.06330558344622808
16 0.47359597353086735 0.2290079850735363 0.08230738585581072 0.06042624491161739
16 0.4868986482618077 0.28036244515944453 0.08081766046291676 0.06190685775648763
16 0.5081229849034068 0.3344700910210016 0.07783820967712848 0.06486808344622812
29 0.5268216350272413 0.384548656149864 0.07925516046291677 0.06182497060135787
29 0.5465198589723934 0.4393556648562912 0.07605738585581072 0.06009869629109836
29 0.5629475337033337 0.490873899252459 0.07932793507002245 0.06338747060135788
28 0.5804475568626976 0.5486830772261917 0.07798375889134021 0.06799308344622812
28 0.5994373054149555 0.605011642355054 0.0874315334984459 0.07004690637700665
28 0.6169373285743193 0.6628208203287868 0.08281680810555195 0.07136374491161739
30 0.639942489037236 0.7216978533454734 0.08594180810555194 0.0715275192218769
30 0.6583329241072586 0.7818917248967711 0.08125430810555194 0.07128185775648763
30 0.6806296091772811 0.842290314335893 0.08772263192686935 0.07629690637700648
32 0.7031082307650685 0.9065951537750149 0.0877954065339754 0.07785940637700647
32 0.7201908769599615 0.9674248142801222 0.08608735731976366 0.06515037143975562