37 0.440625 0.62109375 0.04453125 0.06171875
37 0.375 0.6171875 0.04296875 0.059375
20 0.3109375 0.6171875 0.0484375 0.06640625
20 0.24453125 0.615625 0.0453125 0.0625
20 0.18125 0.6140625 0.0453125 0.06640625
12 0.84765625 0.5265625 0.05859375 0.0671875
12 0.78828125 0.5234375 0.05234375 0.0671875
12 0.728125 0.52265625 0.05390625 0.06640625
32 0.66953125 0.5203125 0.053125 0.065625
32 0.61015625 0.51875 0.0484375 0.06484375
32 0.55234375 0.515625 0.04765625 0.06953125
26 0.49453125 0.5171875 0.0453125 0.0609375
26 0.4390625 0.5140625 0.0453125 0.06171875
26 0.37890625 0.51171875 0.04765625 0.0625
3 0.32109375 0.5109375 0.053125 0.0671875