16 0.25269778800494835 0.1847842608845912 0.12161423871722887 0.10258434137714505
16 0.289683310966202 0.23065232159169718 0.1183983105039836 0.09935021397248338
8 0.32887619160758746 0.28128972785229944 0.11049488229073816 0.09595239546082901
8 0.37130773251552973 0.32813001151756344 0.11205738229073817 0.09600695916315996
8 0.4074438093168493 0.3763145403735039 0.1183983105039836 0.0993502139724833
14 0.44351168995823487 0.42684281922944445 0.12800063103709686 0.10749009618646851
13 0.48656535649299765 0.4791791347458739 0.12960859514371953 0.1091071598887993
12 0.5258264332943173 0.5274727910064761 0.1263926669304743 0.10587303248413775
10 0.5689482959890142 0.5774653565229055 0.1263926669304743 0.10587303248413775
9 0.609590016363843 0.6320635764858386 0.128000631037097 0.10749009618646851
8 0.6542971111118512 0.6813294557045989 0.123313131037097 0.10732640507947586
16 0.6933535994333688 0.7366543619652012 0.12648359514371954 0.10899803248413775
15 0.7363390698081975 0.7913344274816305 0.1328699874635877 0.11390378729346118
14 0.7793018081297151 0.8467957429980599 0.13438702335696498 0.11239585099579194