4 0.20011669961943915 0.15174041869361096 0.10519151878308035 0.09142639342673622
23 0.22978429498053443 0.2081352358479512 0.10168451680591399 0.08197865824437507
23 0.26241772285114373 0.26055106781993037 0.10493685079830276 0.08517639342673622
23 0.2927710677179475 0.3145839511786803 0.10331068380210837 0.08357752583555564
3 0.3206533285923624 0.3655463859242011 0.10024935079830274 0.08506729065319459
40 0.35256917345916605 0.41954290169177055 0.08892984882113648 0.07543771751493064
40 0.3866377673373866 0.46879736607256917 0.08892984882113648 0.07543771751493064
40 0.41357961072131555 0.5158717346136802 0.08236151384016441 0.06747974715020835
20 0.4438056215957305 0.5667796179724303 0.08899351581733081 0.07700021751493065
20 0.4686265494663397 0.6193772879003121 0.0858048488211363 0.0753649823325695
20 0.4926025603407547 0.6704306416237843 0.08880251482874754 0.07231271751493065
21 0.5175826557018499 0.7269345615516662 0.095434516805914 0.08183318787965277
21 0.5469000825838761 0.7747356287060064 0.08567751482874755 0.0722399823325695
41 0.5744640084773192 0.8178855634515273 0.0904286818249421 0.07391158510611114
41 0.5972276878308032 0.8775690347661801 0.08567751482874755 0.0722399823325695