15 0.09431380232054616 0.5333667618228547 0.0903941897336074 0.11588695435896632
15 0.14907955676917045 0.5081882404522304 0.0920840237259962 0.11913035352912935
15 0.2061890612177947 0.4828321203263616 0.0920840237259962 0.11913035352912935
14 0.2617997326626134 0.4560318993706557 0.09371019072219058 0.12081125269929238
14 0.3181279871112377 0.43073497882986833 0.09371019072219058 0.12081125269929238
14 0.37523749155986197 0.4053788587039994 0.09527269072219066 0.12092965186945541
13 0.4322833290122919 0.3815852385781306 0.09377385771838487 0.12237375269929238
13 0.48864341695901337 0.3555070680373433 0.09696252471457942 0.12417305103961844
11 0.5457529214076376 0.33015094791147437 0.09689885771838505 0.12261055103961845
11 0.6020811758562619 0.30485402737068706 0.09689885771838505 0.12261055103961845
11 0.6600037638029834 0.2786574576597367 0.10021485870696818 0.1275348493799445
9 0.7186757682516077 0.25318293836370476 0.09689885771838505 0.12261055103961842
9 0.7765983561983292 0.2269863686527544 0.1001511917107738 0.1259723493799445
9 0.8344891106469534 0.20157104894180403 0.0954636917107738 0.1256171518694554