37 0.20593675274504183 0.5854612920147849 0.08224997334499946 0.08924818380210837
37 0.2516214227402694 0.5521832184025195 0.0775079293443632 0.08436968281352505
37 0.29491688940163324 0.5149033942959624 0.08381247334499946 0.08931185079830276
37 0.3414282627307243 0.4855634041817941 0.08539315467854491 0.09093801779449713
28 0.11229638808876866 0.6581719387450242 0.09965564934754481 0.1086985207602467
28 0.15947992341658707 0.6194887821289532 0.10439769334818116 0.11357702174882985
31 0.5650822967059073 0.31195078513188373 0.09335110534690845 0.10375635277546902
30 0.6091862853675893 0.2770465445234239 0.09018974267981754 0.10050401878308035
34 0.3894203200588609 0.4492558310638203 0.08384883601209037 0.09243685079830274
34 0.6572601586966804 0.24777022140545002 0.08542951734563572 0.09406301779449713
33 0.43118055872054295 0.4142560899610689 0.0980931493475449 0.10863485376405232
33 0.6958499440244988 0.20873689631030984 0.08702838001272664 0.0972516847906915
32 0.4776464787157705 0.3810098498469007 0.09018974267981754 0.10050401878308027
32 0.5233129673774526 0.34616927623463517 0.09177042401336308 0.10213018577927464
32 0.7477755233529536 0.17493224068282193 0.09333292401336309 0.10219385277546911