39 0.36686735144808563 0.8328446940173995 0.08846361067790856 0.08586806733052796
39 0.38106566410722237 0.7768575888452564 0.08050566000954493 0.07309524881887378
39 0.4015139767663591 0.7206522288637898 0.08995338534372688 0.07967263103285874
34 0.4172929707590412 0.6661730599893158 0.08997156667727228 0.08123513103285873
34 0.4338441240849507 0.6108853592636764 0.08839088534372688 0.07961806733052797
31 0.4449356180776328 0.556569881496195 0.08995338534372674 0.07967263103285874
30 0.4653930214035422 0.5011457715147284 0.08995338534372674 0.07967263103285874
29 0.48036349339590617 0.4443501344914198 0.09149770401018138 0.0781646947351895
29 0.5000396467218156 0.3889533063611187 0.09469542934436319 0.08452382213985139
28 0.5212510280474069 0.33115816452848673 0.08521134134309047 0.07482143992586625
27 0.5370027500397709 0.27433524565401274 0.08671929734245402 0.07018850362819702
28 0.5558522000318167 0.21505944937487706 0.08986247867599957 0.07186013103285875
27 0.5700232406906351 0.1567285942027339 0.08988066000954512 0.07342263103285877
26 0.5920158720162265 0.09890617051893649 0.08833634134309047 0.07493056733052794