16 0.9163998239912854 0.5723957119039308 0.05868662860909737 0.10665179328391083
16 0.8538998239912854 0.5745782599971649 0.06028549620027803 0.1082688569862416
16 0.7922538091736463 0.5798585262392338 0.06188436379145834 0.10988592068857254
15 0.7297174415824659 0.5804785743324681 0.06188436379145834 0.10988592068857236
14 0.6664180077868755 0.5819071542768677 0.06184799620027785 0.10832342068857255
13 0.602319140195695 0.5825817660724327 0.06188436379145834 0.10988592068857236
12 0.5390742577868755 0.5863540960168324 0.065045731382639 0.11155754809323426
11 0.4750117577868755 0.5885912078123975 0.06508209897381949 0.11312004809323425
13 0.41252994158246575 0.5915550059056318 0.065045731382639 0.11155754809323426
12 0.3477043753780561 0.5946006495523622 0.06660823138263901 0.11161211179556503
11 0.2820611915824658 0.5961110750502583 0.06660823138263901 0.11161211179556503
10 0.2156367577868755 0.5976487823993196 0.06969686379145842 0.11015873920022674
9 0.15006630917364636 0.6022842078972156 0.065045731382639 0.11155754809323426
8 0.0828242577868755 0.6022866970974423 0.06351959897381954 0.1130654843909035