1 0.2143942418957307 0.2226578920273624 0.11289338410204497 0.11529883068109026
36 0.2651068734375269 0.26228401336727114 0.09957433674699834 0.10109088001272673
36 0.3117312444559795 0.29873968137331636 0.10297235253201391 0.10581474267981754
41 0.35931887599777573 0.33832944004613424 0.10297235253201391 0.10581474267981754
41 0.4060342522779001 0.3763476080521794 0.10297235253201382 0.10581474267981754
35 0.4574371285580245 0.414420320058861 0.10637036831702958 0.11053860534690844
35 0.5041070022073129 0.4516572380649061 0.10627936305535748 0.10897610534690845
39 0.5531206258566014 0.4889214280712695 0.11133088410204497 0.1152806493475449
39 0.5990547521367258 0.5269305054105419 0.10958637357870131 0.11213746801399935
40 0.6510568678935064 0.5618873080839961 0.0962673262236546 0.09792951734563574
40 0.6996077599586463 0.6046111574235867 0.09782982622365459 0.09794769867918127
28 0.7487123888696067 0.64343784742995 0.10958637357870131 0.11213746801399935
28 0.7993795177805669 0.6822827187698589 0.10958637357870131 0.11213746801399935
17 0.8492198940606913 0.7203372494429949 0.104534852532014 0.10583292401336308
17 0.8959807729716516 0.7591366674490401 0.104534852532014 0.1058329240133629