7 0.83046875 0.19350474152268093 0.1078125 0.11376802273741297
16 0.12421875 0.6457197238025458 0.096875 0.10238485376405233
16 0.1734375 0.5991829634224226 0.0953125 0.10075868676785796
16 0.2234375 0.557301869544202 0.0890625 0.09581651878308044
35 0.26875 0.5124867766545647 0.09375 0.1006950197716634
35 0.31875 0.4706056827763442 0.0953125 0.10232118676785795
37 0.3671875 0.43113200589431794 0.09375 0.09913251977166344
37 0.41484375 0.38934641251038904 0.090625 0.09744268577927465
41 0.4625 0.34756081912646014 0.084375 0.09093801779449713
41 0.5125 0.3056797252482396 0.084375 0.09093801779449713
38 0.559375 0.26626971536240784 0.078125 0.08443334980971962
38 0.6078125 0.22835853848038168 0.0796875 0.08449701680591397
38 0.65703125 0.18338427810025837 0.08125 0.08924818380210837
8 0.70078125 0.13863285220681543 0.09375 0.10069501977166348