15 0.4265175940085905 0.06575837284919583 0.12143974267981754 0.09757495764913057
15 0.453752803349772 0.12372540895354933 0.12456474267981754 0.0975931383672898
13 0.4810243753580443 0.18481744505790285 0.1277079240133631 0.09917381908544902
13 0.5090953786998622 0.24747652634179612 0.1293067866804538 0.10230790944452864
13 0.5363669507081344 0.30856856244614966 0.13088746801399936 0.10387949980360825
10 0.5628754540499523 0.3712185533709633 0.1309056493475449 0.10544199980360824
10 0.5885845260582245 0.4323014991162372 0.1293067866804538 0.10230790944452864
10 0.6158651887332697 0.4941747852205907 0.13404883068109025 0.10702268052176755
9 0.6447174420750874 0.5568384116840239 0.12932496801399934 0.10387040944452863
9 0.671235036083678 0.6202696526088375 0.13248633068109025 0.10701359016268785
9 0.7008685394254958 0.6829378242518105 0.13248633068109025 0.10701359016268785
8 0.7297298834340863 0.7463827007152435 0.12928860534690845 0.10074540944452863
8 0.7570287274426768 0.809818486819597 0.1292886053469086 0.10074540944452863
8 0.7851270027848127 0.8748213181034904 0.13085110534690844 0.10075449980360815