2 0.8747614504376404 0.4181653016999203 0.09544827886860788 0.08703342721213972
0 0.8478503399425316 0.452142195413614 0.08883425782192056 0.08049232878371626
4 0.8268252084007355 0.49207799069888425 0.0921412683452644 0.08376287799792799
13 0.7983060952747907 0.5269089090196839 0.08883425782192056 0.08049232878371626
12 0.7622930005646974 0.5566349503760127 0.08883425782192074 0.08049232878371626
11 0.7360721348079167 0.5921379567861536 0.0904877630835923 0.0821276033908223
10 0.7061725322053156 0.6239166497140589 0.0921412683452644 0.08376287799792799
9 0.6827126454018475 0.665524106909988 0.0855272472985769 0.07722177956950453
8 0.6557105296450668 0.7010635006236818 0.09205026308359247 0.08220037799792798
16 0.6322961454724346 0.7418897078196108 0.09039675782192055 0.0805651033908223
16 0.6209267349914434 0.789946218158693 0.08874325256024881 0.07892982878371627
14 0.5871208823888423 0.8219068476043632 0.08874325256024881 0.07892982878371627
11 0.5652234955853742 0.8634415301931864 0.08708974729857691 0.07729455417661057
16 0.5483398324735468 0.912534001657139 0.09195925782192056 0.08063787799792799
15 0.5171052430251255 0.9404792191921503 0.09132222099021767 0.06970037799792798
14 0.4878881798850633 0.9605391621200556 0.08913809471009326 0.03220037799792834