15 0.11314165852871554 0.2880426064289144 0.08554006933854177 0.12346265601864026
15 0.17596896684934055 0.2973691396223934 0.08721167211208343 0.12826855518880328
13 0.2411763927611461 0.30808057406062794 0.087248039703264 0.12983105518880328
13 0.3079463186729517 0.31867360932869937 0.09040940729444458 0.13163035352912936
13 0.37237249458475724 0.3294442433520154 0.09200827488562506 0.1333112526992924
10 0.4383975380877434 0.3416589782051684 0.09353440729444458 0.1318671518694554
10 0.5028418977951392 0.3532108622284844 0.09040940729444458 0.13163035352912936
10 0.5680493237069448 0.36392229666671894 0.09516964247680573 0.13511055103961844
9 0.6356004996187503 0.37445613234970887 0.09197190729444457 0.13174875269929237
9 0.7016255431217365 0.38667086720286187 0.09513327488562524 0.13354805103961845
9 0.7691403514423615 0.39564220288585183 0.09513327488562506 0.13354805103961837
8 0.8374909611497573 0.40689808898376034 0.09040940729444458 0.13163035352912936
8 0.9042790708571532 0.41827237425183184 0.08881053970326391 0.12994945435896632
8 0.9644846465608683 0.4296466595199033 0.07103070687826332 0.13271925684847724