11 0.23230448165323567 0.18394083736472583 0.08485678903121974 0.08379429201145401
12 0.2763362827847038 0.23288741470399826 0.08485678903121974 0.08379429201145401
13 0.3078953549934108 0.28637604137490713 0.08484769867214012 0.0822317920114541
11 0.3495834061248789 0.3352953467138614 0.08171360831306052 0.0806329293443632
12 0.3881373668972675 0.3826157893857249 0.08641928903121973 0.08381247334499946
13 0.42667769213103657 0.42759248205758826 0.08641928903121983 0.08381247334499946
13 0.4644231318261863 0.47021633406267893 0.07856133723582168 0.07590906667727229
15 0.5021776618804156 0.5144026860677696 0.0832670179539809 0.07908861067790855
14 0.5399094660369459 0.5546827880728603 0.08484769867214012 0.08223179201145392
14 0.5760696798343965 0.5933822087444055 0.07856133723582168 0.07590906667727211
15 0.6114622791704665 0.634416288749178 0.0817045179539809 0.07907042934436319
16 0.6468548785065366 0.6754503687539506 0.08484769867214012 0.08223179201145392
9 0.6814616826630668 0.7156941080919503 0.08484769867214012 0.08223179201145392
9 0.7121895078968359 0.7605798940960865 0.08484769867214012 0.08223179201145392