5 0.23929027985783757 0.18870725632152147 0.09905564441741399 0.11255816162790726
7 0.2871601532962086 0.22847995758582576 0.09118860226293624 0.10268251387966065
21 0.5649685533709633 0.5945903230989309 0.09433178298109546 0.10600777297895939
21 0.5155179992144331 0.5515924922849773 0.08961701190385671 0.10101988433001133
21 0.46296517095560186 0.5123006523717251 0.08963519262201594 0.10414488433001132
28 0.410403252337691 0.47144631245847285 0.0943317829810955 0.10600777297895939
28 0.35862258371978023 0.4306420373200452 0.09119769262201594 0.10424501387966068
28 0.3091902102814092 0.3907692065060916 0.09118860226293632 0.10268251387966068
25 0.26132488202257803 0.3517777552417873 0.09118860226293624 0.10268251387966068
25 0.2103436441228264 0.31414854487818433 0.09747496369925476 0.10933303207825791
13 0.918625339377121 0.7086258513196775 0.09903746369925485 0.10943316162790709
13 0.8645009207592101 0.667671381856776 0.09903746369925485 0.10943316162790725
13 0.8111759328594585 0.6298919771686989 0.09119769262201594 0.10424501387966068
13 0.7593998094210874 0.5898689520302713 0.09432269262201594 0.10444527297895938
29 0.706856071521336 0.5521396121170191 0.09276928298109546 0.10590764342931003
29 0.6581958577238853 0.5107543460778903 0.08490224082661779 0.09603199568106327
29 0.6080095053627531 0.47551895048911186 0.09118860226293642 0.10268251387966068