22 0.44034225780454833 0.021371924111767825 0.10369048439090331 0.04274384822353565
33 0.48478173856725465 0.04341814826406228 0.10985120435383652 0.08683629652812457
33 0.5253050456461634 0.07849079549466727 0.10823414065150558 0.10643839867609244
33 0.5698164482785687 0.12165644458504447 0.10494544954451293 0.10160534946188071
11 0.6143005690598085 0.16560334367542168 0.10823414065150558 0.10643839867609244
11 0.6533977853945444 0.2074612038906694 0.10176588584218216 0.09989730024766903
11 0.6955654380269497 0.2507360148917054 0.10500001324684387 0.10316784946188073
40 0.7416666225105203 0.29304763937497674 0.09853175843752063 0.0966267510334573
40 0.7838888388452563 0.33475995037601275 0.10505457694917482 0.10473034946188076
40 0.8242757366683382 0.38435753598415456 0.10343751324684396 0.1030950748547749
27 0.8647990437472469 0.43004887159229643 0.10661707694917481 0.10480312406898662
27 0.9085564782308175 0.47246965798622653 0.10817957694917482 0.10487589867609248
27 0.9404587534585609 0.5193425039334507 0.08307044954451329 0.10058650496239885
5 0.9599428742398007 0.5644537967375216 0.04104664065150558 0.10330909057054072