16 0.90234375 0.5765625 0.05546875 0.10390625
15 0.84296875 0.57734375 0.05546875 0.103125
14 0.78203125 0.578125 0.0578125 0.10546875
13 0.72109375 0.58046875 0.0578125 0.10546875
12 0.65859375 0.58203125 0.0578125 0.10546875
11 0.596875 0.5828125 0.05859375 0.10546875
11 0.53515625 0.584375 0.05859375 0.10625
10 0.47265625 0.5859375 0.06015625 0.1046875
9 0.41015625 0.58671875 0.06015625 0.10703125
9 0.34765625 0.58984375 0.06015625 0.10859375
9 0.28359375 0.59140625 0.0640625 0.1078125
10 0.21953125 0.59296875 0.06328125 0.109375
9 0.15390625 0.59375 0.06484375 0.1078125
8 0.0890625 0.59453125 0.0625 0.10703125