11 0.09220411807561786 0.39504582711465003 0.06297269867214013 0.08452548620519007
12 0.1569660548439013 0.40571001017676533 0.06297269867214013 0.08452548620519007
13 0.21229390427816722 0.42702176616965914 0.059847698672140126 0.08436171189493055
11 0.27471209104645067 0.4378087799644691 0.058276108313060515 0.0827173247398008
12 0.33321039227611465 0.4511442616471033 0.059856789031219736 0.08592421189493074
13 0.3909456242239379 0.4613956869073025 0.059856789031219826 0.08592421189493056
13 0.4455649465308408 0.47024838647776124 0.0535795179539809 0.08090916327441153
15 0.5017331332991242 0.48136294889309017 0.05672269867214012 0.08419793758467105
14 0.5555848411446466 0.4879128420411137 0.0614011083130606 0.08288109905006032
14 0.6070837086310892 0.4961480659218319 0.0551329275949012 0.07942855042954129
15 0.659359280937992 0.5051235962249853 0.058257927594901206 0.0795923247398008
16 0.7108536032448949 0.5141400701057034 0.0614011083130606 0.08288109905006032
9 0.762343380372258 0.5239377939864216 0.0614011083130606 0.08288109905006032
9 0.8130200912428425 0.5392452114447046 0.06140110831306052 0.08288109905006032