16 0.1044223368837762 0.763931824001429 0.0990688527754691 0.09885239926336595
25 0.13530226376580234 0.7134730020936869 0.10394735376405229 0.10386768119435104
36 0.17614743965924531 0.6669914860021435 0.09575285178688593 0.09394637797604233
35 0.21008869954507708 0.617876642807078 0.09581651878308028 0.09550887797604232
39 0.2531821249442284 0.5735749857500421 0.10550985376405234 0.10397694183801284
40 0.32419496190236674 0.5514707567852639 0.09093801779449713 0.09049359604505725
40 0.32871797722540597 0.4787052461416022 0.09250051779449713 0.09060285668871888
38 0.3604746546017237 0.42584804391202924 0.09419035178688598 0.09383711733238069
38 0.3936664979856526 0.3760065810387946 0.0941266847906915 0.0922746173323806
26 0.433953258365776 0.3241109452690821 0.09744268577927465 0.09718063861970413
26 0.47105135174970486 0.273996330786693 0.10719968775644109 0.10721120248167448
26 0.5120875286317309 0.2228273146951496 0.1006950197716634 0.10052415990702757
34 0.5476867890118543 0.17125946085642235 0.10550985376405216 0.1039769418380128
34 0.5880053828900749 0.11858257508670982 0.10232118676785795 0.10219592055068931
34 0.6230143942587814 0.062381851569813386 0.11201452174882984 0.11066398441265972
2 0.6663306541446131 0.03313583803772276 0.10876218775644109 0.06627167607544553