5 0.9765625 0.78671875 0.04609375 0.065625
0 0.92421875 0.79140625 0.0578125 0.071875
32 0.8125 0.79140625 0.04921875 0.06953125
32 0.76328125 0.7921875 0.0453125 0.0671875
32 0.715625 0.7890625 0.0453125 0.06328125
32 0.6671875 0.79453125 0.04375 0.065625
34 0.4734375 0.803125 0.03828125 0.065625
34 0.4265625 0.80546875 0.03984375 0.065625
34 0.378125 0.80546875 0.04375 0.06640625
35 0.61640625 0.79609375 0.0421875 0.06171875
35 0.56953125 0.79765625 0.03984375 0.06328125
35 0.5203125 0.8 0.04140625 0.0625
39 0.328125 0.80703125 0.0375 0.0609375
39 0.2796875 0.8078125 0.040625 0.0609375
39 0.23125 0.8078125 0.0421875 0.065625
41 0.1828125 0.81171875 0.0375 0.065625
41 0.1328125 0.81484375 0.034375 0.0671875