6 0.8338243183420182 0.7070702452493371 0.0780010036281972 0.09162066016782511
0 0.8813615172535592 0.7365218695243909 0.09244544954451328 0.10362375269929239
34 0.1813417361201839 0.2354200495897259 0.09250001324684395 0.10518625269929238
34 0.2342931213293939 0.26684857096035025 0.09422620435383651 0.1099921518694554
30 0.28398309728277676 0.30194654399064846 0.09260914065150558 0.10831125269929238
31 0.33052079138499424 0.3375889686806207 0.08937501324684397 0.10494945435896633
32 0.3778397354872117 0.3732905929556745 0.08770338584218215 0.1017060551888033
28 0.4260763388452563 0.4051451668158097 0.08937501324684387 0.10494945435896633
27 0.4734225647986392 0.4400655410908635 0.09099207694917481 0.10663035352912935
26 0.5192881363055184 0.4725237661957542 0.08619544954451293 0.10315015601864026
26 0.5635093622589012 0.5072073421304819 0.08625001324684405 0.10471265601864026
26 0.6125272156169459 0.5391211155756986 0.08948414065150559 0.10807445435896632
26 0.6575842552726596 0.5723013910955078 0.08625001324684387 0.10471265601864026
32 0.7034498267795387 0.6047596162003985 0.08301588584218215 0.1013508576783142
31 0.7462176801375834 0.6361997929649632 0.0877579495445131 0.10326855518880329
30 0.7913020016444625 0.6685988184847724 0.08285219473518968 0.0966633576783142