38 0.3262895421875 0.5942178078125 0.322302134375 0.65053535 0.40281434374999997 0.67346955 0.4081285296875 0.622240190625 0.3262895421875 0.5942178078125
38 0.6170207203125 0.867340959375 0.6188025609375 0.9110225515625 0.6843136890625 0.9178293859375 0.6843523515625 0.87503436875 0.6170207203125 0.867340959375
38 0.5564584890625001 0.61409845625 0.523093196875 0.653447865625 0.583439528125 0.7065093484375 0.617612196875 0.6667294484374999 0.5564584890625001 0.61409845625
35 0.8130656281249999 0.7712457171875 0.7683154796875 0.795587040625 0.797696325 0.8498163156249999 0.8434017 0.8287182 0.8130656281249999 0.7712457171875
36 0.6040205296875001 0.9734009218749999 0.620652403125 0.9405413703125 0.5623434984375 0.9104925312500001 0.5488598265625 0.9494751546875 0.6040205296875001 0.9734009218749999
36 0.162613965625 0.59909775 0.145870615625 0.6641422828125 0.2028273671875 0.691644559375 0.22138826250000002 0.6307128578125 0.162613965625 0.59909775
40 0.4183228109375 0.73327675625 0.4198056265625 0.6830354875 0.3392663375 0.6621269328125 0.340154465625 0.7168686265625 0.4183228109375 0.73327675625
26 0.258100615625 0.8030758796875 0.2838995984375 0.851547371875 0.3468841625 0.8375010062499999 0.3254514484375 0.78848269375 0.258100615625 0.8030758796875
14 0.164334225 0.511015696875 0.1702522796875 0.5925434078125 0.23543326874999998 0.61172754375 0.2313487125 0.52959285 0.164334225 0.511015696875
8 0.49841876875 0.9296950296875 0.5424669640625 0.9473777734375 0.5632139734375 0.8967807515624999 0.5174553875 0.8765567140625 0.49841876875 0.9296950296875
15 0.365732428125 0.8387223374999999 0.39363724375000003 0.8848344375 0.4518723609375 0.8598550328125001 0.4262281609375 0.8152517953125 0.365732428125 0.8387223374999999
17 0.7503768671875 0.9261341609375 0.79888995625 0.9256605265625 0.7980773250000001 0.8726575703125 0.7460790328125 0.8679884093749999 0.7503768671875 0.9261341609375
17 0.2619984140625 0.9230699703124999 0.30304872656250004 0.9536388046875001 0.34052580312499997 0.91428743125 0.2993483796875 0.8834966796874999 0.2619984140625 0.9230699703124999
17 0.4395976984375 0.8810646671875 0.42573692812499997 0.9195967906250001 0.48406256406250003 0.9441934828124999 0.5000942109375 0.9095504046875 0.4395976984375 0.8810646671875
18 0.23060925625 0.6302402578125 0.25359006093750003 0.6803656703125001 0.3257611078125 0.6685045578125 0.304580159375 0.6173289546875 0.23060925625 0.6302402578125
19 0.8962623203125 0.5963163484375 0.8714698343749999 0.64830466875 0.936833125 0.676923365625 0.9621341984375 0.6261364953124999 0.8962623203125 0.5963163484375
20 0.4657700046875 0.590144884375 0.4445185875 0.6631425078125 0.49951306874999996 0.6882295125 0.520620984375 0.6204553140625 0.4657700046875 0.590144884375
20 0.42070369999999996 0.936531228125 0.4054603140625 0.9851279515625 0.4405389390625 0.9977079890624999 0.4533632359375 0.9976333796875 0.468251446875 0.9567359859375 0.42070369999999996 0.936531228125
21 0.6349660781249999 0.92752786875 0.6141714703125001 0.9630263328125 0.6728369625 0.9824852125 0.6911297859375 0.9523067328125 0.6349660781249999 0.92752786875
21 0.59455414375 0.8035525734375 0.5923719203125 0.8472454359375 0.6568825281249999 0.8579665500000001 0.66239264375 0.81639894375 0.59455414375 0.8035525734375
22 0.7164864171875001 0.7759116781250001 0.691378903125 0.8136554953124999 0.7461451343750001 0.8514133765624999 0.7726258640625 0.818027978125 0.7164864171875001 0.7759116781250001
22 0.42602798281250004 0.80872540625 0.453612221875 0.8508718296875 0.5081830015625 0.821052578125 0.48330372187500004 0.7840363 0.42602798281250004 0.80872540625
23 0.503830678125 0.933331371875 0.48463308281249995 0.98395889375 0.5208686984375 0.99724064375 0.5322471453125 0.997174446875 0.5505368515625 0.9511176750000001 0.503830678125 0.933331371875
23 0.4950267140625 0.8571973078124999 0.535966803125 0.8807221109375 0.567239003125 0.8337760062499999 0.525153859375 0.8061249796875 0.4950267140625 0.8571973078124999
24 0.3230508671875 0.9660437906249999 0.325230696875 0.9983788328125 0.3895635109375 0.9980045562500001 0.3899988171875 0.9786190734375 0.3230508671875 0.9660437906249999
24 0.3747755890625 0.7371332125000001 0.3238432828125 0.741307034375 0.346563953125 0.8051917296875001 0.394909659375 0.8000353578125001 0.3747755890625 0.7371332125000001
24 0.38738908125 0.7579610578125 0.4093072484375 0.7998098078125 0.47127448281250006 0.7775130234375001 0.451017575 0.7361722859375 0.38738908125 0.7579610578125
24 0.7158664796875 0.7013155078125 0.6965465 0.7477927265625001 0.76105109375 0.7789862921874999 0.7842160046875 0.73518315625 0.7158664796875 0.7013155078125
25 0.339944134375 0.9245502109375 0.3390912234375 0.9652630515625 0.403618909375 0.976058946875 0.4060342125 0.9377836609375001 0.339944134375 0.9245502109375
25 0.8051165140625001 0.6528598421875 0.7578165859375 0.7069011578125 0.7974599765625 0.7383202140625 0.8455368468750001 0.6864246078125 0.8051165140625001 0.6528598421875
27 0.64818111875 0.5381049531250001 0.6244251296875001 0.5910757984375 0.6956341390625 0.626046190625 0.7196814328125 0.5788105875 0.64818111875 0.5381049531250001
28 0.8438991031249999 0.875014721875 0.8011005265625 0.8944847484375 0.8283043203125 0.944481828125 0.8713902062500001 0.9262599796875 0.8438991031249999 0.875014721875
29 0.2431449328125 0.7502192515624999 0.26550404843750003 0.792973584375 0.33069103593750004 0.7806177921875 0.30869064375 0.7364982921875 0.2431449328125 0.7502192515624999
29 0.6992999078125 0.6407250546875 0.7496015093749999 0.6679144390625 0.78463143125 0.6046531749999999 0.7360138640625 0.5747321484375 0.6992999078125 0.6407250546875
29 0.8037770703125 0.7602031218749999 0.8547884109374999 0.7974011671875 0.88785231875 0.7617525296875 0.83461075625 0.7210869125 0.8037770703125 0.7602031218749999
29 0.631721784375 0.6114975890625 0.61976361875 0.6850094312499999 0.6702418703124999 0.69714414375 0.6847619359375 0.6299265984375 0.631721784375 0.6114975890625
30 0.5653711968749999 0.854455215625 0.5663537171875 0.9085570640625 0.614169246875 0.9145659984375 0.6144522375 0.8586115546875 0.5653711968749999 0.854455215625
31 0.5962653687499999 0.7209686359374999 0.549454628125 0.738379359375 0.5840513031250001 0.79958753125 0.6272583390625 0.7808901203125 0.5962653687499999 0.7209686359374999
31 0.6808358984375 0.94092430625 0.72509030625 0.9529447187500001 0.740623078125 0.9027209859375 0.692425734375 0.8879718453125 0.6808358984375 0.94092430625
31 0.48843781093749994 0.5916150499999999 0.53618545 0.6232523765625 0.5698895359375 0.5583343625 0.5193496234375 0.5227150796875 0.48843781093749994 0.5916150499999999
32 0.7835630765625 0.6285608703125 0.8246907625000001 0.6610975796874999 0.8730985390624999 0.6027598140625 0.8303022078125 0.5652792015625 0.7835630765625 0.6285608703125
32 0.297844284375 0.8563062468749999 0.327015965625 0.8994385328125001 0.3846449578125 0.8796443625 0.357917421875 0.835446409375 0.297844284375 0.8563062468749999
32 0.22976249375000002 0.6912986937500001 0.2549081671875 0.7402662953125 0.320321159375 0.72726913125 0.299056915625 0.6778112921874999 0.22976249375000002 0.6912986937500001
33 0.6267873640625 0.6959272921874999 0.615023234375 0.7467355796875 0.6832612734375 0.7662170781250001 0.69442813125 0.7170664890625 0.6267873640625 0.6959272921874999
33 0.4708654046875 0.6834767703125 0.442645984375 0.7211381296875 0.4997087953125 0.7675522953125 0.5283745093750001 0.7330563703124999 0.4708654046875 0.6834767703125
34 0.693383021875 0.8201500375 0.6647482046875 0.8562942234375001 0.716158990625 0.8897449046875 0.7424718234375 0.8580710203124999 0.693383021875 0.8201500375
34 0.23611458437500002 0.5627492281250001 0.2858325109375 0.6096259500000001 0.3335473390625 0.5606954453124999 0.2886814359375 0.5128136359375 0.23611458437500002 0.5627492281250001
34 0.3293284328125 0.539656553125 0.35950822968749996 0.597941084375 0.42908428593750003 0.5784313328125 0.4025635171875 0.5176755671875 0.3293284328125 0.539656553125
16 0.048926754687500004 0.2728857078125 0.0127639546875 0.27404723125 0.0179236921875 0.38482886875 0.08469997968750001 0.384910871875 0.048926754687500004 0.2728857078125
16 0.12304508125 0.2748911125 0.0518623890625 0.274647325 0.0855274234375 0.383495159375 0.1535888421875 0.384710796875 0.12304508125 0.2748911125
12 0.1971943859375 0.28062666406250003 0.1269346109375 0.2776556671875 0.1576871140625 0.386512909375 0.2257485328125 0.38772854687499997 0.1971943859375 0.28062666406250003
12 0.2723503921875 0.2827742140625 0.2002276421875 0.2803003546875 0.23070530625000002 0.3894932453125 0.2956187375 0.389782084375 0.2723503921875 0.2827742140625
12 0.344303509375 0.2831773640625 0.27485653593750003 0.2819007484375 0.29894531562500004 0.390750196875 0.36385874375 0.3910390375 0.344303509375 0.2831773640625
10 0.4160534546875 0.2864316078125 0.3479437171875 0.2868334734375 0.36864892031249996 0.39458926875 0.43356234843749997 0.394878109375 0.4160534546875 0.2864316078125
10 0.48661808281249996 0.2855156734375 0.41816691562499997 0.284786290625 0.436032621875 0.3911391046875 0.5009460515625 0.39142794375 0.48661808281249996 0.2855156734375
10 0.5570460640625 0.28626896875 0.48976536406250004 0.28650669687499997 0.50321824375 0.392671703125 0.568336365625 0.38981226874999997 0.5570460640625 0.28626896875
41 0.6268334640625 0.2853466359375 0.5613643921875 0.286715353125 0.57202058125 0.3928706046875 0.6346940156249999 0.39252109375 0.6268334640625 0.2853466359375
41 0.6978003765625 0.2898607734375 0.6300315249999999 0.28897128125 0.6390744359375 0.3918909515625 0.701747871875 0.3915414421875 0.6978003765625 0.2898607734375
41 0.7677842921875 0.2882040953125 0.7008507625 0.2878580125 0.706134021875 0.391429984375 0.7687450609375001 0.3932131875 0.7677842921875 0.2882040953125
11 0.8391818437499999 0.28736295312500004 0.772999584375 0.2883097734375 0.77447605 0.3910942953125 0.8370870890625 0.3928774984375 0.8391818437499999 0.28736295312500004
11 0.9136925687499999 0.28284516718749997 0.8438662875 0.2819957125 0.8423638203125 0.38743589843750004 0.9049748609374999 0.38921910312499997 0.9136925687499999 0.28284516718749997
11 0.983113465625 0.28671076093750003 0.9172467890625 0.2832391203125 0.910389415625 0.38626850625000003 0.9729648359375 0.39143183125 0.983113465625 0.28671076093750003