25 0.4299524965221181 0.8700270584586001 0.10814569994353032 0.06486143939369349
24 0.43026403868608 0.8081035905707757 0.10814569994353032 0.06486143939369322
23 0.42818632821920605 0.7455217034156459 0.10832771046687402 0.06798643939369331
22 0.4268898677523321 0.6828988726829512 0.10841871572854575 0.0695489393936933
22 0.42628365202378626 0.6186725983726917 0.11145271046687402 0.06815021370395283
21 0.4256774362952404 0.5544463240624322 0.11163472099021768 0.071275213703953
20 0.42507122056669466 0.49022004975217276 0.11475972099021767 0.07143898801421251
19 0.42285700220731287 0.425294412597043 0.11475972099021767 0.07143898801421247
19 0.42142403384793115 0.36032783186434836 0.11494173151356132 0.07456398801421234
19 0.4199000602268776 0.2937987511316538 0.1164132262518894 0.07308337516934209
19 0.4167680839749881 0.22657030755408888 0.11815773677523325 0.07629026232447193
17 0.4167611077230986 0.1591780896662645 0.11650423151356133 0.07464587516934214
17 0.41601838410204495 0.092608065356005 0.11659523677523324 0.07620837516934213
17 0.4151846552193195 0.03126939252642585 0.11503273677523325 0.0625387850528517