0 0.5105662105347333 0.9445246901866629 0.09440452800763595 0.06116322930778502
3 0.5267821038749603 0.8929245686353653 0.10089088534372674 0.0818032779283044
1 0.5422167472151873 0.8413653906616327 0.09618520401018138 0.07999511646291495
29 0.5584871845560506 0.7850777691103351 0.09302384134309047 0.07670634215265544
29 0.5723684185630502 0.7328192282917323 0.08982611600890866 0.07029256784239593
29 0.58937465257005 0.68039691316287 0.09302384134309047 0.07670634215265544
7 0.602429183243186 0.6320855659218318 0.09298747867599957 0.07358134215265544
36 0.6202439392505038 0.5772785572154046 0.08357611600890866 0.0699650192218769
36 0.631799604591049 0.5235803471294964 0.09138861600890866 0.07037445499752568
36 0.642510385264185 0.475391830621153 0.08513861600890885 0.07004690637700647
33 0.6618603692711847 0.42284668475959586 0.0930238413430903 0.0767063421526554
32 0.6749330812778662 0.3729728375185579 0.09142497867599957 0.07349945499752568
31 0.6919302246180932 0.3213317723896955 0.0930056600095451 0.07514384215265535
31 0.7073648679583201 0.2697725944159629 0.09618520401018138 0.07999511646291486
30 0.7220091706317744 0.21903561001979513 0.08988066000954512 0.07498006784239583
28 0.7288409733052286 0.16870806139927613 0.0851204346753633 0.06848440637700662
27 0.7465830039783646 0.12015105269284884 0.0835215720082724 0.06527751922187686