34 0.8237390213018461 0.6064061823743072 0.12966188296032682 0.1778501808672221
34 0.7359136896226458 0.5876356414695848 0.13136993217453857 0.18111188190398125
34 0.6488696079434453 0.5687967500464828 0.13456770678164426 0.18294778397749986
34 0.560263026264245 0.55009455966014 0.13620298138875028 0.184646985014259
33 0.47165644458504447 0.5313923692737973 0.1395463052100677 0.18960788708777762
32 0.384648750209397 0.5117722278506952 0.13783825599585597 0.18634618605101833
31 0.2944796685301966 0.49320673850111174 0.13947353060296191 0.18804538708777746
30 0.20438336145810201 0.4730787491515282 0.14110880521006772 0.18974458812453676
29 0.11343302977890157 0.45458161032032435 0.14586907981717362 0.1917171912348145
31 0.6990794313504781 0.40956872153560325 0.13456770678164426 0.1829477839774997
30 0.6112540996712778 0.39079818063088084 0.13605743217453856 0.181521985014259
29 0.5235015425991831 0.37046513972615847 0.13613020678164425 0.183084485014259
27 0.4364938482235356 0.35084499830305643 0.13464048138875023 0.1845102839774997
27 0.34870490384788816 0.331293207398334 0.14096325599585607 0.18661958812453677