6 0.10390625 0.63203125 0.05234375 0.09765625
30 0.165625 0.63125 0.05390625 0.0921875
28 0.22265625 0.63046875 0.04921875 0.09140625
29 0.28671875 0.628125 0.0484375 0.0921875
30 0.34375 0.621875 0.05078125 0.08671875
32 0.40390625 0.6203125 0.0453125 0.08125
31 0.459375 0.61171875 0.05 0.08984375
26 0.515625 0.596875 0.046875 0.0859375
27 0.57578125 0.60078125 0.04453125 0.08515625
28 0.6296875 0.60625 0.04140625 0.084375
30 0.68359375 0.60546875 0.05 0.0859375
30 0.7421875 0.6046875 0.046875 0.0828125
34 0.8 0.6078125 0.0484375 0.084375
33 0.85546875 0.61171875 0.04921875 0.08984375
32 0.909375 0.60546875 0.046875 0.08125