2 0.7734375 0.796875 0.0421875 0.08203125
0 0.73203125 0.796875 0.03828125 0.07734375
4 0.68984375 0.8046875 0.040625 0.07890625
13 0.646875 0.80390625 0.03828125 0.07890625
12 0.60390625 0.79375 0.03671875 0.07734375
11 0.56171875 0.7953125 0.03671875 0.0796875
10 0.5203125 0.790625 0.03984375 0.0796875
9 0.475 0.7984375 0.034375 0.0765625
8 0.4328125 0.79921875 0.0375 0.08203125
16 0.38828125 0.80625 0.034375 0.08125
16 0.3453125 0.828125 0.03515625 0.07890625
14 0.3015625 0.8203125 0.0328125 0.08046875
11 0.25703125 0.8296875 0.0328125 0.078125
16 0.21015625 0.84765625 0.0328125 0.08515625
15 0.16640625 0.84453125 0.03515625 0.084375
14 0.11875 0.84375 0.03671875 0.08203125