23 0.7330161386254679 0.22689880573932414 0.11494332654882307 0.1138982450563214
23 0.6910466446183616 0.2796360396477807 0.10663950361804453 0.10397694183801276
23 0.6490771506112554 0.33237327355623736 0.10992827792830404 0.1073204631253362
9 0.6104783180695386 0.38064152875201746 0.11305327792830404 0.10753898441265966
9 0.5702760419502567 0.4295817733041359 0.11313516508343398 0.1091014844126597
9 0.527648128675845 0.4799206268907616 0.10984639077317446 0.1057579631253363
13 0.4851021025565633 0.5286969804773873 0.10663950361804453 0.10397694183801284
13 0.4425151328597166 0.5782545840640131 0.10820200361804452 0.10408620248167466
13 0.4013268888526104 0.6310464482943006 0.10976450361804457 0.1041954631253363
13 0.3557786934660232 0.6772605305936029 0.10647572930778519 0.10085194183801285
11 0.3123695301916117 0.7275447538583978 0.10483134215265535 0.09918018119435104
11 0.26900131049476494 0.7770477271231927 0.10655761646291487 0.10241444183801285
11 0.22464712291009392 0.8304023200661567 0.10820200361804462 0.10408620248167466
8 0.4783994804394389 0.3423934937189391 0.10828389077317446 0.10564870248167449
8 0.4382790914752868 0.38977123827105753 0.10655761646291495 0.10241444183801277