17 0.47260658808438477 0.8714139350684871 0.0967798247398008 0.05944891233702023
18 0.46885082428957486 0.8090366659937637 0.09809666327441172 0.0547886858759707
19 0.4689603669172001 0.7473724630716643 0.09686171189493073 0.06101141233702041
19 0.4667671031223902 0.6849679204579905 0.0967798247398008 0.05944891233702041
20 0.4652732021724505 0.6241122410748415 0.0936548247398008 0.059394365259119654
21 0.4637793012225108 0.5632565616916926 0.09513543758467105 0.05785913879807012
22 0.46541040027257113 0.5023463352306429 0.09669793758467105 0.05788641233702041
22 0.4630533621675017 0.4430667926169691 0.09653416327441153 0.05476141233702041
22 0.4614775740624323 0.38377361323382014 0.09653416327441153 0.05476141233702041
23 0.4607239795349277 0.32368554708119596 0.09669793758467105 0.05788641233702041
23 0.45988849785229335 0.2651599809285718 0.09982293758467123 0.05794095941492108
23 0.4599161533247889 0.20505827800647253 0.09826043758467104 0.05791368587597072
38 0.4568188087972843 0.14501112216227385 0.08395227611928177 0.05298072402541769
38 0.4568055206922149 0.08569066924017454 0.08683161465389251 0.04834777110331836