7 0.9515625 0.2470057225259811 0.096875 0.10195200361804461
6 0.921875 0.2915303284734464 0.1 0.10055327792830412
2 0.88671875 0.3347790394638658 0.1015625 0.10063516508343388
33 0.8484375 0.3789727747645447 0.1015625 0.10063516508343388
33 0.815625 0.4228799050222696 0.1 0.10055327792830408
33 0.78046875 0.466128616012689 0.1 0.10055327792830404
31 0.74609375 0.5093363834255434 0.1 0.09899077792830405
31 0.71328125 0.5516810136832684 0.1 0.09899077792830405
31 0.67890625 0.5941075310961228 0.1 0.10055327792830404
31 0.6453125 0.6357118549314125 0.1 0.10055327792830404
34 0.61015625 0.6766168159218319 0.1 0.09899077792830405
34 0.5765625 0.7197836397571216 0.1 0.09899077792830405
38 0.54453125 0.7620873264372815 0.1 0.10055327792830404
38 0.51171875 0.8044319566950062 0.1015625 0.10063516508343388
38 0.4796875 0.846735643375166 0.1 0.09899077792830431
39 0.44453125 0.8860781043655855 0.0984375 0.09734639077317411
39 0.4140625 0.9298624038906158 0.1 0.1005532779283044
39 0.3796875 0.9543201713034704 0.090625 0.056311954997525504