29 0.4095096348079167 0.638507947282049 0.07037268415851475 0.056251306420763925
29 0.3898271953877301 0.6943760875746532 0.07037268415851479 0.056251306420763925
29 0.367527990182528 0.7548771764804865 0.07193518415851478 0.05628767401194459
12 0.34849029286983363 0.8131072505686809 0.0722992052052021 0.06253767401194432
12 0.32481059818797525 0.8704469718833338 0.07725972099021768 0.06733427678548623
22 0.5151252000847046 0.10117290786312542 0.07578822625188941 0.06886040919430564
22 0.495488263295354 0.1562597981557296 0.07257222099021768 0.0672251740119445
22 0.4767690843985111 0.20902112224392405 0.07257222099021768 0.0672251740119445
21 0.4548794028708324 0.26249096114975734 0.07091871572854594 0.06562630642076392
21 0.4368504687123176 0.3168329690335421 0.07091871572854576 0.06562630642076392
21 0.41496078718463886 0.37030280793937537 0.06752069994353031 0.06086607123840278
25 0.39784961091863186 0.42231924961875034 0.07091871572854576 0.06562630642076392
25 0.376005432021789 0.4750078385245837 0.06742969468185844 0.05930357123840295
25 0.3581130057557821 0.5270060964083684 0.06577618942018652 0.057704703647222286
3 0.337922332120611 0.5781685529053823 0.07239021046687402 0.0641001740119446
1 0.3184674058546041 0.6301304431979864 0.07064569994353027 0.06093880642076392
0 0.2974044769577612 0.6828372158994099 0.0676117052052021 0.06242857123840295
7 0.2802022954300824 0.7364161575787851 0.07597023677523325 0.07198540919430556