40 0.23075734698519054 0.8843942224798536 0.12987589867609245 0.10541472872636959
40 0.2663352820552132 0.8252101200205255 0.11842897642635145 0.09441359621281223
24 0.29964224173234155 0.764449882022578 0.11672092721213971 0.09127950585373253
23 0.33362128949881126 0.7060379392041704 0.12816784946188076 0.1022806383672897
22 0.3638396364794926 0.6444782704880637 0.12497007485477489 0.10069995764913067
21 0.5001560878844534 0.4022367492144331 0.12994867328319834 0.10697722872636942
20 0.5367335967757936 0.3383696919346449 0.12660534946188076 0.10227154800821019
19 0.5717849929706867 0.27371229429577704 0.12994867328319834 0.10697722872636942
32 0.3995267334601739 0.5829504180287357 0.12667812406898663 0.1038340480082102
32 0.6061279137726856 0.2074878514773694 0.12831339867609232 0.1054056383672898
31 0.43354216853019656 0.5237572252103281 0.12497007485477489 0.10069995764913067
31 0.64341389805692 0.14518783937712096 0.13143839867609247 0.10542381908544902
30 0.466885515510878 0.4622157372123805 0.1314383986760923 0.10542381908544911
30 0.6800277942518129 0.08053953209733275 0.1345633986760925 0.10544199980360829