8 0.06138221892407909 0.53051538879807 0.054368252560248756 0.07587275324641088
10 0.11942223207825871 0.5276182597392326 0.056385778868608 0.08371252678536116
14 0.17938876627912573 0.5184984042193456 0.05418624203690507 0.07274775324641088
8 0.22855430837250051 0.5068438839268061 0.0558397472985769 0.07433752678536117
9 0.2984495794191879 0.5018075564100963 0.052714747298576906 0.07428297970746059
8 0.3530383688817268 0.49102974350388295 0.057311242036904984 0.07280230032431163
15 0.43166389782092196 0.48379967045139993 0.05464126834526439 0.08056025324641088
12 0.5110706767601172 0.47658323416839216 0.054550263083592475 0.07899775324641105
14 0.5762707425310152 0.458170199265356 0.0495897472985769 0.07422843262956
9 0.6415240162085386 0.4522708011317952 0.05262374203690499 0.07272047970746058
12 0.7165618135635852 0.43950379423193625 0.05078822625188941 0.06800570616851012
8 0.788429108287796 0.42746349025417685 0.05593075256024882 0.0759000267853612
11 0.8498216345961552 0.42071465827324006 0.05097023677523325 0.07113070616851017
13 0.9138764293203658 0.4085379866007289 0.049407736775233246 0.07110343262955983