16 0.12542379016841057 0.7324232433561353 0.10379139988706054 0.11987724267981754
16 0.172874913817699 0.6962317520289532 0.10048438936371684 0.11671588001272663
8 0.22588579272865933 0.6585413953691802 0.09690436305535757 0.10886701734563572
8 0.27526343742463516 0.6161180853755435 0.0969953683170294 0.11042951734563573
8 0.3249673058122518 0.5815163660486796 0.10048438936371688 0.11671588001272681
14 0.3778416768307043 0.5461697593889066 0.10737142619541977 0.12772610534690845
13 0.43268807152668015 0.5038100840626789 0.10893392619541978 0.12774428668045382
12 0.4833552004376404 0.4660924554025877 0.10562691567207594 0.12458292401336309
10 0.5359033477644523 0.42292425807604195 0.10562691567207612 0.12458292401336309
9 0.5921302319370844 0.3837077640833598 0.10884292093374803 0.1261817866804539
8 0.6447238818947321 0.33975831675681406 0.1070984104104042 0.12303860534690844
16 0.7016865134365282 0.30133216343090463 0.10875191567207594 0.1246192866804539
15 0.7588311555016682 0.25978101010499516 0.11389444198043534 0.13248633068109025
14 0.8175838001976441 0.21746678811263118 0.11242294724210708 0.1340306493475448