15 0.15675492842123404 0.7042123928585552 0.1680830005042031 0.14962962743398442
15 0.21363299513319603 0.6384549793037188 0.17142652179152656 0.152809174511885
15 0.26738606184515806 0.5727521128267831 0.17142652179152656 0.152809174511885
12 0.32582662855712 0.5069674257329962 0.17142652179152656 0.152809174511885
13 0.38192344526908206 0.4412236489476351 0.17142652179152656 0.152809174511885
13 0.4389107726247058 0.3739037353927987 0.17309828243518832 0.1543989480508353
13 0.49595273030216036 0.30580257183796233 0.1764418037225118 0.15757849512873606
12 0.5523226986232768 0.23615254505260105 0.17644180372251164 0.15757849512873606
11 0.6116537759789005 0.1687917211893392 0.17487930372251165 0.15755122158978568
9 0.37845496580010085 0.6582065974055075 0.1680830005042031 0.14962962743398442
9 0.4338251628338938 0.5916952073896216 0.1680830005042031 0.14962962743398442
10 0.49064859922402493 0.5267190438347852 0.16819226114786473 0.1511921274339844
9 0.5451829159359869 0.4610025405883742 0.16986402179152654 0.1527819009729347
8 0.602787602326118 0.39601274026406263 0.16986402179152654 0.1527819009729347