33 0.303295603125 0.7375475 0.3253148515625 0.6710770546875 0.27429384843750004 0.6397809703124999 0.252214859375 0.7023883140625 0.303295603125 0.7375475
32 0.274270275 0.8022163453125 0.2983441390625 0.741120059375 0.2478335171875 0.70647519375 0.22842779218749998 0.7681011718749999 0.274270275 0.8022163453125
31 0.24955858125 0.8693961234375 0.2726109609375 0.80932959375 0.22386772812500003 0.7736582109375 0.2046460953125 0.8333210718749999 0.24955858125 0.8693961234375
27 0.36836463125 0.76637976875 0.3942500390625 0.697817690625 0.336812190625 0.6643913359375 0.31450679375 0.7291313781250001 0.36836463125 0.76637976875
27 0.33879210625 0.838978828125 0.36219208125 0.7692559640625001 0.30686820625 0.7319657109375 0.28520744531250003 0.796043790625 0.33879210625 0.838978828125
27 0.3154470171875 0.9139159421875 0.3374581109375 0.8435768078124999 0.2842727859375 0.80389188125 0.26261201875 0.8679699765625 0.3154470171875 0.9139159421875
29 0.4407245984375 0.8092705125 0.4691084109375 0.7328205624999999 0.4041235953125 0.695631384375 0.3790777765625 0.765997215625 0.4407245984375 0.8092705125
29 0.40471250937500003 0.8889224562500001 0.43042648437500003 0.8164789734375001 0.3675832296875 0.7708643796875 0.3437848625 0.84190695 0.40471250937500003 0.8889224562500001
29 0.380737696875 0.9686813984375 0.40356625 0.8932470406249999 0.343540553125 0.8462248406249999 0.319742221875 0.917267421875 0.380737696875 0.9686813984375
3 0.421264434375 0.85415008125 0.39760633749999996 0.9316133390625 0.47392987656249996 0.983553921875 0.498921559375 0.9011796109375 0.421264434375 0.85415008125
7 0.508332803125 0.9032263671875 0.542603615625 0.821687440625 0.465535115625 0.764846928125 0.43267876406249994 0.8400040421874999 0.508332803125 0.9032263671875
32 0.499651265625 0.10179240781250001 0.5233731453125 0.028071759374999998 0.45515327812499995 0.036796003125 0.433770765625 0.1052840875 0.499651265625 0.10179240781250001
31 0.47593838125000004 0.1770176 0.49826064218750005 0.1045382203125 0.4332393453125 0.10728295937500001 0.41119293749999997 0.17658660937499998 0.47593838125000004 0.1770176
30 0.45503535 0.2544765671875 0.479406496875 0.17931195 0.41540703749999996 0.178545040625 0.393599734375 0.24775580156250002 0.45503535 0.2544765671875
36 0.426458153125 0.3271953171875 0.4486621875 0.2545697765625 0.387522534375 0.24886576875 0.36661688593749997 0.3156999 0.426458153125 0.3271953171875
36 0.4052712484375 0.4001695234375 0.42876390000000003 0.3290043625 0.3668089125 0.31728389375 0.3469864 0.3849077609375 0.4052712484375 0.4001695234375