25 0.1261932986955812 0.32755702640886986 0.07252041549465287 0.1134474303072194
24 0.18706716618202393 0.33636654201796645 0.07408291549465282 0.11350199400955016
23 0.24873137402754616 0.3435862757758977 0.07564541549465283 0.11355655771188111
22 0.3103955818730685 0.35080600953382884 0.07720791549465282 0.11361112141421197
22 0.3736131993595112 0.35953367958942917 0.07566359621281213 0.11668155771188111
21 0.43604956684595386 0.36828863149619495 0.07878859621281205 0.11679068511654274
20 0.49926263915285674 0.37779755155179523 0.07880677693097127 0.11991568511654283
19 0.5632705969983791 0.38493543975623024 0.07880677693097127 0.11991568511654283
19 0.6272740096643614 0.3928545779606651 0.08194086729005097 0.12158731252120454
19 0.6928399223303441 0.4007191524627691 0.08194995764913067 0.12314981252120454
19 0.7591961753554062 0.4069939451137078 0.08508404800821019 0.12482143992586625
17 0.8263109524827691 0.41714770591348105 0.08351245764913066 0.12320437622353535
17 0.8918723199692117 0.42579353041558504 0.08507495764913031 0.12325893992586626
17 0.9574291422761145 0.4352206049176891 0.0803783672900508 0.12153274881887359