11 0.22462209034381733 0.7525720263816194 0.1003766847906915 0.08762845941492117
9 0.25322193422203787 0.7021083762194636 0.09868685079830275 0.0844761858759707
15 0.2818217781002584 0.6516447260573079 0.10018568380210838 0.08294095941492116
15 0.3134192879860901 0.6042515288172514 0.09868685079830275 0.0844761858759707
16 0.341301548860505 0.5522390154245708 0.10512785178688588 0.08927278003177222
16 0.3722133092406284 0.5025157049539896 0.10018568380210838 0.08294095941492116
16 0.40387448612265453 0.453560007713933 0.10031301779449713 0.08606595941492116
37 0.4309754969970695 0.40156113109072755 0.10350168479069151 0.08768300649282175
37 0.46126517486767876 0.3479452073896215 0.09868685079830275 0.0844761858759707
37 0.4954292692401909 0.29504234984113953 0.09855951680591399 0.0813511858759707
12 0.5219081976050918 0.23915085998740926 0.09862318380210837 0.08291368587597073
12 0.5561041254757011 0.18546675243892724 0.10018568380210838 0.08294095941492108
12 0.5887057198482133 0.13259116842939564 0.10987901878308044 0.09091710064862313
0 0.6198084812169198 0.07818035795881435 0.10662668479069168 0.08773755357072241