34 0.3660509931755745 0.15174707836402992 0.11806510339082213 0.09391352698730664
34 0.388347678245597 0.2124878364098016 0.11970037799792799 0.09558528763096837
34 0.4122796379227255 0.27490035509923505 0.12297092721213972 0.0989288089182919
31 0.4361024356891951 0.33496912378866844 0.12453342721213971 0.09903806956195363
31 0.45996162075921776 0.3958191424781019 0.12453342721213971 0.09903806956195363
31 0.4822583058292403 0.45655990052387363 0.12453342721213971 0.09903806956195353
32 0.5046641528099217 0.5196444085696452 0.12133565260503403 0.09725704827463026
31 0.5291954259692855 0.5782053075809095 0.12297092721213972 0.0989288089182919
30 0.549929611039308 0.6388368049830195 0.12304370181924558 0.1004913089182919
29 0.5737524088057777 0.6989055736724529 0.12467897642635144 0.10216306956195353
28 0.5961218684829062 0.7612088317182246 0.11991870181924576 0.10027278763096828
27 0.6223611908564817 0.8230039913731506 0.11991870181924558 0.10027278763096845
26 0.6453663513193983 0.8822368797407532 0.11970037799792799 0.09558528763096845
26 0.6669909483000798 0.945266757464694 0.11799232878371627 0.09235102698730664