10 0.93046875 0.52734375 0.0546875 0.06015625
12 0.865625 0.5265625 0.06953125 0.06171875
15 0.79921875 0.528125 0.0578125 0.06015625
8 0.7375 0.53203125 0.059375 0.059375
11 0.671875 0.525 0.0625 0.07109375
14 0.60625 0.525 0.0578125 0.06484375
10 0.54296875 0.52890625 0.05546875 0.06484375
15 0.47578125 0.5265625 0.05 0.06640625
16 0.40859375 0.52421875 0.0484375 0.06484375
14 0.34140625 0.52734375 0.0484375 0.06875
13 0.275 0.5265625 0.0515625 0.0703125
13 0.20859375 0.528125 0.05546875 0.071875
16 0.13828125 0.5265625 0.0546875 0.07109375
15 0.075 0.528125 0.05625 0.06640625