19 0.9150323802697304 0.6235365245245694 0.09593754631872783 0.11934080517696728
19 0.856108990484978 0.5862332165755918 0.09742727171162144 0.11786931043863902
23 0.7951693364322022 0.5560976665191222 0.10396837014004526 0.1244833314853265
24 0.7342660696829791 0.5267433664626523 0.10226032092583352 0.12126732622365459
25 0.6773054402373091 0.49794280325200296 0.10396837014004526 0.12448333148532634
17 0.617964673488086 0.4684974979338614 0.10375004631872749 0.1197958314853265
18 0.5592232202210985 0.4351004399848839 0.10709337014004525 0.12466534200867016
19 0.49917397807898123 0.4072631372975783 0.10702059553293922 0.12310284200867017
17 0.44206779941909946 0.3753375740869289 0.10702059553293938 0.12310284200867025
18 0.38112814536632356 0.34520202403045913 0.1070205955329393 0.12310284200867017
19 0.3232407167064418 0.3133219634506458 0.1070205955329393 0.12310284200867017
20 0.26308231265366583 0.2831409107633401 0.10872864474715102 0.1263188472703421
21 0.20132502129733698 0.25226961333770626 0.10538532092583344 0.12144933674699834
22 0.1474893918516669 0.2232870396037132 0.10375004631872757 0.1197958314853265