3 0.8886889841749828 0.4137917552116875 0.05418866801906326 0.06155566534054517
2 0.9419094415613088 0.40770483987114225 0.062082988635914306 0.06633407200827239
21 0.06936623985702556 0.4561312739895005 0.06380912986961633 0.07572725334181776
21 0.12878215016545108 0.4530966333147736 0.05435230925276531 0.07093066534054522
21 0.1882389707823021 0.44771824264004667 0.055887535713814974 0.06938634667409058
17 0.24609238109072756 0.4447017832988652 0.05903980925276535 0.0709852093411815
17 0.30391851786020274 0.4432478239576838 0.055887535713814974 0.06938634667409041
27 0.3610043149381035 0.439459205283275 0.05273526217486459 0.06778748400699967
27 0.41804920170757864 0.4380143366088663 0.052707988635914305 0.06622498400699968
27 0.472763975246529 0.4358154899347757 0.04653980925276535 0.07083975867281786
30 0.525888975246529 0.43519732459423055 0.049528441558013725 0.06306362133990877
30 0.5806719326328551 0.42909222792014007 0.04961026217486477 0.06775112133990877
30 0.6315213664802309 0.4245950845799131 0.05276253571381488 0.06934998400699968
20 0.6862225032497061 0.4231774879058225 0.04936480032431163 0.053688621339908774
20 0.7370310267886565 0.4210240945655956 0.04462275324641087 0.05050907733927237
20 0.787071937097082 0.41809854189214135 0.04936480032431163 0.053688621339908774
20 0.8386753474055075 0.4151548078851416 0.04785684740221221 0.056795440006363364