24 0.7466116726640257 0.13984375 0.11701202564056316 0.096875
24 0.7065645614153208 0.19453125 0.1187200748547749 0.1
24 0.6724763517381923 0.25546875 0.12035534946188076 0.1015625
23 0.6333196524001461 0.3078125 0.12526117328319836 0.10625
22 0.5954343546336764 0.36640625 0.12860449710451577 0.1109375
21 0.5568405814743127 0.4234375 0.12689644789030421 0.1078125
21 0.5174655583149489 0.48046875 0.12696922249741008 0.109375
21 0.48117914785203214 0.53828125 0.12689644789030402 0.1078125
20 0.43942398738911537 0.59609375 0.1302397717116218 0.1125
19 0.3975960523190928 0.65546875 0.13507282092583345 0.115625
19 0.3162475448754948 0.775 0.13351032092583354 0.115625
18 0.3573306172490702 0.71484375 0.13343754631872767 0.1140625
18 0.2728207225019192 0.83515625 0.13187504631872765 0.1140625
17 0.2332637628247908 0.89609375 0.1253339478903042 0.1078125