4 0.090625 0.4875 0.05 0.08984375
25 0.15390625 0.4890625 0.0578125 0.08671875
25 0.21484375 0.4875 0.05390625 0.0875
19 0.27578125 0.4890625 0.04921875 0.084375
19 0.3359375 0.4875 0.04921875 0.07578125
38 0.39765625 0.4859375 0.04609375 0.0765625
38 0.4578125 0.48359375 0.04921875 0.071875
41 0.515625 0.48203125 0.04375 0.07109375
41 0.575 0.48125 0.04375 0.07421875
36 0.6375 0.4796875 0.04453125 0.06953125
36 0.6953125 0.47890625 0.04140625 0.0734375
35 0.75234375 0.478125 0.046875 0.07109375
35 0.81328125 0.4765625 0.04375 0.07109375
40 0.86953125 0.47890625 0.05 0.07421875
40 0.9296875 0.47734375 0.04609375 0.07890625