41 0.2904710104544854 0.8532732434412793 0.12808519072219057 0.12053158525525057
41 0.32830925007436207 0.806142615897088 0.1248965237259961 0.1188053109449907
41 0.3645213226980444 0.7573676011977668 0.12808519072219057 0.12053158525525039
25 0.40154647881982386 0.7094147800760107 0.129711357718385 0.12217597241038014
15 0.43925738444731177 0.6591591525318193 0.128148857718385 0.12209408525525038
14 0.48178312406718843 0.6122741864530173 0.12814885771838505 0.12209408525525038
15 0.518680946196579 0.561196365331261 0.1265226907221905 0.12044969810012063
15 0.5564873523183586 0.5132844877870697 0.12814885771838505 0.12209408525525038
12 0.5950750084401379 0.4654135538204433 0.1265226907221905 0.12044969810012063
11 0.6335989975657231 0.4159801198538169 0.1298386917107738 0.12530097241038013
10 0.674434903193211 0.365888266619885 0.13146485870696817 0.1269453595655099
11 0.7128315583264072 0.3133298326532586 0.1314011917107738 0.1253828595655099
10 0.752854380455798 0.2624157858417619 0.133027358706968 0.12702724672063964
9 0.793690286083286 0.21232393260783006 0.1329636917107738 0.12546474672063965