40 0.5859709407496576 0.10282293462698414 0.12125052586424748 0.08662836729005095
40 0.5670330726446844 0.16307917857685988 0.12290395407749273 0.08976245764913057
40 0.5465099724863999 0.22412576288581532 0.11817098997087001 0.08817268657189174
34 0.527526640274804 0.2859445068356911 0.12134145407749272 0.08975336729005097
34 0.5084978439565854 0.34932575078556694 0.12129598997087002 0.08819086729005096
34 0.48788381558505545 0.41349733509452236 0.12125052586424748 0.08662836729005097
33 0.4658209474800822 0.47377175976255737 0.12129598997087002 0.08819086729005096
32 0.44679215116186366 0.5371530037124332 0.12134145407749272 0.08975336729005079
31 0.4277860868969564 0.5997529976623089 0.1244664540774929 0.08977154800821019
31 0.4064362726320492 0.6623666271508041 0.12294941818411545 0.09132495764913066
30 0.3857767801538966 0.7281007114597596 0.12299488229073816 0.09288745764913067
29 0.3635775197290553 0.7930626361277946 0.12290395407749281 0.08976245764913067
26 0.34369927725090266 0.8587921752572102 0.12125052586424748 0.08662836729005079
26 0.32074149887937276 0.922977395104785 0.1275459899708702 0.0882272287263696