22 0.8267553658918985 0.5124028909560746 0.16967425546001175 0.1554255845145814
10 0.7780948542229689 0.5697555135658936 0.1714918469752808 0.15865071406423076
13 0.7243482298269429 0.6220701827519399 0.16811175546001172 0.15532545496493205
37 0.672754036794465 0.6768787962624604 0.171491846975281 0.15865071406423076
14 0.6218773208831699 0.7325187245478053 0.16980180121764638 0.1569880845145814
16 0.5717818549718748 0.7882087176079751 0.171491846975281 0.15865071406423076
12 0.520968911939397 0.8430673958933201 0.16629416394474267 0.15210032541528298
11 0.4659148790586401 0.8921569355297171 0.1664217097023773 0.1536628254152827
20 0.41360320890497954 0.9337950636166488 0.17136430121764637 0.13240987276670246
23 0.6987575248356712 0.3871852405869343 0.1815045757634536 0.1670639913621267
12 0.6463820818031935 0.44194378932263 0.17825203000581896 0.165301232262828
20 0.5940704116495329 0.49592108805832574 0.16980180121764618 0.1569880845145814
20 0.5439111728594206 0.5523923311184954 0.16811175546001172 0.15532545496493205
9 0.4901645484633946 0.6047070003045418 0.17656198424818434 0.16363860271317882
37 0.4398777639156477 0.6627407433647114 0.16980180121764638 0.1569880845145814
22 0.3875660937619872 0.7167180421004072 0.1730543469752809 0.15875084361388012
16 0.33147571936596115 0.7688825169619797 0.16642170970237719 0.1536628254152827
30 0.28053523057584884 0.8253036952473245 0.17812448424818444 0.16373873226282792
11 0.5695798210523477 0.25717996066814475 0.17136430121764637 0.15708821406423076
19 0.5172681508986873 0.3111572594038404 0.1764344384905499 0.16207610271317874
17 0.46385636635094035 0.36899074336471144 0.1815045757634536 0.1670639913621267
30 0.4112896046820108 0.42609304210040727 0.1764344384905499 0.1620761027131788
28 0.35904170740716745 0.4792890908361029 0.17318189273291545 0.1603133436138801
15 0.30888246861705515 0.5357603338962725 0.17981453000581898 0.16540136181247736
17 0.25253700270576007 0.591049808757845 0.1733094384905499 0.16187584361388013
34 0.20068771815801317 0.6489834222683654 0.17149184697528083 0.15865071406423076
33 0.14778611664080446 0.7005669062292365 0.18150457576345352 0.1670639913621267
17 0.43721334439020704 0.12775567165005652 0.18319462152108806 0.16872662091177598
13 0.38158535560009466 0.18387646128645357 0.18319462152108806 0.16872662091177598
26 0.32920991256761684 0.23863501002214926 0.19151730455162622 0.1754772686600226
13 0.2789869008986873 0.295887503082319 0.17981453000581898 0.16540136181247736
41 0.22791886635094039 0.353871181367664 0.18150457576345352 0.1670639913621267
35 0.17300835468201076 0.4108232857788857 0.179814530005819 0.16540136181247736
18 0.11907041164953294 0.4654817049649321 0.17643443849054993 0.1620761027131788
9 0.07622044605234779 0.5201901889258032 0.15244089210469558 0.15875084361388012
39 0.04931524741492615 0.5732057649593948 0.0986304948298523 0.15578652991878955