10 0.5793697200812105 0.1013637245570306 0.11488212523071262 0.09294656847545246
27 0.5978007425987444 0.1779867813122908 0.11684514342931003 0.09929669802510177
14 0.6147693946659276 0.2531474676172003 0.11800712523071262 0.09314682757475108
39 0.6310569262827602 0.32679571869693447 0.11145673658176455 0.08805880937615385
39 0.6463629488002941 0.4036190345514933 0.11029475478036196 0.0942086798265045
39 0.6648941008674775 0.4786795913067534 0.11341975478036197 0.0944089389258032
29 0.6809313086101867 0.5562340923864877 0.11518251387966068 0.09763406847545256
17 0.69711871067737 0.6314448434662218 0.11362001387966067 0.0975339389258032
9 0.7137369093207806 0.7120742797711312 0.11341975478036197 0.0944089389258032
34 0.47194844386304863 0.13859121915835976 0.11165699568106327 0.09118380937615385
23 0.48808578115540724 0.21458322023809395 0.11684514342931003 0.09929669802510181
22 0.5067170627722398 0.2880812769933542 0.10853199568106327 0.09098355027685515
32 0.5228544000645984 0.3640732780730883 0.11518251387966068 0.09763406847545246
11 0.538991737356957 0.44006527915282245 0.11039488433001132 0.09577117982650449
36 0.5552292041989649 0.5144947802325566 0.11341975478036197 0.0944089389258032
41 0.5713665414913235 0.5904867813122908 0.11009449568106326 0.09108367982650449
8 0.5880348049095588 0.6703349676172004 0.11351988433001133 0.0959714389258032
41 0.6058848365263915 0.7438830891472851 0.11478199568106326 0.09138406847545255
12 0.36692098241971155 0.174887269435215 0.11820738433001132 0.09627182757475113
12 0.3845707549372455 0.2515603909652998 0.11674501387966067 0.09773419802510172
25 0.4000770365540781 0.32525870681985863 0.1185077729789592 0.10095932757475108
16 0.4178269386212613 0.4003693283499435 0.11664488433001133 0.09617169802510173
18 0.4324017759136199 0.476461458979327 0.11155686613141395 0.08962130937615384
20 0.4501016132059785 0.5523533305094117 0.11362001387966067 0.0975339389258032
31 0.46618888572351247 0.629126581589146 0.11518251387966068 0.09763406847545256
36 0.4815449730158711 0.7051686474437048 0.10853199568106327 0.09098355027685515
29 0.4974820512089311 0.7842856485234388 0.11664488433001133 0.0961716980251019
39 0.25954977097637444 0.21133351403654413 0.11331962523071262 0.09284643892580317
27 0.2765684878183824 0.2857129503414536 0.114681866131414 0.08982156847545256
15 0.29431838988556563 0.3608235718715385 0.11664488433001133 0.09617169802510181
31 0.30806191240309955 0.4377470172757466 0.11684514342931003 0.09929669802510185
32 0.3250305644702829 0.5129077035806562 0.11518251387966068 0.09763406847545256
23 0.3403365869878168 0.589731019435215 0.11684514342930993 0.09929669802510191
37 0.3557427390550001 0.6649918352897738 0.1185077729789592 0.10095932757475108
22 0.37246106724806005 0.7440587715946834 0.11351988433001133 0.0959714389258032
14 0.387767089765594 0.8208820874492421 0.11800712523071262 0.09314682757475126