40 0.1984375 0.2234375 0.0640625 0.16640625
23 0.2765625 0.21875 0.06953125 0.16953125
34 0.3546875 0.215625 0.065625 0.16796875
8 0.4328125 0.21171875 0.06484375 0.16640625
36 0.51328125 0.21484375 0.065625 0.16328125
10 0.58828125 0.21171875 0.06875 0.16953125
15 0.66796875 0.2140625 0.06875 0.16796875
36 0.7453125 0.21015625 0.06484375 0.16328125
23 0.8234375 0.209375 0.0671875 0.16796875
32 0.2015625 0.415625 0.06796875 0.17421875
39 0.27890625 0.41328125 0.0671875 0.16640625
22 0.3578125 0.409375 0.06796875 0.16484375
19 0.4375 0.41015625 0.06953125 0.16640625
35 0.51328125 0.40625 0.0671875 0.15625
26 0.59140625 0.4046875 0.06796875 0.17265625
17 0.6703125 0.4015625 0.06875 0.16328125
33 0.7484375 0.4046875 0.065625 0.16328125
18 0.82578125 0.4046875 0.065625 0.15703125
29 0.2015625 0.603125 0.0640625 0.16953125
18 0.2796875 0.603125 0.06953125 0.16328125
32 0.35859375 0.5984375 0.0671875 0.16640625
20 0.43828125 0.5953125 0.065625 0.16640625
10 0.5171875 0.596875 0.065625 0.16015625
29 0.59140625 0.59453125 0.06484375 0.16796875
34 0.6703125 0.59375 0.065625 0.16640625
14 0.74765625 0.58984375 0.0640625 0.16953125
26 0.82578125 0.59140625 0.06953125 0.17578125
33 0.203125 0.796875 0.06953125 0.16796875
41 0.2828125 0.79375 0.065625 0.17109375
12 0.36015625 0.7890625 0.07109375 0.17109375
22 0.43828125 0.7859375 0.06484375 0.16484375
23 0.5171875 0.78359375 0.06953125 0.16953125
41 0.59375 0.78125 0.0640625 0.16796875
38 0.67265625 0.7828125 0.06171875 0.16171875
37 0.75078125 0.7828125 0.0625 0.16171875
39 0.828125 0.78125 0.0625 0.15625