37 0.271875 0.2125 0.05546875 0.13125
34 0.33671875 0.20078125 0.05625 0.1390625
16 0.4 0.2 0.0546875 0.13125
25 0.4640625 0.2015625 0.05625 0.1375
8 0.10859375 0.8078125 0.05390625 0.1375
10 0.17421875 0.8015625 0.05390625 0.14375
12 0.240625 0.80234375 0.053125 0.1390625
12 0.30703125 0.79375 0.0546875 0.14375
13 0.36953125 0.79296875 0.05 0.1390625
20 0.43359375 0.80390625 0.0546875 0.1390625
21 0.49765625 0.8 0.05234375 0.140625
31 0.5609375 0.8078125 0.053125 0.140625
32 0.62421875 0.8125 0.05390625 0.1375
35 0.68671875 0.81015625 0.0515625 0.1328125
22 0.79609375 0.79921875 0.05 0.1359375