11 0.4135163430562492 0.8724691773949516 0.16912248924663303 0.14407835868872637
31 0.37000609160850706 0.8164640780553611 0.16912248924663303 0.1440783586887263
21 0.32660500207142384 0.7581152287157705 0.17239303846084475 0.14723972135581712
27 0.28476641253434054 0.6997845607097253 0.1723202638537389 0.14567722135581712
15 0.2437818476043631 0.6399004833704528 0.1723202638537389 0.14567722135581712
28 0.20268812076372691 0.5823601560311804 0.17395553846084474 0.14725790268936265
27 0.16337521774440827 0.5201505100254533 0.17395553846084474 0.14725790268936265
11 0.12235426551087794 0.46104768268618096 0.16912248924663303 0.1440783586887262
40 0.08339248490566144 0.401926674013363 0.16678496981132288 0.14882040268936264
14 0.5589808544287886 0.7701992474140418 0.1723202638537389 0.14567722135581712
30 0.5202672648917054 0.7119049420750875 0.1772260876750565 0.15041926535645356
24 0.4768297880510691 0.6543373427354968 0.1723202638537389 0.14567722135581712
13 0.4358816104246447 0.5936720153962243 0.1723202638537389 0.14567722135581712
24 0.39173565819111433 0.5345328253898611 0.1723202638537389 0.14567722135581712
29 0.3490066567433723 0.4785368167170431 0.17551803846084474 0.147276084022908
37 0.30958459181339487 0.41867092071131606 0.1707577638537389 0.14565904002227176
28 0.26781877688341743 0.358777752705271 0.17551803846084474 0.147276084022908
23 0.22757907464988708 0.2996840160327712 0.1723202638537389 0.14567722135581712
13 0.709205640408434 0.6664213614337682 0.17551803846084474 0.147276084022908
11 0.6658409381749036 0.6072912620941775 0.16912248924663303 0.1440783586887262
35 0.6255284613342675 0.5497600254216778 0.1723202638537389 0.14567722135581712
38 0.5821637591007371 0.4906299260820871 0.1707577638537389 0.14565904002227176
34 0.5419240568672068 0.4315361894095874 0.1723202638537389 0.14567722135581712
16 0.4992678300265706 0.3739776807367695 0.16912248924663303 0.1440783586887262
10 0.4598093777930402 0.31489303473104246 0.1723202638537389 0.14567722135581712
40 0.4197152247737216 0.25267429805854275 0.17886136228216235 0.15199994668999892
12 0.3787306598437442 0.19279022071927032 0.1723202638537389 0.14567722135581715
18 0.8609565390845265 0.5634429067870399 0.1723202638537388 0.14567722135581712
19 0.816065724154549 0.5035133761139038 0.1723202638537388 0.14567722135581712
25 0.7774249092245716 0.4436565707749495 0.1820591368892682 0.15359880935708983
13 0.7324249323839355 0.38607079010181355 0.1723202638537389 0.14567722135581712
12 0.6930392547575109 0.3254236440960865 0.1723202638537389 0.14567722135581712
30 0.6496745525239807 0.26629354475649586 0.17886136228216235 0.15199994668999892
29 0.6078723502904502 0.20718162675045065 0.16904971463952717 0.14251585868872624
15 0.5701219472711316 0.14499016207826915 0.16912248924663303 0.14407835868872626
15 0.5251583577340483 0.08662313140513306 0.16912248924663303 0.14407835868872626