21 0.12421875 0.278125 0.07734375 0.1109375
20 0.21953125 0.27578125 0.07578125 0.11484375
25 0.31640625 0.278125 0.08359375 0.11328125
39 0.415625 0.28046875 0.07734375 0.1140625
17 0.61640625 0.2796875 0.0859375 0.1125
25 0.7171875 0.278125 0.08828125 0.1140625
20 0.81640625 0.28125 0.07734375 0.11484375
40 0.91484375 0.28359375 0.08046875 0.1125
28 0.121875 0.4109375 0.0796875 0.11484375
15 0.21875 0.409375 0.0828125 0.11640625
10 0.3171875 0.4125 0.075 0.11640625
24 0.41328125 0.4109375 0.075 0.1171875
24 0.61640625 0.4109375 0.07734375 0.1171875
16 0.71796875 0.4125 0.07734375 0.1171875
12 0.81796875 0.415625 0.07578125 0.1171875
22 0.91328125 0.415625 0.0734375 0.11875
21 0.11953125 0.5421875 0.07734375 0.1140625
18 0.21640625 0.54375 0.0765625 0.11484375
33 0.315625 0.5421875 0.08046875 0.11640625
36 0.41171875 0.5421875 0.0734375 0.10859375
35 0.61953125 0.54765625 0.0796875 0.1125
22 0.7171875 0.54765625 0.0765625 0.1125
39 0.81640625 0.54921875 0.07109375 0.11015625
27 0.91484375 0.55 0.0796875 0.121875
40 0.1203125 0.6734375 0.07734375 0.11875
31 0.2171875 0.67421875 0.08046875 0.1203125
32 0.3140625 0.675 0.0796875 0.11640625
17 0.4140625 0.67578125 0.08359375 0.11640625
30 0.6171875 0.67890625 0.0828125 0.11796875
15 0.71640625 0.6828125 0.0796875 0.11640625
22 0.815625 0.6828125 0.075 0.121875
27 0.91328125 0.68359375 0.071875 0.1203125