40 0.7317692626909534 0.20863873722278084 0.17434656667727227 0.08519203657757748
23 0.7397186700349984 0.28783148870565556 0.18065111067790873 0.09013420456235507
34 0.7461055773790433 0.36696057319233594 0.17431020401018138 0.08206703657757748
8 0.750939075389861 0.44680724068282196 0.1680965666772721 0.08493736859279988
36 0.7573532547342241 0.5282800751695023 0.17431020401018138 0.08206703657757757
10 0.7605878900779509 0.6049380756637939 0.17432838534372674 0.08362953657757757
15 0.7646401380887686 0.6847529096561826 0.17431020401018138 0.08206703657757738
36 0.7671026140992682 0.7621603266523771 0.17116702267663583 0.08037720258518881
23 0.7726991807765404 0.8404763276409601 0.18375792934436302 0.08869903855474384
32 0.5428249413589988 0.21109128068325944 0.18379429201145392 0.09182403855474383
39 0.546895370703362 0.2924686146756482 0.17750792934436319 0.08844437056996624
22 0.5548447780474068 0.37166136615852297 0.1837579293443632 0.08869903855474384
19 0.56047770739177 0.4531023671471061 0.1806329293443632 0.08857170456235508
35 0.5629492740690423 0.5312910341433005 0.17436474801081764 0.08675453657757756
26 0.5685549314130872 0.6103882851318838 0.1806692920114541 0.09169670456235508
17 0.5741605887571322 0.6894855361204669 0.1775442920114541 0.09156937056996632
33 0.5758690867679499 0.769204869618564 0.1805965666772721 0.08544670456235508
18 0.5806934941119948 0.8482702871090501 0.1743283853437269 0.08362953657757757
29 0.3476760733609078 0.2171954061589605 0.18373974801081766 0.08713653855474382
18 0.35250048070495277 0.2962608236494465 0.1837215666772723 0.08557403855474384
32 0.35889647871577046 0.37617115813612684 0.1805965666772722 0.08544670456235508
20 0.3645021360598154 0.45526840912471 0.17432838534372683 0.08362953657757757
10 0.36933563407063313 0.535115076615196 0.17750792934436319 0.08844437056996632
29 0.37495038208145076 0.6149935776037792 0.1806329293443632 0.08857170456235508
34 0.38211853942549573 0.6941544955885568 0.17750792934436319 0.08844437056996632
14 0.38383612810308615 0.774655079086654 0.17745338534372673 0.08375687056996632
26 0.3855446261139039 0.854374412584751 0.18061474801081764 0.08700920456235509
33 0.14857550202895323 0.2192341141441756 0.18375792934436314 0.08869903855474384
41 0.16044934070654363 0.3001485331175363 0.18061474801081764 0.08700920456235509
12 0.1660549980505886 0.37924578410611953 0.18373974801081766 0.08713653855474375
22 0.17013451806172444 0.4614043680985083 0.1837761106779086 0.09026153855474384
23 0.17342369740608757 0.5427498685927998 0.18690111067790854 0.0903888725471326
41 0.17980151408335981 0.6210977030794803 0.18061474801081764 0.08700920456235509
38 0.1846441027609502 0.7017256205699662 0.17431020401018132 0.08206703657757738
37 0.18867816943822244 0.779977954562355 0.1774533853437268 0.08375687056996614
39 0.19586450811581285 0.8607013725471326 0.17432838534372683 0.08362953657757757