13 0.42191755397308006 0.9521865208702195 0.13452341567683307 0.09562695825956098
22 0.3859777054641481 0.8817468838196962 0.12969952335696497 0.11518392619541977
23 0.3524725351684615 0.7960600128012437 0.13939277210332382 0.1266674577654509
17 0.31657815076615226 0.7117991338902835 0.13296091567683305 0.12005343671876342
38 0.2798797843105317 0.6282740023484873 0.13139841567683302 0.11996243145709151
11 0.2447893819615338 0.5432773760683629 0.13139841567683302 0.11996243145709151
26 0.20894046166584723 0.45745399715740254 0.13930184389007838 0.12354245776545092
39 0.1746313093168493 0.37250287350811406 0.1297449874635877 0.11674642619541978
28 0.13951817491454008 0.28828749722798974 0.13456887978345575 0.12170694198043534
19 0.5374803694916285 0.9195261468327015 0.13139841567683314 0.11996243145709187
34 0.5015632530360079 0.8360465179217413 0.13296091567683313 0.12005343671876352
13 0.4657370647936327 0.7494418890107809 0.1297449874635877 0.11674642619541978
29 0.4305102701247668 0.6691327627306566 0.13126202335696496 0.1152749314570917
14 0.39470681393570284 0.5817468838196962 0.13604045157021033 0.11867294724210709
8 0.36196016158670496 0.4968867654320797 0.13456887978345575 0.12170694198043534
38 0.3245487412910184 0.4109723812594476 0.12809155925034227 0.11353042093374799
35 0.28939014278208647 0.32831950497932316 0.12979045157021032 0.11830892619541977
41 0.2527145083797772 0.24401312343752696 0.13126202335696496 0.1152749314570916
9 0.6507448991167996 0.8729080230422387 0.1282279515702104 0.11821792093374768
33 0.3691267700582597 0.19679576017040784 0.13461434389007837 0.1232694419804353
30 0.4026546724072576 0.28170138118886034 0.1377848079967011 0.125013952503779
14 0.4385035927029442 0.3675247600998207 0.13613137978345566 0.12179794724210717
37 0.4735712629986307 0.45330263637994506 0.1297449874635877 0.11674642619541978
12 0.5087071294542513 0.5367367626600694 0.1297449874635877 0.11674642619541978
20 0.5445787818032493 0.6217788915710297 0.13139841567683314 0.11996243145709169
33 0.5804958982588697 0.70525852048199 0.13461434389007856 0.12326944198043535
11 0.6140010685545564 0.7909453915004425 0.1297449874635877 0.11674642619541978
13 0.7663077146353482 0.8279889071442839 0.13126202335696496 0.11527493145709151
19 0.7287599020197935 0.7467620229716516 0.1297449874635877 0.11674642619541978
37 0.6944280176174843 0.6625921493223632 0.1282279515702104 0.11821792093374786
36 0.6585563652684863 0.5775500204114029 0.12657452335696498 0.11500191567207611
32 0.6242472129194885 0.49259889676211444 0.13305184389007838 0.12317843671876343
26 0.5891340785171792 0.40838352048199 0.1377848079967011 0.125013952503779
41 0.5539754800082473 0.3257306442018657 0.1328699874635877 0.11692843671876343
37 0.5158282738191835 0.2382082573983976 0.12496655925034225 0.1133484104104042
35 0.4815645855768082 0.15169463374910913 0.12657452335696498 0.11500191567207607