26 0.9397839467297698 0.4213245349506973 0.11697041868236298 0.12101032092583348
27 0.8771754060709511 0.4820844065384845 0.11697041868236298 0.12101032092583353
28 0.81690152474536 0.541953866215613 0.11380905601527189 0.1177397717116218
29 0.7574452560868596 0.6049119385891885 0.11380905601527189 0.1177397717116218
30 0.7010958060948138 0.6661619617485522 0.1106658746817267 0.11603172249741008
31 0.6392685154359953 0.7268854460327866 0.11540791868236297 0.12093754631872748
32 0.5758787247771767 0.7876817049241267 0.11540791868236297 0.12093754631872766
33 0.5140968874522218 0.8523114392083609 0.11380905601527207 0.1177397717116218
34 0.4490809621259942 0.9077117227068069 0.11224655601527207 0.11766699710451575
17 0.8249754647119524 0.29535069396587194 0.11540791868236289 0.12093754631872758
18 0.763111811386043 0.35294917825010624 0.11224655601527207 0.11766699710451593
19 0.6997129300604519 0.41296418714144634 0.11540791868236297 0.12093754631872766
20 0.6386668894016332 0.4736512841221277 0.11066587468172653 0.11603172249741008
21 0.5776117580760419 0.5335571311028091 0.11224655601527207 0.11766699710451593
22 0.5157844674172234 0.5942806153870434 0.11380905601527189 0.1177397717116218
23 0.4555287674251776 0.6557125750641719 0.11540791868236297 0.12093754631872748
24 0.3944918174331318 0.7171809220448532 0.11066587468172653 0.11603172249741008
25 0.33348213944140415 0.7809930190255345 0.11697041868236288 0.12101032092583353
8 0.6895908533577261 0.14766667287342275 0.11380905601527189 0.11773977171162171
9 0.6270004940324531 0.20998904446120997 0.11380905601527207 0.11773977171162171
10 0.5643919533736346 0.2707489160489972 0.11380905601527207 0.1177397717116218
11 0.5056987533815887 0.3321081011190198 0.11380905601527207 0.1177397717116218
12 0.4446436220559974 0.39201394809970114 0.11538973734881744 0.11937504631872757
13 0.38596860339749706 0.45493563316972374 0.11380905601527207 0.1177397717116218
14 0.3280839254057694 0.5186021809361934 0.11380905601527207 0.1177397717116218
15 0.2694452694143599 0.584648866006216 0.11697041868236288 0.12101032092583353
14 0.20609184142263226 0.648570124897556 0.11697041868236288 0.12101032092583353
35 0.5490465746737725 0.04084536207727453 0.1105931493475449 0.08169072415454906
36 0.4895448526814084 0.08585168527941957 0.11064769334818117 0.11446922249741001
37 0.4292709713558171 0.145721144956548 0.11380905601527207 0.11773977171162171
38 0.3698056120305441 0.2078979673301235 0.11224655601527207 0.11766699710451585
40 0.30797832137172554 0.2686214516143578 0.11380905601527207 0.1177397717116218
41 0.24770444004613426 0.3284909112914862 0.10908519334818115 0.1143964478903042
39 0.18436919338795205 0.3939746701828264 0.11066587468172658 0.11603172249740998