30 0.7019231113080416 0.9181007261143096 0.1594779515702104 0.11548391066226812
30 0.6704852432030683 0.8570806580884784 0.15157452335696497 0.11213159012915455
31 0.6435984827782272 0.7915094823825157 0.15786998746358769 0.11387594655564541
31 0.6237884364600086 0.7277053951563549 0.15786998746358769 0.11387594655564541
32 0.6046232478219219 0.6592365399835054 0.15148359514371953 0.10900659012915473
32 0.5554894143566849 0.6070686347315137 0.15469952335696496 0.11222251834239998
17 0.5379321898252208 0.5402077436652869 0.15313702335696497 0.11217705423577726
18 0.5011392319868043 0.48293480126627647 0.1435801669304743 0.10565426959604132
19 0.48201950745534033 0.41602844609342704 0.14679609514371955 0.10887019780928657
35 0.4552009431904331 0.35280102038746414 0.14679609514371958 0.10887019780928667
35 0.4353681648189032 0.2882156831613033 0.14679609514371972 0.10887019780928667
35 0.416293904394062 0.22287182798845379 0.15143813103709686 0.10744409012915472
39 0.3926685362890887 0.16207908049573624 0.148313131037097 0.10735316191590938
39 0.3589323822907382 0.1025533163099713 0.14348923871722893 0.10252926959604132