21 0.21998603064183758 0.1542016100375004 0.1146091338757694 0.13911987153638866
20 0.3128253058566083 0.1735483493870839 0.11477290818602892 0.14224487153638865
25 0.40591024253676816 0.19758258873666742 0.12258540818602892 0.14292837672018494
39 0.5013798727944929 0.222193026531112 0.11633540818602892 0.14238157257314793
17 0.6960206654221182 0.26716589952810316 0.12414790818602892 0.1430650777569442
25 0.7936702713695835 0.28844628576740894 0.12587418249628843 0.14632677879370348
20 0.8891808452048731 0.31383797356185356 0.11641729534115867 0.14394407257314795
40 0.9616788856847917 0.3393369680952333 0.07664222863041666 0.14115126324231458
28 0.1836091966297826 0.28374213854837993 0.11797979534115868 0.14408077360990718
15 0.27727066542211815 0.3038017773795838 0.12118668249628843 0.14591667568342573
10 0.37199998925740785 0.3292618156924081 0.11477290818602892 0.14224487153638865
24 0.46566145804974335 0.34932145452361196 0.11485479534115868 0.14380737153638865
24 0.6619466378324983 0.3957201264838438 0.11806168249628843 0.1456432736099072
16 0.7597600180902231 0.42012551272314963 0.11806168249628843 0.14564327360990714
12 0.8552705919255127 0.44551720051759414 0.11485479534115868 0.14380737153638865
22 0.945382178312417 0.4672760403855573 0.10923564337516609 0.14523317049962933
21 0.1471504754625979 0.41172016705925946 0.11633540818602892 0.14238157257314793
18 0.24019446856519294 0.43497315640884304 0.11485479534115868 0.14380737153638865
33 0.33702188093509333 0.45554064316652837 0.11954229534115868 0.1442174746466664
36 0.4299839868825586 0.4772311325161119 0.1097578595655099 0.1355847684261109
35 0.6297217152858325 0.5296064024028253 0.11781602103089917 0.1409557736099071
22 0.7242872648108627 0.5519414407156494 0.11469102103089916 0.14068237153638866
39 0.8197159514910226 0.5757706285100941 0.10819535956550999 0.13544806738935158
27 0.9143224445936177 0.5988869168229184 0.12143234396167771 0.1506041756834257
40 0.11385769787297803 0.5402060434966206 0.11814356965141815 0.1472057736099071
31 0.2076419973980082 0.5626094323278245 0.12135045680654795 0.14904167568342572
32 0.30064504692303834 0.5850811716774078 0.11797979534115868 0.1440807736099071
17 0.3976362336031983 0.6087736584350933 0.12274918249628844 0.14605337672018487
30 0.5932629941186478 0.6575844309137049 0.12291295680654794 0.14917837672018486
15 0.6880332615315023 0.683825719226529 0.11797979534115868 0.1440807736099071
22 0.7841613110565325 0.706024056502594 0.11666295680654795 0.14863157257314796
27 0.8779865541591276 0.7292086953337978 0.11337418249628825 0.14523317049962933