21 0.6464646805943743 0.9017319269586451 0.13515802434972918 0.13746624525034717
20 0.5735123758058359 0.841686086152951 0.13518529788867967 0.13902874525034728
25 0.5020271136309713 0.776135127756076 0.1399546185055307 0.1438253480238892
39 0.42818446468663157 0.7098574707459718 0.13677507142762996 0.14062761284152786
17 0.2766338271063775 0.5797368257037151 0.14151711850553053 0.1438617156150695
25 0.19891220170098803 0.5151125876715623 0.14469666558343128 0.14705945079743063
20 0.1266184159871731 0.4480173130702777 0.13833757142762995 0.14066398043270847
40 0.0637132670428333 0.3814850829219097 0.11646257142762992 0.14015483415618063
28 0.7353987211794534 0.8027476066701731 0.13836484496658025 0.14222648043270852
15 0.6616242560824894 0.740376199660069 0.14151711850553053 0.1438617156150695
10 0.5893441071381496 0.6740621750587843 0.13518529788867967 0.13902874525034736
24 0.5155832788106608 0.6124720180486801 0.13677507142762976 0.14062761284152786
24 0.3624292309219813 0.48004399059760383 0.13836484496658025 0.14222648043270852
16 0.28701044520816626 0.4130214511786804 0.13836484496658025 0.14222648043270847
12 0.21314052272487616 0.34518129416857624 0.13677507142762996 0.14062761284152786
22 0.14170980762791222 0.28275533577170125 0.1367750714276299 0.14062761284152786
21 0.8235651485340074 0.704562720177291 0.13677507142762976 0.14062761284152786
18 0.751312273128618 0.6398111955760063 0.13677507142762996 0.14062761284152786
33 0.6759616712621789 0.5766949061570827 0.13995461850553054 0.143825348023889
36 0.6029548193957398 0.5135240653513884 0.13038870373287814 0.13266964247680554
35 0.4496780405817836 0.37406478790031217 0.13677507142762996 0.14062761284152794
22 0.37588993871534454 0.31091213089020797 0.1351580243497293 0.13746624525034737
39 0.30204728977100476 0.2446344738801039 0.12882620373287823 0.1326332748856251
27 0.2282319143656153 0.1799193168699998 0.14313416558343128 0.1470230832062501
40 0.909346915580136 0.6040886350711798 0.1399546185055307 0.143825348023889
31 0.836340063713697 0.5409177942654855 0.14313416558343128 0.14702308320625015
32 0.7641008250777827 0.47694751966420074 0.13836484496658025 0.14222648043270852
17 0.6886956761334428 0.4107062302452772 0.143106892044481 0.14546058320625016
30 0.5378444679363377 0.27587990140743013 0.14313416558343128 0.14702308320625015
15 0.4655506822225227 0.20878462680614546 0.13836484496658025 0.1422264804327085
22 0.39017280681713334 0.14410583738722188 0.13995461850553062 0.143825348023889
27 0.31713868141174384 0.07937249658152752 0.13677507142762996 0.1406276128415279