22 0.4928038955140285 0.8270424083155531 0.1627208183886113 0.1567596672787225
10 0.4415310298227091 0.7764363725598582 0.1643560535709724 0.16001221303635732
13 0.3940734951534381 0.721605222410077 0.1611583183886113 0.15663212152108805
37 0.34587107807534784 0.6684003451391131 0.16435605357097235 0.16001221303635713
14 0.29532491099725744 0.6153867865046009 0.16119468597979178 0.15819462152108804
16 0.24561454530593801 0.5646532049912716 0.16435605357097235 0.16001221303635713
12 0.19584962822784766 0.5115758734779421 0.1595230832062501 0.1533795757634536
11 0.1530614097629865 0.45558083605525723 0.15955945079743072 0.1549420757634536
20 0.10484080888930589 0.4015947087842934 0.16275718597979177 0.1583221672787225
23 0.6308104289490284 0.7030632901284448 0.17391289152687506 0.16858998758216437
12 0.5818085780753478 0.6491409357362983 0.16918902393569457 0.16664485030926066
20 0.5335879772016672 0.5951548084653343 0.16119468597979178 0.15819462152108804
20 0.48229692771475746 0.5437675227096394 0.1611583183886111 0.15663212152108805
9 0.43560245924989627 0.48809134968104095 0.1691526563445141 0.16508235030926066
37 0.3835119759673963 0.43598658680416336 0.16119468597979178 0.15819462152108804
22 0.33529137509371565 0.38200045953319933 0.16435605357097235 0.16001221303635713
16 0.2893417890376739 0.32469801362578365 0.15955945079743064 0.1549420757634535
30 0.23803255575517385 0.27252947787008874 0.170715156344514 0.1652098960668953
11 0.7734680947928478 0.5771390346684331 0.1643196859797918 0.15844971303635713
19 0.7252656777147575 0.5239341573974692 0.1691526563445141 0.16508235030926066
17 0.6731024592498963 0.46870439452059165 0.17235039152687506 0.16846244182452988
30 0.6217386745806254 0.4141921087648967 0.1691526563445141 0.16508235030926072
28 0.575098757502535 0.36085968573629823 0.16595492116215277 0.16170225879399167
15 0.523008274220035 0.3087549228594206 0.17075152393569457 0.16677239606689528
17 0.474696754368403 0.25086254558845666 0.1659912887533334 0.16326475879399166
34 0.42256990349472245 0.1971952827115791 0.16435605357097227 0.16001221303635713
33 0.37591180262104185 0.1430816096829806 0.17391289152687514 0.1685899875821643
17 0.9145482898454343 0.4488710292084213 0.17090342030913136 0.17015248758216436
13 0.8654341231938545 0.3919512205739092 0.17394925911805573 0.17015248758216436
26 0.8164322723201739 0.3380288661817625 0.183469729482778 0.1771677621279716
13 0.7651412228332642 0.28664158042606763 0.1723140239356944 0.16689994182452983
41 0.7122513057551739 0.23381934042800728 0.17235039152687506 0.16846244182452982
35 0.6623954696991321 0.1768357589146779 0.17231402393569456 0.16689994182452983
18 0.613357251234271 0.12135090452253121 0.1691526563445141 0.16508235030926074
9 0.5643372165650001 0.07335858976369018 0.16591855357097246 0.14671717952738036
39 0.5170978874428125 0.04548861680998232 0.16232077488562507 0.09097723361996464