40 0.19609375 0.2484375 0.0671875 0.16953125
23 0.275 0.246875 0.0703125 0.17578125
34 0.35390625 0.246875 0.0640625 0.16953125
8 0.43359375 0.2484375 0.0671875 0.16328125
36 0.51484375 0.24921875 0.0640625 0.16796875
10 0.59140625 0.2515625 0.06484375 0.16953125
15 0.67109375 0.2546875 0.0640625 0.16953125
36 0.7484375 0.2578125 0.06171875 0.16640625
23 0.82734375 0.25859375 0.06875 0.17734375
32 0.19296875 0.4375 0.07109375 0.17734375
39 0.27421875 0.440625 0.06796875 0.17109375
22 0.353125 0.4390625 0.06796875 0.17734375
19 0.434375 0.43984375 0.06953125 0.17578125
35 0.5125 0.44375 0.06796875 0.16796875
26 0.59140625 0.44453125 0.07109375 0.17578125
17 0.6703125 0.4453125 0.07109375 0.17109375
33 0.75 0.45 0.065625 0.17421875
18 0.82890625 0.4515625 0.06484375 0.16796875
29 0.19296875 0.63359375 0.0671875 0.17734375
18 0.271875 0.63515625 0.065625 0.17734375
32 0.3515625 0.63515625 0.065625 0.17421875
20 0.43125 0.6359375 0.065625 0.16953125
10 0.5109375 0.6375 0.06796875 0.17265625
29 0.590625 0.6390625 0.06875 0.17578125
34 0.66953125 0.63828125 0.06953125 0.17109375
14 0.75 0.64296875 0.0640625 0.17109375
26 0.8296875 0.64765625 0.0671875 0.17421875
33 0.1890625 0.8328125 0.06875 0.17734375
41 0.2703125 0.828125 0.0671875 0.17421875
12 0.34921875 0.82890625 0.0671875 0.17890625
22 0.43125 0.83125 0.0703125 0.17734375
23 0.5125 0.834375 0.0703125 0.18046875
41 0.590625 0.834375 0.0671875 0.17421875
38 0.671875 0.8359375 0.0640625 0.16796875
37 0.75 0.83828125 0.0640625 0.17265625
39 0.83046875 0.83828125 0.06484375 0.16953125