25 0.9105773890546608 0.28264665140422485 0.17577268052176756 0.14198386137453217
15 0.8835876421779189 0.3574762330414307 0.18044199980360814 0.13910452283992142
24 0.8526871001216371 0.4332917825664609 0.18044199980360826 0.13910452283992142
30 0.822572353244895 0.5082851385139262 0.18671927088084708 0.14411957146044047
13 0.754503088414172 0.6633687861845055 0.18513859016268802 0.1409126843053107
9 0.7275178867169698 0.7374171178217113 0.1788613190854491 0.13589763568479185
11 0.693515070558387 0.809490191657001 0.18357609016268803 0.14083079715018093
33 0.6610702092202644 0.8822626283371608 0.1914158612399266 0.1459277329258299
21 0.7414915666495621 0.21496890773580296 0.18513859016268785 0.14091268430531073
14 0.7121535245932803 0.2907025701057034 0.18514768052176755 0.1424751843053107
11 0.6773603680756178 0.3643790875185579 0.18044199980360814 0.13910452283992142
27 0.5506104739527915 0.671711309928938 0.18671927088084708 0.14411957146044047
22 0.5181747029737485 0.7429212466090981 0.18354881908544912 0.13614329715018095
26 0.48572529645608603 0.816474933289258 0.18828177088084708 0.14420145861557013
41 0.5420051719375605 0.13716921359241124 0.18512949980360832 0.1393501843053107
28 0.512680765419898 0.21055912596231163 0.18671927088084708 0.14411957146044047
32 0.4802222685431561 0.28567531264247153 0.18514768052176755 0.1424751843053107
35 0.34722691959986945 0.5925538336733707 0.18512949980360832 0.1393501843053107
17 0.3171121727231275 0.667547189620836 0.18357609016268786 0.14083079715018093
40 0.28467185656454463 0.739538376300996 0.17886131908544903 0.13589763568479168
29 0.36435741578924047 0.06707409571492914 0.18512949980360824 0.1341481914298583
9 0.334229033373879 0.14181020522466822 0.18828177088084716 0.1442014586155702
19 0.3056722413175971 0.21750292401700375 0.18828177088084708 0.1442014586155702
10 0.2739949944408551 0.2925781671195988 0.18512949980360824 0.1393501843053107
22 0.20276891335335354 0.4532943391004377 0.17886131908544903 0.1358976356847918
8 0.17110075683569112 0.5268070822030326 0.18199540944452863 0.13762390999505136
31 0.14177180513848892 0.600978244572933 0.18199540944452863 0.13762390999505136
34 0.1093314889799061 0.6729694312530929 0.18042381908544902 0.13597952283992143