26 0.15859375 0.2296875 0.07578125 0.0890625
27 0.24375 0.23046875 0.07421875 0.0890625
28 0.32734375 0.23046875 0.071875 0.0875
29 0.4125 0.22734375 0.0703125 0.0890625
30 0.49453125 0.2234375 0.07265625 0.08515625
31 0.5796875 0.2234375 0.075 0.08828125
32 0.665625 0.225 0.07421875 0.08671875
33 0.753125 0.22265625 0.07421875 0.08515625
34 0.8375 0.22890625 0.0703125 0.08671875
17 0.1515625 0.40234375 0.07421875 0.0875
18 0.234375 0.40546875 0.0671875 0.08984375
19 0.3203125 0.40703125 0.075 0.08828125
20 0.4046875 0.40703125 0.07109375 0.08515625
21 0.4890625 0.40703125 0.07109375 0.0859375
22 0.57421875 0.4078125 0.071875 0.08828125
23 0.65859375 0.40625 0.07421875 0.08671875
24 0.74375 0.40546875 0.06796875 0.0875
25 0.83046875 0.403125 0.075 0.08828125
8 0.14453125 0.60625 0.07265625 0.08671875
9 0.23125 0.60625 0.07109375 0.08671875
10 0.31640625 0.60703125 0.07265625 0.08828125
11 0.4 0.6046875 0.07109375 0.08828125
12 0.484375 0.60546875 0.07265625 0.0890625
13 0.56875 0.6015625 0.07265625 0.08671875
14 0.653125 0.596875 0.07265625 0.08828125
15 0.73984375 0.59140625 0.07578125 0.0890625
14 0.828125 0.58984375 0.07421875 0.0890625
35 0.15625 0.79609375 0.07109375 0.08359375
36 0.24140625 0.79453125 0.0703125 0.08359375
37 0.325 0.79375 0.07421875 0.08515625
38 0.409375 0.79140625 0.071875 0.0859375
40 0.49453125 0.7921875 0.07109375 0.08671875
41 0.578125 0.79140625 0.065625 0.08671875
39 0.6671875 0.78984375 0.07265625 0.08359375