33 0.09116398176388864 0.3147911582443751 0.14691398043270845 0.1392833183886113
22 0.19777896409645815 0.2344152868534724 0.14048214247680563 0.131325348023889
30 0.30670132883784706 0.15565646684934054 0.1469139804327085 0.13928331838861122
18 0.4109725611704166 0.07522604407166701 0.13568553970326397 0.12652874525034735
31 0.14873878600045107 0.39351687670923624 0.14535148043270843 0.1392469507974307
22 0.25375490074184004 0.314667137727153 0.14531511284152787 0.13768445079743064
38 0.3627136330744095 0.23434581772302115 0.13572190729444458 0.12809124525034737
31 0.47169054920256936 0.15324324771888928 0.148512848023889 0.1408821859797918
20 0.5300466034391318 0.23198714997934075 0.13735714247680555 0.13125261284152787
8 0.4227049224933331 0.31000108757465317 0.1405185100679862 0.132887848023889
41 0.3152541387739928 0.3927025251699655 0.13891964247680572 0.1312889804327085
13 0.21025620782819407 0.4707710141520488 0.1436435100679862 0.13296058320625015
18 0.2662866958603468 0.5486791150257295 0.14215374525034735 0.1360492156150695
27 0.3767715606017357 0.46995666261277813 0.150075348023889 0.1409185535709724
35 0.4850035943210761 0.38727340881305594 0.14215374525034719 0.13604921561506958
8 0.587603223880104 0.3114941184442019 0.13735714247680555 0.13125261284152784
39 0.32929388250572866 0.6290946200597225 0.14048214247680563 0.131325348023889
20 0.434400916225069 0.5463386310776392 0.1421173776591667 0.13448671561506947
8 0.537854530966458 0.4674525245043754 0.14371624525034718 0.13608558320625014
23 0.6451780281166664 0.39021983690906303 0.146950348023889 0.1408458183886113
31 0.3853607381290619 0.7054402209334031 0.150075348023889 0.14091855357097244
36 0.4912126542572217 0.6242649157469101 0.14531511284152784 0.1376844507974308
11 0.5970645703853815 0.5430896105604172 0.14215374525034719 0.1360492156150695
37 0.7052238689223607 0.463531356760695 0.14371624525034737 0.1360855832062501
16 0.4436804247744438 0.7857466231938546 0.1453514804327085 0.13924695079743082
34 0.5511493922893744 0.7022639355985422 0.14371624525034737 0.13608558320625014
33 0.655420624621944 0.6218335128208686 0.14531511284152784 0.13768445079743064
15 0.7619628717721524 0.5445826414299659 0.1469139804327085 0.13928331838861113
16 0.5036353466021868 0.8629643930454864 0.150075348023889 0.14091855357097244
28 0.6110497627303466 0.7818254554501741 0.1453514804327085 0.13924695079743063
14 0.7160840612673258 0.7021944664680909 0.14531511284152784 0.13768445079743064
32 0.8195740435998953 0.6217458598948271 0.14851284802388917 0.1408821859797918
29 0.5604834522255201 0.9348523511580211 0.1453514804327085 0.13029529768395776
40 0.6686973021492701 0.8574261739150353 0.14055487765916688 0.13445034802388883
21 0.7729503506862494 0.7777770011373618 0.1405185100679862 0.132887848023889
25 0.8779482816320481 0.6997085121552786 0.14695034802388918 0.14084581838861113