8 0.1372830732694628 0.24092597241038013 0.08885886137453221 0.17917624491161738
8 0.16734014472990327 0.4279280054270669 0.09009381275401322 0.17300813206674714
8 0.19649313545764907 0.6125453448661888 0.08812187697836445 0.1651137449116174
8 0.22486487618539494 0.7971217407277458 0.08680503844375372 0.16971935775648764
9 0.21442210538163842 0.2410731365893029 0.08836753844375364 0.16980124491161736
9 0.243656983264514 0.42725297602842477 0.0864774898232347 0.16346935775648763
9 0.2720287239922598 0.6118293718899818 0.08836753844375363 0.16980124491161738
9 0.3003185775648759 0.7948432677515388 0.08335248982323469 0.16330558344622795
10 0.2905751696059896 0.2372731071906607 0.08836753844375371 0.16980124491161736
10 0.32067318464399497 0.42505639020734753 0.08993003844375362 0.16988313206674702
10 0.34838650610443544 0.6119355924913397 0.0913287641334942 0.1668400192218769
10 0.37593605325461643 0.7956897947753319 0.09009381275401314 0.17300813206674714
11 0.3668510645630355 0.23581682779201857 0.09165631275401323 0.1730900192218768
11 0.3953046924459111 0.42195572365357553 0.09165631275401323 0.1730900192218769
11 0.4246624010614813 0.6104793130926975 0.08836753844375375 0.16980124491161738
11 0.45295225463409744 0.7934932089542543 0.08836753844375363 0.16980124491161738
12 0.44382632236495156 0.23283899197094127 0.09165631275401327 0.1730900192218768
12 0.472361837402957 0.4205403878324983 0.09009381275401332 0.17300813206674714
12 0.5008154652858325 0.6066792836940553 0.0868050384437538 0.16971935775648744
12 0.5290234317033189 0.7881306795556122 0.08853131275401331 0.1729262449116174
13 0.5193619108995623 0.23212301899473423 0.08869508706427283 0.17605124491161736
13 0.5476927080497433 0.4159181648562912 0.08869508706427265 0.17605124491161733
13 0.5744200616223594 0.5988501735627185 0.09165631275401331 0.1730900192218769
13 0.6028327459276701 0.7842078194242756 0.0868050384437538 0.16971935775648744
14 0.5947337251239136 0.22828204601852722 0.08869508706427265 0.17605124491161736
14 0.6224470465843541 0.4151612483025193 0.09009381275401314 0.17300813206674714
14 0.6516000373120999 0.5997785877416412 0.09009381275401332 0.17300813206674698
14 0.678327390884716 0.7827105964480685 0.08696881275401332 0.17284435775648746
15 0.6694061765033946 0.2259626294647553 0.09058513568479168 0.18238313206674706
15 0.6978188608087054 0.4113202753263123 0.09042136137453234 0.17925813206674715
15 0.7253684079588864 0.5950744776103045 0.08869508706427283 0.1760512449116174
15 0.7543985679539376 0.7773480670494264 0.0870506999091429 0.17440685775648745
16 0.743215490727746 0.22203976933341849 0.0870506999091429 0.17440685775648762
16 0.7708059814554916 0.4065752216174106 0.09182008706427283 0.17621501922187685
16 0.7998361414505428 0.5888488110565325 0.08836753844375381 0.16980124491161738
16 0.8282897693334185 0.7749877069180896 0.08696881275401332 0.17284435775648763