36 0.1325348470017657 0.7430423728251612 0.16410913879807004 0.10450101369695446
32 0.14945534010190686 0.6700076145267915 0.17035913879807008 0.10497461037760658
28 0.16325083320204803 0.5967360578880957 0.17041368587597075 0.10809961037760658
14 0.1747298498411395 0.5217244024941553 0.17359323295387147 0.11146140871793264
10 0.19086909294128068 0.44863044461070406 0.1672614123370204 0.10630031203728052
37 0.20393788311932246 0.3721746883869267 0.1672614123370204 0.10630031203728052
15 0.22084473944998848 0.29992118008855695 0.17205800649282174 0.11290550954776961
21 0.2377788693196048 0.2261051717901872 0.17200345941492107 0.1097805095477696
28 0.2516152727281714 0.15048986515149138 0.17833528003177213 0.11494160622842173
39 0.3123217585280072 0.7957799769789904 0.16254663879807013 0.10438261452679143
19 0.3276661148586732 0.7234080695104577 0.1672614123370204 0.10630031203728052
38 0.3415025182672399 0.6477927628717619 0.17033186525911975 0.10341211037760659
38 0.35845028490633135 0.5731955045733921 0.16095686525911965 0.10270171535662839
31 0.3738219147759477 0.49926109710485933 0.17200345941492118 0.1097805095477696
24 0.38763104464556397 0.4252082904661635 0.1766636858759707 0.10857320705825871
27 0.40459244805413064 0.3498297821677938 0.17976141233702042 0.10724750539858477
37 0.4199913514626973 0.274332874699261 0.1766364123370204 0.1070107070582587
15 0.4353493445628384 0.20117971723072822 0.17353868587597074 0.10833640871793264
24 0.4944524200542487 0.8486951798880643 0.1735386858759707 0.10833640871793264
40 0.5082615499238651 0.7746423732493686 0.1766636858759707 0.10857320705825871
32 0.5228655665629566 0.6998675161957542 0.18146028003177223 0.1151784045687478
19 0.538250833202048 0.6251518587272213 0.17981595941492118 0.11037250539858476
23 0.5575423498411395 0.5507321991840962 0.1783352800317722 0.11494160622842173
19 0.572146366480231 0.4759573421304819 0.1735386858759707 0.10833640871793264
40 0.5875452698887976 0.4004604346619491 0.17669095941492116 0.1101357070582587
39 0.6068504232973643 0.32525952511882383 0.17669095941492116 0.1101357070582587
25 0.6183158031669806 0.25102911972488356 0.17359323295387127 0.11146140871793264
18 0.6781046712720646 0.9040725319673012 0.16720686525911965 0.10317531203728052
33 0.6942848246806314 0.8286348240838498 0.17987050649282174 0.11349750539858476
12 0.7073263413197228 0.7537415678600725 0.17981595941492118 0.11037250539858476
24 0.7235064947282895 0.6783038599766213 0.17981595941492118 0.11037250539858476
11 0.7350127849063315 0.6017297045826809 0.1766636858759707 0.10857320705825871
27 0.755880438314898 0.5266471942097187 0.18296823295387146 0.11217180373891082
30 0.7735821814150391 0.4536716354964305 0.18458528003177221 0.11541520290907381
14 0.7905572215930811 0.37751187719806073 0.17359323295387127 0.11146140871793264
41 0.8075186250016477 0.30213336889969095 0.1735386858759707 0.10833640871793264