12 0.8900878177664495 0.6188963578468127 0.08146137357870131 0.11705969636645772
25 0.8019430756589573 0.628446443153164 0.08743835779368574 0.1128823793969957
24 0.7131535914439728 0.6404040513383326 0.07998987884037305 0.1184946506088231
14 0.6274436045981524 0.6513253180082319 0.07521137357870131 0.11654951333591956
39 0.5377818651214962 0.6617841990722179 0.07980786831702939 0.1153696506088231
32 0.4504638756448399 0.6720517614997517 0.08780237884037305 0.1191323793969957
24 0.36158338616818353 0.6824468696849203 0.08155237884037306 0.11862219636645772
21 0.2712314019531991 0.6945320236277233 0.0829328683170294 0.11562474212409217
18 0.18308665984570688 0.7040821089340745 0.07208637357870132 0.11629442182065049
34 0.8767849099868812 0.4983127908773509 0.07806335779368574 0.11211710485118864
39 0.7887766757718968 0.5102066261837022 0.08100634727034191 0.10924719636645755
19 0.7021944336644046 0.5196291657324188 0.0813703683170294 0.11549719636645754
11 0.6156121915569124 0.5290517052811355 0.07815436305535747 0.11367960485118864
15 0.5268227073419279 0.5410093134663041 0.08146137357870131 0.11705969636645755
36 0.44097621260359965 0.5495868301362036 0.08137036831702957 0.11549719636645772
9 0.3512234678652716 0.5584832112001894 0.08100634727034209 0.10924719636645772
30 0.262479486281123 0.5712220693853578 0.08762036831702939 0.11600737939699587
16 0.17442574943530265 0.582334654691709 0.07980786831702943 0.1153696506088231
40 0.8613202627306566 0.38104554254434087 0.08091534200867016 0.10768469636645772
9 0.7771272732540003 0.3910580134566058 0.07962585779368574 0.11224465060882319
36 0.689028033777344 0.401389348762957 0.07475634727034208 0.10873701333591956
29 0.6041447995623596 0.41302809255403916 0.08127936305535748 0.11393469636645773
16 0.5166903021931954 0.4209519049815732 0.07631884727034191 0.10886455909355415
31 0.4278098127165392 0.43134701316674173 0.08431335779368573 0.1126272878817268
9 0.34053732587071883 0.44239582559427565 0.0813703683170294 0.11549719636645772
34 0.2523015785015547 0.45038341090062695 0.07989887357870132 0.11693215060882309
26 0.16581034165573433 0.46136845044934366 0.08320588410204496 0.12031224212409235
18 0.852105615474432 0.2632681111807927 0.07319384727034191 0.10860946757828502
23 0.765477870736104 0.27190940072950937 0.08431335779368573 0.1126272878817268
29 0.6782963891519553 0.2845207131570434 0.08118835779368574 0.11237219636645772
20 0.5925864023061349 0.2954419798269428 0.07448333148532633 0.10404951333591957
10 0.5060041601986427 0.3048645193756595 0.07659186305535748 0.11355205909355401
18 0.42015766546031463 0.3134420360455589 0.07806335779368574 0.11211710485118864
32 0.33192191809115046 0.3214296213519102 0.07797235253201382 0.11055460485118865
10 0.2454306812453301 0.33241466090062693 0.07788134727034209 0.10899210485118864
28 0.15563243387616604 0.34052979196461275 0.08458637357870132 0.1173147878817268