26 0.5973370025602487 0.06119849914697867 0.11868835779368574 0.10886846656500009
27 0.6385150103821694 0.13690636075423557 0.11868835779368574 0.10886846656500007
28 0.6796020129424181 0.2110517223614925 0.11538134727034208 0.10567073138263901
29 0.7245952655026668 0.28510616499079805 0.11685284200867016 0.10414459897381949
30 0.7678895101704079 0.3568532252112841 0.11372784200867017 0.10407186379145834
31 0.8098032653614926 0.4317616530229508 0.11712585779368574 0.10883209897381949
32 0.8502910284450851 0.509050198425798 0.11712585779368574 0.10883209897381967
33 0.8954662915286775 0.5862296410551034 0.11547235253201364 0.107233231382639
34 0.9312665546122698 0.6636272892314923 0.11529034200867017 0.104108231382639
17 0.44352873407381016 0.1336216258562149 0.11712585779368574 0.10883209897381954
18 0.48153623926489486 0.20862097264583293 0.11676183674699843 0.10258209897381951
19 0.5220240023484872 0.28590951804868014 0.11712585779368574 0.10883209897381949
20 0.5631565075395719 0.36083612965593703 0.11372784200867017 0.10407186379145852
21 0.6050702627306566 0.43574455746760365 0.11529034200867017 0.104108231382639
22 0.6462937731834131 0.5122336690748606 0.11538134727034208 0.10567073138263901
23 0.6889432757436619 0.586342663090937 0.11712585779368574 0.10883209897381949
24 0.7316382809347466 0.6612329071070133 0.11519933674699842 0.102545731382639
25 0.775986791387503 0.7376492835319091 0.11712585779368574 0.10883209897381949
8 0.2616787655732541 0.22156130300229146 0.11538134727034208 0.10567073138263901
9 0.3044647760260106 0.2980140470183678 0.11538134727034208 0.10567073138263901
10 0.3456882864787671 0.3745031586256247 0.11538134727034208 0.10567073138263901
11 0.3882922864081799 0.4478309026417011 0.115381347270342 0.10567073138263901
12 0.42942479159926455 0.522757514248958 0.11694384727034209 0.1057070989738195
13 0.4743725415286774 0.5960307068782635 0.11538134727034208 0.10567073138263901
14 0.5193202914580903 0.6693038995075691 0.11538134727034208 0.10567073138263901
15 0.566657294018339 0.7433037907501037 0.11868835779368574 0.10886846656499997
14 0.6118780597327673 0.8212644833794093 0.11868835779368574 0.10886846656499997
35 0.10151408127356498 0.3191662676674305 0.11372784200867021 0.10407186379145843
36 0.14499033646464965 0.3940383278879166 0.11207433674699833 0.10247299620027786
37 0.1868130863940625 0.4673842556995832 0.11547235253201386 0.107233231382639
38 0.23024383895431125 0.5414750659200693 0.11529034200867017 0.104108231382639
40 0.2714673494070678 0.6179641775273261 0.11538134727034208 0.10567073138263901
41 0.31329009933648055 0.6913101053389928 0.11345482622365459 0.09938436379145835
39 0.35777511768174486 0.7700702317638887 0.11372784200867017 0.10407186379145852