15 0.30390625 0.14921875 0.0546875 0.1375
12 0.36875 0.15 0.053125 0.1359375
16 0.43125 0.1546875 0.053125 0.1390625
31 0.49453125 0.153125 0.05625 0.1359375
36 0.55546875 0.16328125 0.05 0.1265625
17 0.6203125 0.1625 0.0546875 0.1375
13 0.1703125 0.7625 0.05546875 0.1421875
14 0.2359375 0.77109375 0.05546875 0.140625
15 0.30078125 0.76875 0.0546875 0.1359375
20 0.3640625 0.7828125 0.05234375 0.140625
23 0.428125 0.771875 0.05625 0.1390625
24 0.49140625 0.77734375 0.053125 0.1375
25 0.55625 0.78046875 0.05625 0.1375
35 0.61796875 0.78828125 0.05390625 0.1359375
39 0.68203125 0.78984375 0.0546875 0.1359375
39 0.74453125 0.7859375 0.04765625 0.128125
12 0.9071180562500001 0.7268518515625 0.855902778125 0.7361111109375 0.8619791671874999 0.8688271609375 0.910590278125 0.8595679015625001 0.9071180562500001 0.7268518515625