26 0.225 0.1515625 0.0515625 0.1328125
8 0.28515625 0.15234375 0.053125 0.128125
17 0.3453125 0.15234375 0.053125 0.125
11 0.1109375 0.75 0.05390625 0.1328125
12 0.1734375 0.7484375 0.05 0.1359375
13 0.23515625 0.74921875 0.0515625 0.13125
16 0.29453125 0.74765625 0.05 0.13125
19 0.3546875 0.7484375 0.05234375 0.1328125
20 0.41484375 0.75625 0.0484375 0.1265625
21 0.475 0.75703125 0.04921875 0.128125
29 0.53359375 0.753125 0.0484375 0.1359375
29 0.59140625 0.7421875 0.0453125 0.1328125
31 0.65 0.75859375 0.05 0.128125
32 0.709375 0.759375 0.0484375 0.1296875
39 0.7671875 0.7625 0.04765625 0.1203125
39 0.82265625 0.76875 0.04375 0.1234375
30 0.92421875 0.77265625 0.04609375 0.128125