12 0.33396623924663305 0.14599648937777068 0.12471751778268034 0.1295067813494538
25 0.40969613937046756 0.1960697620544066 0.1279152923897861 0.1311056440165447
24 0.48698853949430204 0.24616121606458793 0.12479029238978612 0.13106928134945378
14 0.5602655277074777 0.29386346674090563 0.12159251778268025 0.12947041868236298
39 0.637630702438418 0.34551742075108705 0.12315501778268043 0.12948860001590834
32 0.7117617152586997 0.3947912620941775 0.1328211162111037 0.13584768801718106
24 0.7883092526860871 0.4456548754375861 0.12642556699689217 0.13264996268299925
21 0.8663829028099215 0.49575542011454027 0.12471751778268043 0.1295067813494537
18 0.9411034779765373 0.5466008521244033 0.1177930440469254 0.1263090560152719
34 0.27229033870851377 0.2467862827020893 0.12144696856846852 0.12634541868236288
39 0.34872871422524243 0.2953061460454979 0.12137419396136266 0.12478291868236298
19 0.42211486434907697 0.34535214672181563 0.12471751778268025 0.1295067813494538
11 0.49624587716935853 0.39462598806490606 0.1230822431755744 0.12792610001590835
15 0.5743195272931929 0.44472653274186014 0.1263527923897861 0.13108746268299926
36 0.6469244274170276 0.49476344275140516 0.12471751778268043 0.1295067813494537
9 0.7227634894515209 0.5471804654280411 0.12137419396136266 0.12478291868236298
30 0.7999831149682495 0.5957094194382224 0.12955056699689216 0.13268632535009015
16 0.8764942650920841 0.6457917827816311 0.12315501778268043 0.12948860001590834
40 0.21522916356328864 0.34606812002704423 0.11973891935425689 0.12320223734881744
9 0.2869800390800173 0.3945334393698165 0.12144696856846862 0.12634541868236288
36 0.3627099392038518 0.4446067120464524 0.11654114474715102 0.12160337468172652
29 0.43595054011347456 0.4915277127227702 0.12464474317557443 0.1279442813494537
16 0.510190714844415 0.5431453040658607 0.11817641935425698 0.1231840560152719
31 0.5867018649682494 0.5932276674092692 0.12628001778268044 0.12952496268299923
9 0.661614127788531 0.6425105994191325 0.12471751778268043 0.12950678134945387
34 0.7358906898230243 0.6949094407622228 0.12471751778268025 0.1295067813494537
26 0.8108029526433059 0.744192372772086 0.12642556699689217 0.13264996268299925
18 0.15259007650740472 0.4429425726845901 0.11490587014004516 0.12002269334818116
23 0.2259762266312392 0.4929885733609078 0.12628001778268028 0.12952496268299923
29 0.3015969648444149 0.5407180960375437 0.12300946856846853 0.12636360001590835
20 0.37569159036114363 0.5892106873806341 0.1132705955329393 0.11844201201463563
10 0.44907774048497817 0.639256688056952 0.12144696856846866 0.126345418682363
18 0.5224275033052598 0.6885214387332697 0.1214469685684687 0.126345418682363
32 0.596704065339753 0.7409202800763601 0.11981169396136267 0.12476473734881743
10 0.6715799408564816 0.7894219620862233 0.1197389193542568 0.12320223734881744
28 0.7466741401945279 0.8426111440960865 0.1279152923897861 0.1311056440165448