9 0.3765625 0.11875 0.053125 0.1328125
24 0.440625 0.11796875 0.053125 0.134375
20 0.503125 0.1125 0.05390625 0.1296875
24 0.56640625 0.1125 0.053125 0.1328125
36 0.6296875 0.11640625 0.0546875 0.134375
35 0.309375 0.2703125 0.053125 0.1390625
13 0.37265625 0.26953125 0.0546875 0.1375
41 0.43515625 0.26796875 0.04921875 0.134375
32 0.4984375 0.26328125 0.053125 0.1375
27 0.5640625 0.26484375 0.0515625 0.140625
15 0.1265625 0.828125 0.05546875 0.1375
15 0.18984375 0.81953125 0.05546875 0.1421875
15 0.25546875 0.8171875 0.0546875 0.14375
16 0.31953125 0.81171875 0.05546875 0.1390625
16 0.384375 0.81015625 0.05546875 0.1359375
26 0.4515625 0.8078125 0.05703125 0.15
26 0.5171875 0.80859375 0.05625 0.1421875
26 0.58125 0.80546875 0.05703125 0.1453125
29 0.64609375 0.80859375 0.053125 0.1421875
29 0.7109375 0.80546875 0.05390625 0.1421875
31 0.778125 0.80703125 0.05546875 0.1421875
39 0.31484375 0.1203125 0.05 0.1296875
32 0.84296875 0.80703125 0.05390625 0.1390625
33 0.90703125 0.8109375 0.05546875 0.14375