16 0.9099280383897694 0.22680940920614107 0.15145835099579194 0.1389473925821967
13 0.8623139392080759 0.3174244431273389 0.14655259618646843 0.13245173111680747
40 0.8138640263240517 0.40964292062610175 0.1499504146981227 0.14042800542706696
12 0.7647147089935238 0.4995585917024295 0.14827878729346117 0.13722111827193723
39 0.7163193598118305 0.5902145692011922 0.14827878729346117 0.13722111827193723
31 0.6687325424813026 0.6800483531223902 0.15312997840045367 0.1421542797373263
34 0.6203644751507748 0.769923080621153 0.14822422359113005 0.1356586182719372
39 0.5704339078202467 0.8598796952750455 0.14186509618646853 0.13220606965141818
23 0.5228297323223507 0.9278794227738084 0.14987600362819703 0.09363489258219673
19 0.40396317043411845 0.8927784837187993 0.14822422359113024 0.1356586182719372
38 0.4547022696158118 0.8019996754873417 0.14342759618646847 0.13228795680654776
27 0.4999180550951744 0.7130699722988385 0.15140378729346118 0.13738489258219672
8 0.5467236224257023 0.6232771319552055 0.1385218413771451 0.12579229534115868
30 0.5989979397562302 0.5331976865686183 0.148278787293461 0.13722111827193723
41 0.6482563844914198 0.4401570154922906 0.14499009618646852 0.1323698439616777
10 0.6964880425661206 0.3541885379935278 0.14509922359113006 0.1354948439616777
33 0.7432936098966485 0.26439569764989473 0.14989585099579195 0.13886550542706688
21 0.790907709078342 0.17378066372869677 0.14504465988879928 0.13393234396167766
23 0.6703794434692453 0.11927130540638231 0.148278787293461 0.13722111827193717
27 0.6251363761387173 0.20898225859488564 0.14989585099579195 0.13886550542706694
17 0.5768501543616857 0.2965132360936484 0.1499504146981227 0.14042800542706696
28 0.5284002414776615 0.3887317135924112 0.14833335099579195 0.13878361827193722
41 0.4809225515517953 0.4754404975136092 0.14822422359113005 0.1356586182719372
15 0.43408970237010197 0.5660145878572422 0.14671628729346115 0.13713923111680745
35 0.38491310318840855 0.6567115089335699 0.14509922359113023 0.1354948439616777
26 0.3358183495602115 0.7450646800098977 0.15156747840045356 0.14207239258219673
14 0.2844071277831799 0.8327594318189199 0.1466071598887993 0.13401423111680727
31 0.5559920504554869 0.06808497879975871 0.14827878729346117 0.13616995759951742
8 0.5100222968272898 0.155748795229617 0.14833335099579195 0.13878361827193722
8 0.4601190113479274 0.24492415988350955 0.1386309687818068 0.12891729534115867
25 0.41024300771973027 0.3333182745374021 0.145153787293461 0.1370573439616777
29 0.36421869038920235 0.4230701713034703 0.14822422359113013 0.1356586182719372
38 0.31744040490983993 0.5120817616471033 0.1385218413771451 0.12579229534115868
37 0.2675644012816428 0.6004758763009959 0.132271841377145 0.12546474672063965
11 0.22000486580228032 0.6895284102221939 0.14019346878180672 0.12899918249628844
39 0.17093739402524866 0.7771003312985215 0.1321081502701525 0.12077724672063965