35 0.2078125 0.23515625 0.06015625 0.153125
21 0.28203125 0.23046875 0.059375 0.16171875
8 0.35703125 0.2296875 0.06328125 0.15703125
18 0.4328125 0.22421875 0.0578125 0.16171875
41 0.50703125 0.21953125 0.059375 0.15859375
26 0.58359375 0.21875 0.06796875 0.16484375
22 0.6578125 0.21953125 0.06484375 0.15859375
21 0.7328125 0.21484375 0.06171875 0.15703125
24 0.809375 0.21796875 0.06328125 0.15703125
10 0.20703125 0.415625 0.06171875 0.15625
27 0.2828125 0.4109375 0.0609375 0.16484375
18 0.35703125 0.40859375 0.06015625 0.15703125
32 0.4328125 0.40625 0.06015625 0.15859375
36 0.50859375 0.40625 0.06328125 0.16015625
23 0.584375 0.40390625 0.065625 0.15859375
28 0.6609375 0.40234375 0.065625 0.16171875
38 0.73671875 0.4015625 0.06015625 0.16015625
35 0.81328125 0.3984375 0.0640625 0.1546875
33 0.20546875 0.59921875 0.06484375 0.16796875
25 0.28203125 0.5953125 0.06875 0.16640625
34 0.3578125 0.5921875 0.0609375 0.16484375
14 0.43515625 0.59140625 0.06171875 0.16328125
16 0.51171875 0.5875 0.06484375 0.16484375
20 0.58671875 0.5859375 0.06328125 0.16171875
34 0.66484375 0.5875 0.06484375 0.16484375
38 0.7421875 0.5875 0.0625 0.15859375
26 0.81875 0.58515625 0.06953125 0.17265625
41 0.20390625 0.78984375 0.06484375 0.16328125
40 0.28046875 0.78359375 0.06171875 0.16640625
29 0.3578125 0.78125 0.06171875 0.17109375
13 0.43515625 0.7796875 0.059375 0.16953125
30 0.5125 0.77890625 0.06875 0.17109375
22 0.58828125 0.77734375 0.0640625 0.17109375
31 0.66796875 0.77578125 0.06875 0.17421875
8 0.746875 0.7734375 0.0609375 0.17265625
32 0.8234375 0.77265625 0.06484375 0.16796875