16 0.21015625 0.221875 0.06328125 0.16328125
21 0.28828125 0.22109375 0.0640625 0.16171875
23 0.36171875 0.21875 0.065625 0.16328125
28 0.43828125 0.21640625 0.06484375 0.16953125
33 0.5140625 0.21875 0.06484375 0.16640625
36 0.5890625 0.21796875 0.0640625 0.15703125
14 0.66484375 0.2140625 0.0625 0.16484375
13 0.74296875 0.21640625 0.06484375 0.16015625
27 0.8171875 0.21796875 0.0609375 0.16640625
18 0.21171875 0.40625 0.0671875 0.16796875
18 0.28828125 0.40625 0.0671875 0.16015625
15 0.36328125 0.40078125 0.06328125 0.16484375
8 0.440625 0.4015625 0.0625 0.15703125
10 0.5171875 0.40234375 0.06328125 0.15859375
39 0.59296875 0.4046875 0.0640625 0.16015625
24 0.6671875 0.403125 0.0609375 0.16015625
37 0.74453125 0.4 0.06171875 0.16328125
24 0.81875 0.40390625 0.06015625 0.16171875
36 0.2125 0.59140625 0.06328125 0.16015625
37 0.28828125 0.590625 0.06484375 0.17109375
17 0.36484375 0.58828125 0.06953125 0.17265625
31 0.44140625 0.584375 0.06875 0.16484375
41 0.515625 0.58515625 0.0640625 0.16015625
22 0.5890625 0.584375 0.0625 0.16796875
8 0.6671875 0.584375 0.06328125 0.16171875
24 0.7453125 0.58671875 0.06328125 0.16328125
25 0.81953125 0.58515625 0.0640625 0.16328125
15 0.2125 0.77734375 0.06796875 0.17109375
12 0.2890625 0.7734375 0.0625 0.16640625
36 0.36484375 0.771875 0.06171875 0.16015625
17 0.4421875 0.77109375 0.07109375 0.16796875
37 0.51796875 0.77109375 0.06328125 0.15859375
23 0.5921875 0.771875 0.06484375 0.16328125
22 0.66875 0.77265625 0.0625 0.16484375
36 0.74453125 0.7703125 0.06171875 0.16015625
30 0.82109375 0.7703125 0.06484375 0.16328125