29 0.17734375 0.19296875 0.06171875 0.16015625
26 0.25234375 0.1953125 0.0640625 0.16484375
10 0.3265625 0.190625 0.065625 0.15859375
8 0.4 0.19375 0.06484375 0.15859375
39 0.55546875 0.1921875 0.0609375 0.15625
12 0.63046875 0.1921875 0.0625 0.153125
33 0.70390625 0.1875 0.06171875 0.15859375
9 0.77421875 0.18828125 0.059375 0.1546875
36 0.17890625 0.3734375 0.06015625 0.1515625
27 0.2546875 0.37109375 0.0609375 0.15859375
23 0.3265625 0.371875 0.0640625 0.15703125
8 0.63125 0.3703125 0.06015625 0.15703125
29 0.7046875 0.36796875 0.065625 0.15625
35 0.77890625 0.36953125 0.0609375 0.15859375
31 0.18125 0.58046875 0.06328125 0.16015625
29 0.253125 0.57734375 0.0609375 0.15703125
21 0.32734375 0.57578125 0.0578125 0.1546875
31 0.63046875 0.575 0.065625 0.15859375
25 0.70625 0.5734375 0.06328125 0.153125
15 0.77734375 0.57421875 0.06015625 0.16015625
25 0.1796875 0.7609375 0.065625 0.16015625
16 0.32734375 0.76015625 0.0625 0.16171875
17 0.40390625 0.7578125 0.0625 0.16640625
36 0.25390625 0.7609375 0.0578125 0.15703125
34 0.56015625 0.75234375 0.06171875 0.15625
9 0.6328125 0.75390625 0.0625 0.16171875
40 0.70703125 0.7546875 0.06015625 0.16015625
40 0.778125 0.75546875 0.05625 0.153125