35 0.15393660310492208 0.2852129768680868 0.07609074855010749 0.09807503571381497
13 0.23927045186016657 0.28138281899529327 0.0732025468904336 0.1011454886359143
20 0.32226055061541115 0.2775935714309252 0.0763275468904336 0.10120003571381489
33 0.4058543006154111 0.2761344370970821 0.08113344606059662 0.10284435633066594
39 0.4910105506154112 0.2746480292242885 0.07609074855010753 0.09807503571381489
25 0.5763443993706556 0.27081787135149493 0.08245914772027056 0.09974662986961631
12 0.6615006493706558 0.2693314634787014 0.07644594606059663 0.10276253571381488
23 0.7473789497855743 0.2686126688364327 0.08281434523075966 0.1044341298696164
10 0.8325943993706556 0.2663450109636392 0.07656434523075939 0.10432503571381498
26 0.1483592640979398 0.40000217979018604 0.07836364357108563 0.10747730925276536
40 0.2303905140979398 0.39857031899529327 0.07620914772027047 0.09963753571381488
32 0.3150615120233474 0.3931912978919749 0.07656434523075965 0.10432503571381498
24 0.40009936285318426 0.3932673900191813 0.07968934523075961 0.10437958279171564
30 0.4838115120233473 0.39024575568533815 0.07680114357108572 0.10745003571381498
36 0.5681273124382658 0.3895542345820198 0.0732025468904336 0.1011454886359143
28 0.6531651632681028 0.38963032670922626 0.07968934523075966 0.10437958279171564
31 0.7393986611935104 0.38422403206695754 0.07789004689043359 0.10122730925276535
24 0.8245549111935103 0.382737624194164 0.07500184523075966 0.1042977621748646
11 0.14121942509095756 0.5148186562512358 0.07320254689043355 0.1011454886359143
14 0.22565362467603908 0.5125646351479174 0.07500184523075956 0.1042977621748646
19 0.30846612467603907 0.5111191375835494 0.07656434523075965 0.10432503571381488
39 0.3922966730163651 0.5065350032497061 0.07921574855010753 0.09812958279171564
16 0.4751683726014466 0.5043082556853381 0.07152164772027056 0.09955571509696384
16 0.5594841730163651 0.5036167345820198 0.0732025468904336 0.1011454886359143
35 0.6453032738462021 0.503679189939751 0.07765324855010754 0.09810230925276535
17 0.7320220238462021 0.5021655085280072 0.0810150468904336 0.10128185633066593
38 0.8165154230163651 0.49913023742468887 0.06984074855010754 0.09796594155801355
15 0.1349200356690568 0.6288402459428102 0.07632754689043351 0.10120003571381489
11 0.21851378566905683 0.6273811116089669 0.07620914772027054 0.09963753571381488
27 0.29994138442430135 0.6236191375835494 0.07343934523075957 0.1042704886359143
12 0.38515683400938283 0.6213514797107559 0.07320254689043351 0.1011454886359143
20 0.468206132349709 0.6167809821463879 0.07296574855010754 0.09802048863591431
18 0.5546288844243014 0.619173550734644 0.0732025468904336 0.1011454886359143
35 0.6374413844243014 0.617728053170276 0.07620914772027057 0.09963753571381488
13 0.7225384348392199 0.6170228952974824 0.0794525468904336 0.10125458279171565
20 0.8062505840093829 0.6140012609636392 0.07296574855010754 0.09802048863591431