20 0.21015625 0.215625 0.06171875 0.15625
39 0.2859375 0.21015625 0.06171875 0.1484375
16 0.359375 0.20625 0.0609375 0.153125
32 0.4359375 0.20859375 0.06484375 0.16328125
19 0.51171875 0.21015625 0.06171875 0.16328125
19 0.58671875 0.20625 0.06328125 0.15859375
41 0.66328125 0.20546875 0.0625 0.1546875
29 0.7390625 0.2046875 0.0640625 0.15859375
8 0.8140625 0.2078125 0.05625 0.15859375
25 0.21015625 0.396875 0.06796875 0.16015625
18 0.28515625 0.39453125 0.06484375 0.15625
20 0.36171875 0.39296875 0.06328125 0.16171875
16 0.4375 0.3921875 0.065625 0.15703125
10 0.51328125 0.3953125 0.06484375 0.16015625
23 0.58828125 0.39375 0.065625 0.16015625
38 0.66484375 0.39140625 0.0671875 0.15859375
9 0.740625 0.3921875 0.0640625 0.15703125
16 0.81640625 0.39375 0.06328125 0.16015625
21 0.209375 0.58046875 0.06328125 0.16328125
15 0.28671875 0.578125 0.0640625 0.16171875
10 0.36171875 0.5765625 0.0625 0.15859375
20 0.43671875 0.5765625 0.065625 0.16171875
34 0.51328125 0.575 0.0640625 0.16484375
32 0.5890625 0.57421875 0.0671875 0.16328125
13 0.66640625 0.575 0.06328125 0.16796875
12 0.74140625 0.5734375 0.0625 0.16484375
30 0.81484375 0.571875 0.06484375 0.16171875
39 0.21015625 0.765625 0.06484375 0.16328125
26 0.2859375 0.76640625 0.06875 0.16796875
22 0.3609375 0.7625 0.0609375 0.16640625
39 0.43671875 0.76328125 0.06484375 0.16484375
38 0.5140625 0.76171875 0.0640625 0.16484375
13 0.590625 0.76015625 0.0640625 0.16171875
11 0.66640625 0.7578125 0.0640625 0.16328125
31 0.74296875 0.75859375 0.0671875 0.16171875
8 0.81796875 0.7609375 0.06015625 0.16640625