33 0.2921875 0.10859375 0.11953125 0.08203125
22 0.42578125 0.10546875 0.1171875 0.07265625
30 0.56015625 0.1046875 0.11875 0.08046875
18 0.69140625 0.10078125 0.1125 0.0703125
31 0.29296875 0.20625 0.11640625 0.0828125
22 0.42421875 0.203125 0.11875 0.07734375
38 0.559375 0.2015625 0.11015625 0.07578125
31 0.6953125 0.19921875 0.11953125 0.0828125
20 0.696875 0.29765625 0.109375 0.07734375
8 0.5640625 0.29765625 0.1125 0.07734375
41 0.42890625 0.30234375 0.1140625 0.075
13 0.2984375 0.3046875 0.12421875 0.06796875
18 0.29765625 0.40078125 0.1140625 0.0796875
27 0.43359375 0.40078125 0.121875 0.08203125
35 0.56953125 0.396875 0.1140625 0.0796875
8 0.69765625 0.3953125 0.11015625 0.07734375
39 0.30234375 0.50234375 0.1171875 0.07265625
20 0.4359375 0.496875 0.11484375 0.078125
8 0.56640625 0.49296875 0.11484375 0.0796875
23 0.6984375 0.49296875 0.11640625 0.084375
31 0.303125 0.59765625 0.12109375 0.08203125
36 0.43671875 0.59296875 0.11875 0.0796875
11 0.56953125 0.5890625 0.1125 0.08046875
37 0.70390625 0.5875 0.1140625 0.08203125
16 0.30390625 0.69609375 0.1171875 0.08046875
34 0.43984375 0.69140625 0.1171875 0.07734375
33 0.57109375 0.68671875 0.11953125 0.0796875
15 0.703125 0.6859375 0.1171875 0.0828125
16 0.3078125 0.79453125 0.12109375 0.08046875
28 0.4421875 0.790625 0.1171875 0.08046875
14 0.5734375 0.7875 0.11953125 0.078125
32 0.7046875 0.7828125 0.11875 0.0828125
29 0.309375 0.8890625 0.1171875 0.08203125
40 0.44453125 0.8859375 0.1140625 0.078125
21 0.57578125 0.88203125 0.11484375 0.07578125
25 0.70703125 0.8796875 0.11640625 0.08515625