38 0.30234375 0.15546875 0.0484375 0.125
17 0.36015625 0.15546875 0.0515625 0.125
41 0.41875 0.1546875 0.0484375 0.1171875
40 0.478125 0.1578125 0.04921875 0.125
20 0.5359375 0.15859375 0.04921875 0.1203125
25 0.59296875 0.16015625 0.05234375 0.1203125
24 0.3 0.29765625 0.04765625 0.1265625
8 0.13454861093749998 0.6604938265625 0.089409721875 0.655864196875 0.08420138906249999 0.7793209875 0.1328125 0.788580246875 0.13454861093749998 0.6604938265625
10 0.19618055625 0.6620370375 0.15017361093749998 0.6589506171874999 0.1458333328125 0.7870370375 0.1953125 0.79012345625 0.19618055625 0.6620370375
12 0.2578125 0.6697530859375 0.20833333281250002 0.6666666671875 0.207465278125 0.7916666671875 0.2552083328125 0.796296296875 0.2578125 0.6697530859375
13 0.31597222187499996 0.6543209875 0.2682291671875 0.6543209875 0.265625 0.777777778125 0.31597222187499996 0.7870370375 0.31597222187499996 0.6543209875
13 0.3776041671875 0.6620370375 0.32899305624999997 0.6589506171874999 0.32465277812500004 0.7839506171874999 0.37586805624999997 0.7839506171874999 0.3776041671875 0.6620370375
27 0.4348958328125 0.79012345625 0.4375 0.663580246875 0.4114583328125 0.6604938265625 0.3880208328125 0.6620370375 0.3888888890625 0.7870370375 0.41059027812500004 0.7932098765625 0.4348958328125 0.79012345625
29 0.49565972187499996 0.66512345625 0.4479166671875 0.6620370375 0.44444444375 0.7947530859375 0.49565972187499996 0.7916666671875 0.49565972187499996 0.66512345625
30 0.5564236109375 0.7253086421875 0.5520833328125 0.6697530859375 0.504340278125 0.6682098765625 0.5017361109375 0.79783950625 0.5546875 0.799382715625 0.5564236109375 0.7253086421875
31 0.6134259265625001 0.6687242796875 0.5642361109375 0.6676954734375 0.563078703125 0.797325103125 0.6140046296875 0.7983539093750001 0.6134259265625001 0.6687242796875
32 0.625578703125 0.6594650203125 0.6226851859375 0.7849794234374999 0.671875 0.79012345625 0.67476851875 0.6604938265625 0.625578703125 0.6594650203125
34 0.734375 0.661522634375 0.6834490734374999 0.6574074078125001 0.6799768515625 0.7839506171874999 0.73148148125 0.78909465 0.734375 0.661522634375
35 0.7430555562500001 0.6862139921875 0.7390046296875 0.8117283953125 0.787615740625 0.8148148140625 0.7893518515625 0.6934156375 0.7430555562500001 0.6862139921875
36 0.800347221875 0.6954732515625001 0.7980324078125001 0.8127572015625001 0.843171296875 0.816872428125 0.84664351875 0.6965020578125001 0.800347221875 0.6954732515625001
29 0.9276620375 0.6985596703125 0.9178240734375 0.817901234375 0.962384259375 0.8292181078124999 0.9710648140625 0.7067901234375 0.9276620375 0.6985596703125