26 0.19061703506757882 0.20218489802374934 0.08153711037760658 0.17436201333591955
26 0.20578378424238625 0.391964875144932 0.07864890871793265 0.17723192182065048
26 0.2206545354917861 0.5778386022661147 0.07997461037760659 0.17423446757828492
26 0.235762085081512 0.7668373293872974 0.08021140871793264 0.17735946757828494
27 0.26868283548249733 0.19502636014202251 0.08021140871793264 0.17735946757828502
27 0.28312753424238624 0.3856513601420225 0.07684961037760658 0.17397937606301603
27 0.2978798863216231 0.5699625872632053 0.07841211037760658 0.1741069218206505
27 0.31286903674118594 0.757398814384388 0.07997461037760659 0.17423446757828492
28 0.34614498465266036 0.19027534513911304 0.08153711037760658 0.17436201333591955
28 0.36101573590206015 0.37614907226029576 0.08333640871793264 0.17761455909355411
28 0.3753420354917861 0.5652115722602957 0.08466211037760658 0.17461710485118864
28 0.38960913549643045 0.7534928222602958 0.08153711037760658 0.17436201333591955
29 0.42511043423774186 0.184615534378569 0.08130031203728053 0.17123701333591956
29 0.4384186854871417 0.37061680725738627 0.07637601369695446 0.16772937606301594
29 0.4534670354917861 0.558834284378569 0.07817531203728052 0.17098192182065047
29 0.4674973371561045 0.7439905343785689 0.07793851369695445 0.16785692182065048
30 0.5001696338228234 0.1792745880121113 0.08021140871793264 0.17735946757828502
30 0.5158216350722232 0.36508454225447673 0.07817531203728052 0.17098192182065047
30 0.5282894367365415 0.5503683380121113 0.07481351369695446 0.1676018303053814
30 0.5431601879859415 0.7362420651332939 0.07637601369695446 0.16772937606301602
31 0.5767321338228234 0.17302484588801909 0.07841211037760658 0.1741069218206505
31 0.5915436854871416 0.3581173230092018 0.07481351369695446 0.1676018303053814
31 0.6053963883962155 0.5409298230092018 0.07793851369695445 0.16785692182065048
31 0.6185862404754523 0.7253685958880192 0.07950101369695446 0.1679844675782851
32 0.6516137346526604 0.1653401495215614 0.07817531203728052 0.17098192182065047
32 0.6672065363169787 0.35036885376392685 0.07793851369695445 0.16785692182065048
32 0.6803371888111339 0.5340263766427441 0.0745767153566284 0.1644768303053814
32 0.6943082908903708 0.7184013766427441 0.0745767153566284 0.16447683030538157
33 0.7258324846526604 0.15928172603392093 0.07841211037760658 0.1741069218206505
33 0.7429285867318971 0.3434016345186519 0.0745767153566284 0.1644768303053814
33 0.7562368379812969 0.5294029073974691 0.07661281203728051 0.17085437606301604
33 0.7708707908903708 0.7121516345186519 0.0777017153566284 0.1647319218206505
34 0.7985479342377418 0.15413209830391508 0.07325101369695446 0.16747428454774688
34 0.8149219859020602 0.33909702966746325 0.0683267153566284 0.16396664727484325
34 0.8301595900558894 0.5194382339098287 0.07168851369695446 0.16734673879011233
34 0.8440714925500448 0.7030319839098287 0.07121491701630234 0.16109673879011233