9 0.7802745947285628 0.83984375 0.09598166394474283 0.1421875
24 0.7198950751837254 0.85625 0.09610920970237728 0.14375
20 0.6621781700329743 0.8765625 0.09572657242947358 0.1390625
24 0.6025161276093197 0.8921875 0.09598166394474283 0.1421875
36 0.5409727207915787 0.90390625 0.09767170970237729 0.14375
35 0.7958523130557538 0.6765625 0.098054346975281 0.1484375
13 0.7362540435109164 0.69296875 0.09792680121764619 0.146875
41 0.676655773966079 0.709375 0.09285666394474283 0.1421875
32 0.618157618815328 0.7296875 0.09636430121764636 0.146875
27 0.5552430306340389 0.74375 0.09649184697528099 0.1484375
15 0.7902739268216203 0.09140625 0.09948930121764618 0.146875
15 0.7328121131861384 0.11484375 0.1014344384905499 0.1515625
15 0.6709976393989355 0.1328125 0.09999948424818453 0.153125
16 0.6125632571270018 0.15390625 0.09961684697528081 0.1484375
16 0.5514662604609816 0.17109375 0.09936175546001173 0.1453125
26 0.4881530595525961 0.18984375 0.1051971672787225 0.159375
26 0.42530224425012414 0.2046875 0.1014344384905499 0.1515625
26 0.3651140433417385 0.2234375 0.10325203000581898 0.1546875
29 0.3028531594028149 0.2359375 0.09830943849054989 0.1515625
29 0.24188370849442925 0.2546875 0.09830943849054992 0.1515625
31 0.17747039319195734 0.26953125 0.10143443849054994 0.1515625
39 0.8390916142734002 0.8234375 0.09091152667183913 0.1375
32 0.1162458507683027 0.28515625 0.09805434697528086 0.1484375
33 0.06095244395056171 0.296875 0.08593698424818445 0.153125