8 0.518785181818781 0.10870110973273236 0.08856366801906326 0.06450285178688593
8 0.5175442357965405 0.17979485973273238 0.08856366801906326 0.06450285178688593
8 0.5201686294658745 0.2533915272232184 0.08856366801906326 0.06450285178688589
9 0.5110333628267829 0.3288544422422464 0.08861821509696384 0.06762785178688588
9 0.5066265064961171 0.40216460824985767 0.08705571509696383 0.06756418479069151
9 0.5053310133959759 0.47638335824985756 0.08700116801906325 0.06443918479069169
10 0.5024730202958347 0.5505384412536631 0.09325116801906326 0.0646938527754692
10 0.5066599139651687 0.6241987757403435 0.09007162094116268 0.06144151878308026
10 0.5014445340955525 0.6990396082498576 0.09012616801906326 0.06456651878308044
11 0.5071121071480355 0.7774511097327323 0.09325116801906326 0.0646938527754692
11 0.5089552508173695 0.8510159437251211 0.09325116801906326 0.0646938527754692
11 0.518569984178278 0.9272428626984819 0.08850912094116267 0.06137785178688589