29 0.956137591599858 0.5646438343436119 0.08772481680028399 0.1370662017473613
19 0.8973832489612299 0.600252719602223 0.12608375212603207 0.1308162017473613
34 0.8178869386597277 0.6389502372696534 0.1280288893989357 0.1355400693385418
37 0.7377369241158602 0.6791920711414937 0.12608375212603207 0.1308162017473613
21 0.6573318180567236 0.7163089050133339 0.12477634364130097 0.13390483415618065
33 0.5754917577552214 0.7549518712939934 0.1316640724294736 0.14186280452090277
35 0.49274290169608487 0.7920141537790629 0.12777379788366652 0.1324150693385416
19 0.4100578185157656 0.8298576862641323 0.12802888939893542 0.13554006933854162
13 0.32821775821426347 0.8685006525447918 0.12308629788366643 0.132305966565
28 0.9161975375918626 0.4486363214258341 0.12646638939893579 0.13550370174736112
39 0.8342937044115434 0.4864980377064937 0.11970620636839727 0.129108231382639
27 0.7554510983524068 0.5236512391695145 0.12490388939893542 0.13546733415618065
16 0.6737385838085392 0.5638567054501741 0.12503143515657006 0.13702983415618064
20 0.5954221362341335 0.5979030907087852 0.12477634364130097 0.13390483415618065
11 0.5143633259326313 0.6365642407850352 0.12139625212603189 0.1307070989738195
21 0.43076944699467756 0.6728270894745142 0.12659393515657005 0.1370662017473613
29 0.3497744095719927 0.7122694895507642 0.12152379788366652 0.13226959897381949
40 0.2644904848764043 0.7469334706490626 0.12477634364130097 0.13390483415618065
34 0.8530442201633589 0.33410038953010485 0.12659393515656986 0.13706620174736123
10 0.7757641141042223 0.3712899585843062 0.11801616061076281 0.12750936379145844
28 0.6921702351662684 0.40755280727378523 0.13153652667183913 0.14030030452090295
27 0.6118926748647663 0.4462321411456255 0.13153652667183913 0.1403003045209029
19 0.5329862959268123 0.48260409260864623 0.12295875212603188 0.13074346656500016
24 0.4509549169888585 0.5189033088893059 0.1165812063683973 0.12903549620027785
34 0.36729726517208733 0.554384907578785 0.12971893515657004 0.1371389369297223
12 0.2863660006282198 0.5946085576550348 0.13140898091420458 0.13873780452090295
22 0.20042837169026595 0.6308168549577432 0.12971893515657004 0.1371389369297223
40 0.7921071069772205 0.21805650902114646 0.12139625212603171 0.13070709897381952
22 0.7109207509180839 0.25515515909739644 0.11683629788366652 0.13216049620027787
41 0.6305794177377646 0.2930532429692366 0.12177888939893541 0.1353945989738195
37 0.5469217659209933 0.3285348416587157 0.12802888939893542 0.1355400693385418
19 0.4671703641042223 0.3641073593261462 0.12802888939893542 0.1355400693385418
24 0.3868928038027202 0.40278669319798643 0.12490388939893551 0.13546733415618065
41 0.30213503759186267 0.4343438580918752 0.12308629788366643 0.13230596656500015
23 0.2206776145632642 0.4776743243725349 0.13478907242947366 0.14193553970326392
39 0.13545746274649306 0.5131195554708334 0.1233413893989355 0.13543096656499998