27 0.41193460880075916 0.9068625473754441 0.14077341567683313 0.11730160580511537
28 0.5365792561351922 0.8634076693378102 0.1376029515702104 0.11562997840045383
24 0.6580761714163138 0.819280668704838 0.13585859514371953 0.10932541469812271
17 0.7787918366974355 0.7751809499230312 0.13434155925034225 0.11083335099579195
12 0.380414172669955 0.8180282258685649 0.13907452335696496 0.11255954210278425
25 0.5043003020576993 0.7753818796820964 0.14077341567683313 0.11730160580511537
23 0.6266239314454436 0.7327900971979588 0.1376029515702104 0.11562997840045366
32 0.7449503826199425 0.6872097239696483 0.13599498746358768 0.11401291469812272
14 0.3465499865391508 0.7292757499151821 0.14224498746358769 0.11423116950744613
31 0.47275713387358387 0.6857663081752172 0.14394387978345585 0.1189732332097769
19 0.5958847453146394 0.6439284938399142 0.1376029515702104 0.11562997840045348
10 0.7150833747023838 0.6014458387604383 0.1376484156768331 0.11719247840045348
23 0.31886760424841265 0.6379612691524758 0.14394387978345566 0.1189732332097769
21 0.4411685015828456 0.594588236668338 0.13599498746358768 0.11401291469812272
38 0.5682023630239013 0.5526140130772079 0.13751202335696497 0.11250497840045348
37 0.6828271526782024 0.5142012991047246 0.13277905925034225 0.110778787293461
10 0.29042670401098586 0.5474553202409348 0.14081887978345567 0.11886410580511537
41 0.4135088513454188 0.5040550059056318 0.13434155925034225 0.11083335099579195
24 0.5382444268930971 0.46372512786799786 0.132688131037097 0.107653787293461
38 0.6606362524407754 0.4234770953838602 0.1342051669304743 0.10614585099579191
35 0.2604687678801817 0.45856643503172484 0.13760295157021038 0.11562997840045348
28 0.38741170110799195 0.4134672114405946 0.14077341567683313 0.11730160580511532
18 0.508218294602359 0.3724924926587878 0.1375574874635877 0.11406747840045366
35 0.6313913701500373 0.3322171783234848 0.13907452335696496 0.11255954210278443
40 0.22959318942950943 0.36501733167368017 0.1408643438900784 0.12042660580511537
33 0.3550418188172538 0.3223164217848809 0.1409098079967011 0.12198910580511538
14 0.4773881802583094 0.2805058893007432 0.13599498746358768 0.11401291469812272
26 0.6037317199126104 0.24168394756077852 0.14077341567683313 0.11730160580511528
17 0.20030284303214857 0.27219491461330475 0.13135295157021037 0.11541172359113024
18 0.3257514724198929 0.2294940047245054 0.13764841567683303 0.11719247840045358
37 0.45046431591425995 0.18838287668687154 0.1439438797834558 0.11897323320977704
13 0.5737283196751836 0.15123256235156848 0.1375574874635877 0.11406747840045361
19 0.16706078252816503 0.17794640680875642 0.13760295157021035 0.11562997840045361
39 0.2940946439692207 0.13597218321762625 0.13282452335696499 0.112341287293461
31 0.41804896951689907 0.09566958703115777 0.13921091567683308 0.11724704210278447
37 0.5421396873844454 0.060054490844689314 0.13599498746358768 0.11401291469812273