19 0.9249072277196975 0.5668839394153498 0.1152960306460784 0.15296074505632157
24 0.8549966343357684 0.6097873514160643 0.12585152866891186 0.14435056956195352
28 0.7687434579480341 0.6499810266583305 0.1387335306460784 0.15459965471124731
41 0.6846430305717164 0.6950260928660894 0.12904019566510633 0.14613159084927715
27 0.5981988531953986 0.7399072681083557 0.13710736364988402 0.1529278940675857
34 0.511164426807664 0.7800463130287912 0.1322925296574951 0.14947511213660042
16 0.4230622489370547 0.8271619776273959 0.1337913626613009 0.14802187278026224
9 0.3343698220550286 0.8695355119041694 0.13379136266130082 0.14802187278026224
21 0.2447051441844193 0.9165419158591123 0.13391869665368966 0.15114687278026223
25 0.8749947524342769 0.445872316887189 0.13216519566510634 0.14635011213660049
16 0.7918347425484452 0.4870657634167788 0.12897652866891213 0.14456909084927716
34 0.7062036486702246 0.531220318980876 0.1322925296574951 0.1494751121366006
15 0.6214811387843928 0.572304504866804 0.13385502965749527 0.14958437278026224
41 0.5320074619023668 0.6146234088217468 0.1322925296574951 0.14947511213660042
39 0.4480025350203406 0.6573247250295058 0.1289128616727176 0.14300659084927717
29 0.3615265241459257 0.7029871502717719 0.12747769566510642 0.14602233020561534
25 0.27192551327151077 0.7484310542267149 0.13704369665368965 0.1513653940675857
29 0.184078003385679 0.7892967188253194 0.12910386266130086 0.14769409084927698
33 0.8131088591640786 0.33029123953156525 0.1321651956651066 0.1463501121366006
36 0.7277324332706356 0.3681957950956624 0.12253552768032883 0.1394445482746301
39 0.644572423384804 0.40938924162525214 0.12403436068413445 0.1379913089182919
25 0.5597862465027779 0.45203592751118027 0.13385502965749527 0.14958437278026224
32 0.47415515262455726 0.49619048307527736 0.1338550296574951 0.14958437278026224
36 0.3894326427387256 0.5372746689612053 0.11752969269935694 0.13130426634364484
10 0.29989529886050503 0.5811560729161483 0.13060269566510643 0.14624085149293897
39 0.20739212247277053 0.6209127055837677 0.12403436068413447 0.1379913089182919
31 0.12169736159835558 0.6666297611478649 0.1402960306460784 0.15470891535490913
24 0.751318466388172 0.2123664121759415 0.12259919467652339 0.14100704827463012
28 0.6682539569966319 0.25121610870553124 0.13548119665368966 0.15125613342392397
23 0.5851576141069945 0.29084705523512105 0.13385502965749527 0.14958437278026224
36 0.5010571867306768 0.33589212144287994 0.13385502965749527 0.14958437278026224
21 0.4117108438410395 0.37508602539782276 0.13235619665368964 0.15103761213660052
15 0.32458091695901337 0.41756882031825826 0.13235619665368964 0.15103761213660047
39 0.23354474007698722 0.45977846362953934 0.12735036167271768 0.14289733020561535
26 0.14647848019115545 0.5006987585499748 0.14204953163466158 0.15950567599857096
27 0.06316986756703566 0.5446347928267485 0.12633973513407132 0.15605289406758588