20 0.12565951035833428 0.5283239767682953 0.18144387978345575 0.12132053756616053
18 0.6317503859851549 0.5022271200013126 0.19894962852981452 0.13295837452429887
25 0.34279684923384773 0.6790402652858581 0.1831427721033238 0.12607170456235509
34 0.5597188909332129 0.9298838877958098 0.17938127461060632 0.10406937056996632
8 0.17964335055399597 0.20621421342242258 0.19260870031656915 0.12957870653952136
12 0.15907008927122487 0.3056067183653385 0.1845688797834557 0.12144787155854946
39 0.3428132887963712 0.11509051182581705 0.1688529515702104 0.1176862015966055
31 0.8162811280010891 0.876410083423735 0.1782279515702104 0.11806820357377176
23 0.8511178145941116 0.6489416580245837 0.17813702335696496 0.11494320357377177
10 0.6592292136444042 0.2907020295831331 0.19109166442319178 0.13107753954332696
32 0.08968988426929524 0.8512640696579327 0.13300637978345572 0.11934686068413462
14 0.6488576664682558 0.39124319905078553 0.19417120031656906 0.12964237353571573
35 0.2328723359725196 0.026168569163641166 0.1969946719450392 0.05233713832728233
36 0.47266226167848246 0.04613887646428424 0.18282452335696497 0.09227775292856848
37 0.7248074348771629 0.07136709775819113 0.19568823620994635 0.12814354053191016
38 0.930179244985435 0.11058747076243428 0.13964151002913 0.12766869665368966
40 0.5817908722616083 0.15619437840426956 0.1893473079967011 0.12476387254713259
38 0.8271321159934022 0.20094982699794448 0.19881323620994634 0.1282708745242989
9 0.4209646840192331 0.24722257950658344 0.1893927721033238 0.12632637254713258
11 0.9036755471096413 0.33158306167490526 0.18475073620994636 0.12769787155854945
13 0.40519258300301875 0.35033033346091613 0.18939277210332367 0.12632637254713258
15 0.887835249933493 0.43234706562923797 0.18778480799670091 0.12470020555093822
16 0.1443520228947466 0.4180576388215739 0.17510295157021036 0.11794086958138306
17 0.38571882046660644 0.4606285049057348 0.1830973079967011 0.12450920456235508
19 0.8652137553437693 0.5419913210664454 0.18465980799670093 0.12457287155854946
21 0.3670263079301941 0.5708948428524563 0.17983591567683305 0.11969437056996632
22 0.6083476413954312 0.6119032089366172 0.18144387978345583 0.12132053756616053
24 0.10848403371529927 0.6369641477188225 0.1832337003165691 0.12919670456235507
26 0.5849448968057075 0.7215792978719218 0.19881323620994634 0.12827087452429886
27 0.828564516164322 0.7609296634617913 0.18631323620994636 0.12776153855474384
28 0.10144207501895293 0.744409233194086 0.16296666442319183 0.129931533611828
29 0.3255759084841901 0.7861179362363853 0.1973871285298145 0.13289470752810467
30 0.5701131701626726 0.8301239683281574 0.2020291644231918 0.1315232085166876
33 0.3099401997878437 0.893913190190718 0.19568823620994652 0.1281435405319101