20 0.12578125 0.61328125 0.165625 0.08046875
18 0.61953125 0.50234375 0.18203125 0.0890625
25 0.36640625 0.725 0.16640625 0.0859375
34 0.628125 0.94375 0.1625 0.08515625
8 0.12109375 0.2875 0.17578125 0.08828125
12 0.11875 0.38828125 0.16875 0.08203125
39 0.265625 0.1703125 0.1515625 0.08203125
31 0.86875 0.8390625 0.1625 0.07890625
23 0.86171875 0.61015625 0.16171875 0.07578125
10 0.60859375 0.28984375 0.1734375 0.0890625
32 0.12421875 0.94140625 0.1671875 0.08203125
14 0.61640625 0.390625 0.1765625 0.08828125
35 0.134375 0.06484375 0.18125 0.084375
36 0.378125 0.0640625 0.16484375 0.0875
37 0.634375 0.06328125 0.17890625 0.08359375
38 0.871875 0.0625 0.178125 0.08671875
40 0.50859375 0.17109375 0.171875 0.0828125
38 0.7578125 0.1734375 0.18203125 0.08359375
9 0.36640625 0.2875 0.17109375 0.08359375
11 0.85703125 0.2890625 0.1671875 0.08671875
13 0.36875 0.39140625 0.17265625 0.08515625
15 0.859375 0.390625 0.1703125 0.08359375
16 0.12421875 0.5015625 0.159375 0.0796875
17 0.36953125 0.503125 0.16484375 0.08359375
19 0.85703125 0.50234375 0.1671875 0.084375
21 0.37109375 0.6140625 0.16171875 0.08125
22 0.61640625 0.6140625 0.165625 0.08203125
24 0.121875 0.72421875 0.178125 0.08671875
26 0.6125 0.72578125 0.18046875 0.08515625
27 0.86015625 0.7234375 0.16875 0.08671875
28 0.12265625 0.834375 0.1828125 0.0875
29 0.36875 0.8328125 0.17890625 0.08984375
30 0.6171875 0.83515625 0.18515625 0.0875
33 0.37265625 0.94140625 0.17890625 0.084375