24 0.69609375 0.89765625 0.06484375 0.09296875
24 0.68046875 0.72109375 0.0625 0.08125
24 0.68671875 0.80390625 0.0640625 0.08671875
18 0.32109375 0.71640625 0.06015625 0.08046875
18 0.3140625 0.8015625 0.06484375 0.08828125
22 0.55546875 0.63671875 0.05625 0.07421875
32 0.41796875 0.13515625 0.046875 0.04921875
30 0.50703125 0.13671875 0.04453125 0.0484375
29 0.55390625 0.18515625 0.0453125 0.05234375
29 0.55703125 0.23984375 0.046875 0.0546875
32 0.415625 0.18671875 0.0453125 0.05234375
24 0.67265625 0.6390625 0.05859375 0.07578125
25 0.7625 0.896875 0.07265625 0.09375
28 0.60078125 0.18671875 0.04765625 0.05390625
25 0.73203125 0.6421875 0.06328125 0.07578125
22 0.56640625 0.89453125 0.0609375 0.08984375
18 0.3265625 0.6375 0.05703125 0.07421875
31 0.46328125 0.0890625 0.04375 0.0453125
19 0.38515625 0.63671875 0.05625 0.07421875
32 0.41796875 0.08984375 0.04375 0.0453125
18 0.30859375 0.89140625 0.0640625 0.09296875
22 0.55703125 0.71796875 0.059375 0.08046875
25 0.7390625 0.72109375 0.06796875 0.08359375
31 0.45859375 0.23984375 0.04609375 0.0546875
32 0.41015625 0.24140625 0.0453125 0.0546875
25 0.75078125 0.80703125 0.06953125 0.08671875
19 0.38203125 0.71796875 0.05859375 0.08046875
28 0.6015625 0.134375 0.046875 0.0515625
27 0.65390625 0.24140625 0.04765625 0.05546875
22 0.5625 0.80546875 0.06015625 0.0859375
29 0.5546875 0.0890625 0.04375 0.04609375
31 0.46171875 0.1375 0.0453125 0.04921875
30 0.50546875 0.1859375 0.04609375 0.05234375
33 0.3671875 0.1875 0.0453125 0.05078125
33 0.3734375 0.09140625 0.0421875 0.0453125
20 0.4390625 0.8921875 0.0609375 0.09140625
23 0.6296875 0.89765625 0.0625 0.090625
21 0.4984375 0.6375 0.05703125 0.07421875
30 0.5078125 0.08828125 0.04296875 0.04609375
19 0.37890625 0.80078125 0.06015625 0.0859375
34 0.31484375 0.2390625 0.04609375 0.053125
17 0.25390625 0.803125 0.0625 0.08671875
34 0.33125 0.08828125 0.04609375 0.04765625
20 0.440625 0.80390625 0.06171875 0.08671875
17 0.27109375 0.63671875 0.0578125 0.07421875
30 0.50546875 0.23984375 0.0453125 0.053125
28 0.60078125 0.0859375 0.04453125 0.04609375
33 0.36484375 0.24140625 0.04453125 0.05390625
27 0.6453125 0.0859375 0.04375 0.04609375
17 0.246875 0.890625 0.0625 0.090625
33 0.371875 0.1375 0.04375 0.0484375
20 0.4421875 0.6390625 0.05703125 0.0734375
17 0.26328125 0.71796875 0.059375 0.08125
31 0.4578125 0.1890625 0.0453125 0.04921875
34 0.32578125 0.1375 0.0453125 0.04921875
28 0.60546875 0.240625 0.046875 0.05625
29 0.5546875 0.13828125 0.0453125 0.04921875
23 0.61875 0.71953125 0.06015625 0.08125
23 0.615625 0.63984375 0.05625 0.07421875
19 0.375 0.89140625 0.0609375 0.0921875
21 0.5 0.8015625 0.059375 0.08515625
41 0.203125 0.4390625 0.04609375 0.059375
23 0.6265625 0.803125 0.06171875 0.0859375
34 0.31796875 0.1875 0.0453125 0.05234375
20 0.43984375 0.715625 0.059375 0.08125
41 0.25625 0.4390625 0.0484375 0.0609375
27 0.64609375 0.1359375 0.04140625 0.04609375
27 0.65 0.1875 0.046875 0.046875
21 0.4984375 0.715625 0.0546875 0.0828125
21 0.50390625 0.89375 0.0640625 0.08984375