24 0.061430320165603534 0.5840765696579328 0.10832156010845859 0.09189302273741298
24 0.236253058163551 0.6074146160841609 0.09578519867214012 0.08513368676785796
24 0.1543127117543472 0.5951321333843664 0.10205337939029935 0.08851335475263547
18 0.3359228226996863 0.2573416788220114 0.09420451795398091 0.08194501977166349
18 0.25562224434265923 0.23171427912602258 0.10206246974937905 0.09007585475263546
22 0.3508927959651067 0.5035481753619704 0.08792724687674199 0.07700285178688589
32 0.870442226683266 0.4792538991273352 0.06127384328594587 0.06029551285158128
30 0.8457235069338871 0.5661782375683482 0.05813066256778683 0.05704317885919252
29 0.786157609393215 0.6014100834237351 0.06283634328594587 0.060359179847775654
29 0.7330962419067724 0.5926372612943445 0.06597043364502539 0.06204901384016441
32 0.8213143802740621 0.46563440950745844 0.06283634328594587 0.060359179847775654
24 0.3174257901113743 0.6173851822820525 0.0879454275949012 0.08012785178688589
25 0.04980806069763378 0.648680239125585 0.09961612139526756 0.09951452174882984
28 0.772617284159446 0.6464825028913874 0.0644079336450254 0.061985346843970036
25 0.2983439920049682 0.6751804362363852 0.08952610831306052 0.08331651878308026
22 0.09887629889197296 0.45758039524736455 0.10360678903121974 0.08701452174882984
18 0.40999158177487266 0.28009874650277783 0.08792724687674199 0.07700285178688589
31 0.9029274737563998 0.5341668922072529 0.05500566256778683 0.05691584486680377
19 0.3955972836684666 0.3377029994685274 0.08792724687674207 0.07700285178688589
32 0.9141240489901687 0.48918997323389224 0.05500566256778683 0.05691584486680377
18 0.16984837080609236 0.20709096391671414 0.10831246974937896 0.09033052273741297
22 0.272100175453602 0.48723210866978717 0.09420451795398091 0.0819450197716634
25 0.22030080523668477 0.6643012860461048 0.10050906010845857 0.09157468775644091
31 0.758650753810629 0.4963060893552342 0.06597043364502539 0.06204901384016459
32 0.7698609645830177 0.4489854203818734 0.06439884328594588 0.060422846843970035
25 0.1344269377502421 0.6568654708367964 0.10208065046753823 0.09320085475263547
19 0.31839443423420066 0.31663576578014974 0.09420451795398091 0.08194501977166349
28 0.8225309257481896 0.6592889090131668 0.06284543364502548 0.061921679847775656
27 0.7059928655415352 0.686688350229649 0.0675329336450254 0.06211268083635879
22 0.18626266940347774 0.47354629346047866 0.09890110831306051 0.08369852076024671
29 0.8789763684684013 0.6234031471501689 0.056568162567786476 0.05697951186299814
31 0.8569155369881163 0.5219825685949875 0.05970225292686635 0.0586693458553869
30 0.7981490701656035 0.5540575809522772 0.0644079336450254 0.061985346843970036
33 0.8333058410464507 0.41828190703600054 0.05970225292686635 0.0586693458553869
33 0.9245302838648584 0.4458073877586287 0.05499657220870731 0.055353344866803766
20 0.13474159690018314 0.33427288783299075 0.10360678903121974 0.08701452174882984
23 0.07899052488786787 0.5193137326997944 0.10361587939029937 0.08857702174882984
21 0.36527345853289334 0.44828767239622086 0.08792724687674199 0.07700285178688589
30 0.8917399888817101 0.5775813111806137 0.05656816256778683 0.05697951186299797
19 0.2388478347999347 0.2956640325860637 0.09890110831306051 0.08369852076024671
34 0.7977365005891752 0.3564649979484716 0.0644079336450254 0.061985346843970036
17 0.2700256328081449 0.17254752616027308 0.10048178903121974 0.08688718775644104
34 0.9388245880213886 0.4053906347928791 0.05814884328594587 0.060168178859192525
20 0.2197569463344491 0.35502178654039646 0.10048178903121974 0.08688718775644108
17 0.4259256539835796 0.22633707654083396 0.08793633723582168 0.07856535178688591
30 0.7466683833973201 0.5420960918266922 0.06283634328594587 0.060359179847775654
28 0.8701189980550925 0.669065815629238 0.05657725292686635 0.05854201186299797
33 0.7818342446372468 0.40475791791041543 0.06282725292686617 0.05879667984777566
27 0.8581502631804028 0.7125120681006959 0.05656816256778683 0.05697951186299814
17 0.18738130445111784 0.1470156269585758 0.10361587939029934 0.08857702174882984
33 0.8808575519170351 0.43430881365207163 0.05813066256778647 0.05704317885919252
20 0.37809616628021975 0.39230958642666564 0.08636474687674198 0.0769391847906915
17 0.34953132562655254 0.20055050935435909 0.09420451795398091 0.08194501977166349
31 0.807796780937992 0.5068005789751109 0.05970225292686635 0.0586693458553869
34 0.8928353771508043 0.38930006118061367 0.05970225292686635 0.058669345855386815
28 0.7195468263139236 0.6392721807619968 0.0675329336450254 0.06211268083635879
29 0.8313973865205782 0.6120637405340977 0.05970225292686635 0.058669345855386724
23 0.25378599180857647 0.5473392791260225 0.09420451795398091 0.0819450197716634
23 0.33180645267916087 0.5621246793163029 0.08792724687674207 0.07700285178688589
19 0.15228816608382806 0.27185380087485245 0.10516928903121973 0.08707818874502422
21 0.20613935304850323 0.41337545600804876 0.09733860831306052 0.08363485376405233
41 0.634605762394836 0.20299378254888265 0.06910452400410509 0.06373884783255326
23 0.17105530504029304 0.5366511299243253 0.09891928903121974 0.08682352076024671
34 0.8468643469983791 0.3700844875683482 0.06283634328594587 0.060359179847775654
20 0.3047859313073344 0.37342693524780207 0.09420451795398091 0.08194501977166349
41 0.6202432805452085 0.2551292855146322 0.0722386143631848 0.06542868182494202
27 0.8097854860530399 0.701985744982722 0.05655907220870695 0.05541701186299797
27 0.7590587782075175 0.6946799223590399 0.05814884328594587 0.060168178859192525
21 0.28961038320092836 0.4310630217116488 0.09418633723582168 0.07882001977166339
21 0.11641377771653824 0.39672380828922627 0.10518746974937895 0.09020318874502423