14 0.6323006522824909 0.41408415632457835 0.13538723370266403 0.14830056699689198
25 0.9397176898584743 0.6970615920137735 0.12056462028305148 0.14971751778268025
14 0.5853227007122805 0.3011089673256143 0.14034751834239997 0.15789389081820956
28 0.36731712760537766 0.7723331881703944 0.13525084138279597 0.14361306699689197
31 0.5905941885715796 0.5627185554149555 0.13382473370266404 0.14822779238978612
40 0.9593763146606186 0.545955010334573 0.08124737067876282 0.14811647642635145
24 0.8630184210206024 0.7283244005336101 0.13713159012915463 0.15462334160399785
34 0.8531276293212372 0.4688402386229512 0.1339611260225319 0.15291529238978616
31 0.6360778363017239 0.6779647198068137 0.13208037727617317 0.14190501778268025
16 0.7574955659142599 0.23891083601791738 0.13717705423577725 0.15618584160399787
38 0.35527984804671353 0.2513849873846062 0.13538723370266395 0.148300566996892
24 0.9076298905375013 0.8404091776219152 0.1337338054894186 0.14510279238978613
38 0.22026233887551347 0.16941789578060834 0.14034751834240006 0.15789389081820956
33 0.8143415771305239 0.6105889369275402 0.13056334138279588 0.14339474317557438
10 0.2740970103583343 0.5448566974760194 0.13846676959604132 0.1468836162111037
28 0.3202709798752333 0.6570142491714305 0.14034751834240006 0.15789389081820956
13 0.4949393931112908 0.3320079028099217 0.1420009465556454 0.16109166542531544
26 0.18114995856333233 0.8362200980141387 0.13534176959604133 0.14673806699689215
10 0.22463891646825584 0.4270848465663966 0.14682483887551348 0.16599748924663302
8 0.08951507336960027 0.6095976319268694 0.13699519780928665 0.14993584160399784
30 0.5473024928073571 0.7104989298982268 0.13364287727617316 0.1419777923897861
34 0.8984521526782023 0.5786176530148094 0.12895537727617318 0.14175946856846872
23 0.818118761149757 0.8744695004097756 0.1336883413827959 0.1435402923897861
23 0.7742658095795467 0.7616398606250232 0.13391566191590928 0.1513527923897861
13 0.544374754948058 0.4489985037195445 0.13534176959604133 0.14673806699689199
9 0.13117607297388886 0.45940073283649224 0.14517141066226807 0.16279971463952717
25 0.9632407637235467 0.808455010334573 0.07351847255290664 0.14186647642635145
29 0.45698738136630135 0.7437416153825341 0.1352508413827959 0.14361306699689197
18 0.3225083959477777 0.9216032880465599 0.14342705423577745 0.1564769400324213
9 0.18217393481065594 0.5764641083532209 0.138512233702664 0.1484461162111037
30 0.5049438450772126 0.5953983147205804 0.14030205423577727 0.15633139081820957
16 0.806013285431159 0.3511775496239873 0.13065426959604132 0.14651974317557448
35 0.03593411764275481 0.3769456437136937 0.05450094655564543 0.15701628742738744
33 0.768948857613625 0.49846777253568203 0.13556909012915472 0.15455056699689199
19 0.4167752214954561 0.8901050390800173 0.1403020542357773 0.15633139081820957
8 0.06039221153283321 0.4935531009096228 0.09659751834240007 0.1558562018192456
26 0.13662941725967867 0.7272603209258335 0.13538723370266398 0.14830056699689198
39 0.26409255839241247 0.2814662855653606 0.13534176959604133 0.14673806699689199
41 0.8447993376218722 0.20942885131939834 0.13396112602253218 0.1529152923897862
3 0.7089096502374268 0.12430037241184755 0.13226223370266404 0.1481550177826803
37 0.1752035546314888 0.3100942456567738 0.14021112602253205 0.15320639081820958
39 0.31053198620994643 0.13461271029630098 0.1371315901291547 0.15462334160399785
29 0.410654287476223 0.6261153136871231 0.14034751834240003 0.15789389081820956
11 0.36432119358614456 0.508489011991712 0.13699519780928665 0.14993584160399784
19 0.46065926530639223 0.9655822663349383 0.13375052586424746 0.06883546733012338
12 0.40618678167023525 0.3653233629013348 0.1419554824490227 0.15952916542531542
11 0.31658472406924554 0.3962586856891951 0.14034751834240006 0.15789389081820956
21 0.59510715848419 0.8250730062007439 0.1386486260225322 0.15313361621110388
27 0.27385428411101065 0.80464907444049 0.14012019780928667 0.15008139081820956
27 0.23002406459411168 0.6926006846557378 0.14186455423577735 0.15640416542531543
12 0.4523607511871342 0.47748091459674596 0.13860316191590943 0.1515711162111039
15 0.7227066919367919 0.38396647084027097 0.13056334138279588 0.14339474317557438
21 0.6381106638944664 0.932693818547078 0.13047241316955044 0.13461236290584394
15 0.6749020262599588 0.26939239453775404 0.13561455423577726 0.156113066996892
37 0.1267540312745238 0.20017128205070395 0.13869409012915473 0.1546961162111037
20 0.5070448688298891 0.8552998535957099 0.14030205423577727 0.15633139081820957
40 0.9358532407955465 0.43548839122798516 0.12829351840890696 0.1578211162111037
18 0.366582656372619 0.9789512535146567 0.13752874373179386 0.042097492970686545
32 0.7272196618494023 0.6463209216260593 0.13208037727617317 0.14190501778268025
20 0.5491989280802313 0.9496875926374552 0.13479620031656908 0.1006248147250897
36 0.08328047908381046 0.34170165653397533 0.13855769780928667 0.1500086162111037
32 0.6817814782258806 0.5326372572342011 0.13391566191590928 0.1513527923897861
36 0.05514345572684546 0.2327247628202816 0.1011940901291547 0.15294952564056316
22 0.683882501978557 0.7925387961093306 0.13717705423577745 0.15618584160399784
17 0.22877276781367462 0.9382855581055519 0.1381485208496825 0.12342888378889612
22 0.727644525335522 0.9022434358940827 0.13203491316955046 0.14034251778268042
0 0.44715745948776914 0.21821507650740474 0.13699519780928676 0.14993584160399784
41 0.8917318250854599 0.3208415403183624 0.13065426959604132 0.1465197431755744
5 0.5374725709288248 0.18497239102309737 0.13694973370266403 0.14837334160399793
2 0.6263161105831259 0.1547819309316842 0.13065426959604132 0.14651974317557442