14 0.4494698920163698 0.35518374675029385 0.12563516508343398 0.10366256249917623
25 0.7920314490046317 0.15978506655307065 0.12851450361804453 0.09902960957707685
14 0.33022524705932393 0.3585660710205928 0.13509205223856363 0.10538870373287823
28 0.730469745023159 0.7425509277550006 0.11946705223856355 0.10511596834337489
31 0.58168592774659 0.45037529017474653 0.12555327792830404 0.10210006249917622
40 0.6590751068519765 0.06536113635914279 0.12719766508343397 0.10368983603812651
24 0.8030718475797223 0.25130041070887205 0.13180327792830432 0.10220915665497757
34 0.5526380783578455 0.16419232832419348 0.13163950361804452 0.09908415665497752
31 0.7018346534363304 0.4493503526739227 0.11930327792830404 0.10199096834337489
16 0.3102425384437537 0.1708887930174156 0.13484639077317437 0.10070120373287823
38 0.22919277080375652 0.5605222629856434 0.1256351650834339 0.10366256249917605
24 0.920835879691898 0.24945331289962266 0.12242827792830405 0.10204551542127549
38 0.11963074230962553 0.6592989078727935 0.13517393939369335 0.10695120373287814
33 0.6790987590451115 0.25381966436232 0.12078389077317446 0.10045574188232517
10 0.49107637437637264 0.7469581895261235 0.12119332654882306 0.10826824188232517
28 0.6095807129109835 0.7443434784863493 0.13509205223856355 0.10538870373287815
13 0.3384681942549334 0.45627686809849355 0.13821705223856356 0.1054432508107789
26 0.7480234944573322 0.9434549086802771 0.12259205223856355 0.10517051542127547
10 0.3671851729968917 0.7510399431795713 0.14150582654882307 0.10862279788867965
8 0.5101516802329809 0.9471081939903503 0.12571705223856355 0.1052250624991764
30 0.71320260063194 0.547115696829724 0.11790455223856355 0.10508869480442443
34 0.668058360470021 0.16230432020651864 0.11913950361804453 0.0988659683433748
23 0.9314635204650724 0.34798627028594886 0.11938516508343397 0.1035534683433749
23 0.8136176011977669 0.34827086809519825 0.12859639077317447 0.1005921095770768
13 0.46161908921197925 0.45296272767557044 0.12259205223856355 0.10517051542127547
9 0.37637314450276066 0.8518893770269471 0.13838082654882305 0.10856825081077881
25 0.9104948439616777 0.15638910551329652 0.12226450361804453 0.09892051542127547
29 0.7230489914051145 0.645635017446575 0.11946705223856355 0.10511596834337489
18 0.8619864179085089 0.8392913344099782 0.13213082654882308 0.10845915665497756
9 0.5002234023046768 0.8470263733734994 0.12275582654882307 0.10829551542127547
30 0.59210885063194 0.5450019975610727 0.13196705223856356 0.10533415665497756
16 0.4294462398232347 0.16672521874711663 0.1253895036180447 0.09897506249917618
35 0.26380894674132427 0.9505142431001412 0.13657266508343388 0.09897151379971766
33 0.561334726932936 0.2556667621715693 0.13328389077317446 0.10067393019392785
19 0.8543200028250751 0.7376879241015526 0.13196705223856356 0.10533415665497756
8 0.38712361600862966 0.9496452412734172 0.1351739393936934 0.10070951745316563
26 0.6334254059227213 0.9461378035674273 0.12563516508343398 0.10366256249917641
39 0.2374766615769309 0.6590143100635443 0.12259205223856365 0.10517051542127547
41 0.3029855591359686 0.07709788270899011 0.13163950361804452 0.09908415665497754
3 0.1894763370642727 0.17502509374876427 0.12547139077317437 0.10053756249917618
37 0.24325302803984578 0.7543404468330193 0.12744332654882315 0.10837733603812652
17 0.963389629126071 0.9351686704481047 0.07322074174785805 0.10207278896022594
39 0.10739965795888629 0.5599574269475169 0.13180327792830412 0.10220915665497757
29 0.6005565157153739 0.6466190446389735 0.13509205223856355 0.10538870373287815
11 0.4772418464480685 0.6468081850618965 0.12571705223856355 0.10522506249917604
19 0.9566272947753319 0.7374442366007289 0.08674541044933619 0.10360801542127547
12 0.3498361414505429 0.5540422122542948 0.13665455223856354 0.10541597727182861
11 0.3588193950685875 0.6509853961016707 0.13509205223856355 0.10538870373287815
21 0.8340097455889859 0.5437606460983755 0.12884205223856354 0.10527960957707698
27 0.7396167729514632 0.8426191116023765 0.12431832654882306 0.10832278896022593
27 0.6225930472617226 0.843698596181101 0.1320489393936933 0.10689665665497756
35 0.14682616462914866 0.9534250089284537 0.1299132293077851 0.09314998214309256
12 0.46834047998515366 0.5514275012145207 0.12727955223856355 0.10525233603812652
15 0.4412269448207603 0.2574729496723932 0.12226450361804471 0.09892051542127547
21 0.9453207629460696 0.5434351379807005 0.10935847410786081 0.10196369480442442
15 0.32041979986371444 0.2608280004037418 0.13476450361804462 0.09913870373287823
37 0.12803746381549455 0.7601347049506942 0.13040455223856365 0.10530688311602728
20 0.8420889184743359 0.6383464431762761 0.13196705223856356 0.10533415665497756
40 0.5405707683173657 0.06797584739891696 0.13492827792830403 0.10226370373287823
18 0.9587956433731366 0.8374715101396791 0.08240871325372687 0.10837733603812652
32 0.6935507626631562 0.35085830559602205 0.11930327792830404 0.10199096834337489
20 0.9513339461775271 0.6404737792144026 0.09733210764494586 0.10517051542127547
36 0.2524000559681499 0.8544086306803951 0.1257989393936934 0.1067875624991764
32 0.5741832869734157 0.351896879866321 0.12859639077317447 0.1005921095770768
36 0.13640324174379864 0.8601892520285949 0.13048643939369337 0.10686938311602709
22 0.8226417983933765 0.4459953019425741 0.13336577792830404 0.10223643019392785
17 0.871174389414378 0.9401407682573539 0.12884205223856354 0.10527960957707698
22 0.938103024083117 0.44488854382489923 0.11617827792830404 0.10193642126547413
0 0.2192644928754524 0.46044044236879245 0.12571705223856364 0.10522506249917604
41 0.4198455105154496 0.0728933981302656 0.12538950361804452 0.09897506249917618
5 0.20785560210227808 0.36189384821299114 0.12415455223856357 0.10519778896022584
2 0.20047579206179833 0.2657591879045656 0.12538950361804463 0.09897506249917623