9 0.25097800569958323 0.1564114426320925 0.16312086189159736 0.16279199602163535
37 0.30126045469406204 0.5799302112905929 0.15832425911805573 0.15804995202099903
40 0.6382422695672915 0.1284740625795949 0.14873105357097244 0.1485658640197264
9 0.3165464946816664 0.25874555462286564 0.16152199430041686 0.16121131468808994
39 0.6330066428580553 0.28630474391314037 0.1486946859797918 0.1470033640197264
39 0.3097847355636108 0.41503191728995653 0.16152199430041686 0.16121131468808994
40 0.47037674344739544 0.4280029899347757 0.15672539152687506 0.15646927068745367
26 0.7802810331506594 0.3009928578930958 0.14393445079743064 0.14382382001909005
26 0.37802101681440914 0.6711995539465478 0.15352765634451399 0.15330790802036276
36 0.5401242393633329 0.5185728985916853 0.15032992116215277 0.15014654535327168
10 0.27483689295496455 0.9098358872931381 0.1759118026210418 0.17543744668999892
41 0.5665140463527777 0.05960916796627428 0.14509690729444458 0.11921833593254856
23 0.21196025893062442 0.6582921159691378 0.15828789152687514 0.15648745202099903
10 0.7720113254193747 0.45495365189373216 0.14233558320625014 0.14224313868554464
35 0.7838814246775346 0.14630535789309582 0.1455333183886111 0.1454045013526355
40 0.6199039647620482 0.44657008191441305 0.1455333183886111 0.1454045013526354
18 0.5241816231033326 0.9686365332590944 0.1574137629177777 0.05181813335454457
13 0.1174277025098605 0.7265614053150917 0.1758754350298613 0.17387494668999892
18 0.533998259880555 0.6811001705920035 0.16148562670923622 0.15964881468808995
15 0.13679856440145785 0.5654420919796374 0.16468336189159735 0.16281017735518083
16 0.5509013512549302 0.3575535825907308 0.15189242116215276 0.1501647266868173
28 0.4839548130702777 0.11308651460059396 0.1550901563445141 0.15332608935390818
8 0.6981575577519441 0.3730229465706862 0.14073671561506948 0.14066245735199914
13 0.07946733482177074 0.2998085486553187 0.15893466964354147 0.16281017735518083
12 0.843923999431319 0.38538549188418714 0.1439344507974308 0.14382382001909005
11 0.2299173572388539 0.3230176873010924 0.16152199430041678 0.16121131468808994
41 0.38512826804868017 0.5000694412794571 0.15672539152687506 0.15646927068745367
11 0.16583863307440955 0.2237903939767738 0.16152199430041678 0.16121131468808994
14 0.6884311867422911 0.6902377185710045 0.1615219943004167 0.16121131468808994
12 0.5300705600330549 0.8498501705920034 0.1615219943004167 0.16121131468808975
12 0.41767715606017364 0.04408471264322835 0.1490206878796528 0.0881694252864567
35 0.45727406535138837 0.5882683279360484 0.15032992116215294 0.15014654535327185
21 0.3654450155801382 0.842393301281048 0.15668902393569456 0.15490677068745376
35 0.6131058380528119 0.6044189445815039 0.15668902393569456 0.15490677068745348
18 0.44166071704315896 0.9235154846037755 0.16112195079743064 0.1440238146880901
35 0.453328181708298 0.7577995779360485 0.16312086189159736 0.16279199602163547
10 0.5585534631465275 0.19657062925686716 0.15189242116215276 0.15016472668681727
20 0.3354270473027082 0.08513533195418392 0.15832425911805564 0.15804995202099903
16 0.7116992597836458 0.06422339528963837 0.14222648043270852 0.12844679057927674
14 0.6094112614960756 0.9309359912476403 0.1528730397032639 0.12518290802036275
20 0.6929219310427079 0.5308536279042316 0.15505378875333342 0.15176358935390813
3 0.9501343657882287 0.5536349578692332 0.07681968597979179 0.14616702267663584
12 0.7668633516361799 0.776801379893414 0.16312086189159736 0.1627919960216353
28 0.9190162248300344 0.31343721920755124 0.14233558320625014 0.14224313868554458
16 0.843572628421666 0.7024911758832326 0.1535276563445141 0.15330790802036276
38 0.39361618132704834 0.33673364727882066 0.15668902393569456 0.15490677068745368
20 0.9131961038203815 0.6306065378740058 0.1472049211621531 0.15011018268618095
15 0.03568031402020821 0.37376421666136384 0.07136062804041642 0.1680965666772723
15 0.07118074971565955 0.47802445532304594 0.1423614994313191 0.16895108935390812
38 0.4041387200803818 0.18665183127786616 0.16152199430041675 0.16121131468808994
9 0.7080261330744095 0.21748147123650446 0.14713218597979177 0.14698518268618094
13 0.22282828980017316 0.4933665499681833 0.16148562670923622 0.15964881468808975
14 0.610232145139166 0.7614411039147312 0.16312086189159736 0.1627919960216353
36 0.8529567733670136 0.23219685721677807 0.1375389804327085 0.13750109468490826
9 0.4780288553389928 0.2670200366009121 0.1550901563445141 0.15332608935390812
22 0.2895384386421521 0.7479898679583201 0.15032992116215294 0.15014654535327185
41 0.9560603235195135 0.39970143586891516 0.07195034802388918 0.13829997867599958
8 0.9153794657119787 0.4696872192075513 0.1439344507974308 0.14382382001909005
38 0.6407880009499305 0.023244406627956328 0.143423998100139 0.046488813255912656
13 0.14761204388423577 0.40286027597868274 0.16471972948277788 0.16437267735518085
1 0.0212528316876387 0.5403159173297274 0.0425056633752774 0.16936816534054522
8 0.7714086473233674 0.6150735392266412 0.1535276563445141 0.15330790802036276
22 0.35639471105923526 0.9627785266152298 0.15933993882958344 0.06746131468809011
4 0.19487859565225624 0.8217279073042741 0.17591180262104178 0.17543744668999892
7 0.6931336044859715 0.8573252212365045 0.16631859707395852 0.16595335868872638
2 0.05998737015663171 0.6359460433243186 0.11997474031326343 0.17185791335136286
14 0.8442480417000343 0.5392462885503235 0.14073671561506948 0.14066245735199914