25 0.8890625 0.50234375 0.1 0.2078125
25 0.58515625 0.5015625 0.1015625 0.2109375
25 0.7875 0.48828125 0.1 0.20546875
25 0.684375 0.48671875 0.10234375 0.209375
17 0.09921875 0.453125 0.109375 0.215625
17 0.40859375 0.47578125 0.103125 0.21796875
17 0.3046875 0.47578125 0.10390625 0.21875
8 0.21640625 0.1390625 0.10390625 0.20234375
17 0.20546875 0.45 0.10390625 0.21953125
34 0.9015625 0.8625 0.10703125 0.21953125
34 0.7984375 0.8640625 0.1046875 0.22109375
34 0.59140625 0.86796875 0.103125 0.22265625
8 0.11640625 0.13671875 0.10546875 0.203125
8 0.31875 0.1375 0.103125 0.20234375
34 0.6953125 0.86015625 0.10625 0.22109375
26 0.09921875 0.83359375 0.0890625 0.19921875
8 0.41796875 0.14609375 0.0921875 0.18359375
16 0.5796875 0.146875 0.0875 0.178125
16 0.67890625 0.1546875 0.08984375 0.18125
16 0.77578125 0.1609375 0.0890625 0.175
16 0.875 0.15234375 0.08515625 0.18359375
26 0.2046875 0.8546875 0.09375 0.18984375
26 0.30859375 0.86171875 0.090625 0.20625
26 0.4140625 0.8484375 0.09453125 0.20390625