4 0.234375 0.24140625 0.15 0.128125
9 0.1328125 0.39609375 0.14375 0.1328125
8 0.1125 0.5546875 0.20625 0.140625
6 0.2953125 0.49140625 0.140625 0.1234375
29 0.38984375 0.33046875 0.1890625 0.1515625
36 0.6046875 0.334375 0.184375 0.15625
19 0.8046875 0.35859375 0.146875 0.1390625
23 0.7203125 0.4875 0.20625 0.15
34 0.2921875 0.6953125 0.165625 0.14375
21 0.41875 0.70390625 0.15625 0.153125
1 0.5875 0.73359375 0.203125 0.1484375
27 0.85234375 0.6921875 0.2234375 0.1625
25 0.4203125 0.4984375 0.140625 0.128125