1 0.3484375 0.05078125 0.10625 0.0984375
8 0.34453125 0.1515625 0.1046875 0.096875
28 0.3453125 0.25859375 0.1125 0.1046875
6 0.34140625 0.36484375 0.109375 0.1046875
16 0.4921875 0.09921875 0.1125 0.115625
19 0.49765625 0.2265625 0.0796875 0.140625
20 0.50703125 0.35078125 0.1078125 0.1078125
31 0.48203125 0.45546875 0.1125 0.1109375
30 0.4875 0.5625 0.10625 0.10625
24 0.37109375 0.65625 0.1296875 0.16875
7 0.43359375 0.7359375 0.1234375 0.16875
21 0.49140625 0.803125 0.1328125 0.178125
10 0.5453125 0.88359375 0.13125 0.1796875
4 0.63046875 0.11953125 0.0859375 0.15
23 0.6234375 0.25390625 0.109375 0.1109375
27 0.64140625 0.38046875 0.0875 0.1515625