19 0.3921875 0.0953125 0.14375 0.178125
23 0.29296875 0.29375 0.1421875 0.20703125
17 0.3421875 0.5 0.12890625 0.13671875
34 0.46640625 0.3609375 0.13125 0.19375
12 0.70859375 0.1140625 0.1328125 0.12578125
8 0.70390625 0.2328125 0.12578125 0.12109375
11 0.6 0.32890625 0.128125 0.13515625
0 0.7140625 0.35078125 0.10859375 0.12265625
24 0.71796875 0.45859375 0.1171875 0.11953125
5 0.61015625 0.45859375 0.10625 0.1671875
18 0.61640625 0.59921875 0.128125 0.13125
14 0.7375 0.565625 0.11640625 0.121875
34 0.43359375 0.6125 0.14296875 0.18671875
15 0.390625 0.7984375 0.1484375 0.2046875
7 0.5828125 0.89765625 0.134375 0.17890625
37 0.640625 0.8203125 0.1296875 0.178125
6 0.6921875 0.73359375 0.1296875 0.18046875