24 0.759375 0.75625 0.134375 0.134375
19 0.6359375 0.76015625 0.140625 0.1265625
5 0.496875 0.7484375 0.165625 0.103125
8 0.37109375 0.7578125 0.1265625 0.128125
34 0.61796875 0.6078125 0.16875 0.090625
1 0.76328125 0.52265625 0.1359375 0.1234375
3 0.76796875 0.3875 0.1453125 0.1375
32 0.6125 0.51484375 0.165625 0.0984375
35 0.46796875 0.5234375 0.1296875 0.11875
30 0.3515625 0.52890625 0.125 0.1234375
8 0.2390625 0.54140625 0.134375 0.1234375
35 0.26640625 0.3765625 0.1390625 0.134375
15 0.63125 0.39765625 0.13125 0.1328125