32 0.49140625 0.85859375 0.1078125 0.0625
36 0.49453125 0.7953125 0.1125 0.065625
13 0.49609375 0.1453125 0.1015625 0.05625
25 0.49609375 0.2 0.1015625 0.05625
30 0.5 0.25703125 0.10625 0.0609375
18 0.503125 0.31640625 0.103125 0.0578125
18 0.50078125 0.3734375 0.1015625 0.059375
5 0.5046875 0.43359375 0.10625 0.059375
0 0.50078125 0.49140625 0.1015625 0.0578125
2 0.49453125 0.55234375 0.1078125 0.0578125
17 0.5 0.6109375 0.10625 0.059375
5 0.4984375 0.6734375 0.103125 0.0625
1 0.496875 0.734375 0.1125 0.0625