20 0.13671875 0.15234375 0.2015625 0.12109375
14 0.1734375 0.24140625 0.20546875 0.11796875
10 0.20078125 0.334375 0.20234375 0.12578125
36 0.23671875 0.43359375 0.2125 0.13984375
27 0.4046875 0.24609375 0.13125 0.146875
2 0.5359375 0.25234375 0.12890625 0.1453125
8 0.6640625 0.25859375 0.13203125 0.14765625
0 0.809375 0.2859375 0.17421875 0.115625
28 0.36953125 0.59765625 0.209375 0.1734375
21 0.49140625 0.54453125 0.19921875 0.16640625
6 0.609375 0.49296875 0.19375 0.16484375
19 0.72109375 0.4453125 0.1921875 0.16484375
37 0.509375 0.83515625 0.209375 0.1921875
26 0.634375 0.78359375 0.2046875 0.1828125
11 0.75859375 0.73359375 0.20859375 0.17734375