5 0.8390625 0.37265625 0.109375 0.1640625
37 0.72421875 0.31484375 0.1234375 0.1375
15 0.81484375 0.503125 0.1265625 0.1125
14 0.8296875 0.63515625 0.096875 0.146875
3 0.4453125 0.42890625 0.09375 0.1609375
28 0.4 0.19765625 0.13125 0.1578125
16 0.46484375 0.59921875 0.1125 0.1734375
22 0.60625 0.39296875 0.121875 0.11875
31 0.62890625 0.58203125 0.1046875 0.1625
7 0.740625 0.66875 0.1125 0.1625
12 0.63203125 0.83125 0.1234375 0.14375
27 0.5484375 0.72265625 0.121875 0.1828125
25 0.496875 0.8390625 0.1375 0.1625
30 0.33515625 0.4796875 0.1234375 0.128125
12 0.29296875 0.7 0.0984375 0.16875
21 0.61328125 0.1640625 0.1265625 0.14375