13 0.478125 0.4984375 0.065625 0.090625
5 0.6125 0.79296875 0.09375 0.08125
14 0.5828125 0.934375 0.090625 0.08125
17 0.603125 0.86484375 0.0875 0.0703125
5 0.33125 0.6625 0.06875 0.090625
36 0.334375 0.584375 0.084375 0.0625
22 0.33203125 0.51796875 0.084375 0.0640625
25 0.33125 0.4515625 0.0875 0.071875
18 0.3234375 0.38515625 0.08125 0.0671875
30 0.3265625 0.3203125 0.0875 0.06875
16 0.328125 0.25234375 0.084375 0.06875
1 0.61953125 0.6515625 0.0890625 0.06875
0 0.62265625 0.58515625 0.0875 0.065625
32 0.62890625 0.52109375 0.0890625 0.0671875
11 0.62578125 0.45390625 0.090625 0.0640625
2 0.62734375 0.38828125 0.0875 0.0625
13 0.61015625 0.18515625 0.0984375 0.0796875
7 0.6125 0.115625 0.0875 0.06875
18 0.61484375 0.04765625 0.096875 0.0734375