16 0.16875 0.26484375 0.1265625 0.13203125
1 0.2875 0.2609375 0.1234375 0.12578125
35 0.40625 0.259375 0.11875 0.11875
25 0.525 0.15078125 0.16328125 0.090625
9 0.51875 0.2515625 0.12109375 0.12421875
12 0.63515625 0.2578125 0.11640625 0.1234375
8 0.7453125 0.2609375 0.11484375 0.12734375
20 0.2453125 0.3828125 0.19375 0.13828125
35 0.41015625 0.38359375 0.17109375 0.13671875
15 0.55 0.3859375 0.171875 0.1375
9 0.39375 0.5140625 0.11953125 0.1203125
31 0.259375 0.60625 0.1328125 0.12578125
33 0.51328125 0.51328125 0.12109375 0.121875
27 0.64375 0.5484375 0.1625 0.09296875
36 0.42578125 0.63203125 0.1203125 0.1203125
5 0.5453125 0.6625 0.11875 0.12265625
21 0.6828125 0.640625 0.15859375 0.0953125
31 0.42734375 0.76875 0.196875 0.14609375
37 0.68203125 0.73125 0.1578125 0.09609375