10 0.1828125 0.41796875 0.140625 0.1703125
7 0.24140625 0.5515625 0.1421875 0.159375
16 0.3265625 0.68359375 0.1375 0.1765625
15 0.32578125 0.36953125 0.1140625 0.1671875
34 0.47421875 0.1578125 0.140625 0.1625
24 0.45703125 0.35625 0.1390625 0.15625
3 0.42578125 0.5328125 0.1125 0.171875
23 0.46484375 0.75234375 0.1109375 0.1828125
5 0.5375 0.4671875 0.1375 0.190625
11 0.69453125 0.30625 0.1453125 0.1375
37 0.6828125 0.43125 0.1375 0.134375
19 0.61875 0.5859375 0.1375 0.190625
32 0.55546875 0.85859375 0.1328125 0.1890625
22 0.60703125 0.7328125 0.1453125 0.1875
2 0.7546875 0.55859375 0.134375 0.1328125