8 0.74375 0.20625 0.1625 0.184375
28 0.59921875 0.125 0.1609375 0.21875
1 0.72265625 0.390625 0.1234375 0.184375
0 0.7203125 0.67734375 0.146875 0.1734375
6 0.634375 0.51953125 0.15625 0.1734375
14 0.59765625 0.6578125 0.1375 0.2
27 0.57734375 0.809375 0.1578125 0.175
18 0.57421875 0.3296875 0.103125 0.184375
15 0.45625 0.3296875 0.134375 0.14375
12 0.48046875 0.49453125 0.140625 0.1421875
34 0.47734375 0.6265625 0.1359375 0.146875
24 0.41328125 0.12265625 0.159375 0.1953125
33 0.32109375 0.25234375 0.1640625 0.190625
32 0.22421875 0.3796875 0.1484375 0.146875
16 0.225 0.5234375 0.15 0.15
13 0.2140625 0.66484375 0.146875 0.1390625
35 0.20546875 0.82734375 0.115625 0.1859375