17 0.26171875 0.1296875 0.16640625 0.17578125
5 0.25546875 0.2875 0.16328125 0.165625
29 0.27109375 0.44453125 0.15234375 0.1484375
12 0.27265625 0.59140625 0.1453125 0.14140625
31 0.54140625 0.12109375 0.203125 0.128125
27 0.54609375 0.2375 0.1984375 0.11796875
23 0.5390625 0.353125 0.1953125 0.10859375
23 0.52421875 0.4609375 0.1890625 0.10546875
24 0.5265625 0.5640625 0.18671875 0.10078125
4 0.82734375 0.1796875 0.20703125 0.11328125
37 0.803125 0.28984375 0.20390625 0.10390625
28 0.80078125 0.39609375 0.203125 0.09765625
18 0.78984375 0.49765625 0.2 0.1015625
20 0.62578125 0.71484375 0.215625 0.16875
35 0.3359375 0.91484375 0.21875 0.1703125
19 0.4390625 0.85 0.2109375 0.175
9 0.534375 0.78203125 0.2125 0.17578125