3 0.20078125 0.67109375 0.1078125 0.0640625
37 0.2078125 0.609375 0.109375 0.059375
36 0.20859375 0.5453125 0.10625 0.059375
29 0.4640625 0.95546875 0.1125 0.0828125
34 0.2078125 0.48515625 0.109375 0.0609375
25 0.20625 0.4265625 0.109375 0.059375
0 0.209375 0.3046875 0.10625 0.059375
29 0.2078125 0.365625 0.109375 0.059375
32 0.44765625 0.053125 0.0828125 0.08125
27 0.43359375 0.13203125 0.1078125 0.0796875
36 0.4265625 0.28359375 0.10625 0.0671875
20 0.42734375 0.346875 0.1015625 0.065625
33 0.42578125 0.41796875 0.103125 0.0625
1 0.425 0.48203125 0.10625 0.0640625
20 0.43125 0.54453125 0.10625 0.0671875
33 0.43984375 0.66796875 0.1125 0.071875
10 0.4421875 0.7359375 0.109375 0.06875
32 0.4515625 0.80390625 0.1125 0.0671875
7 0.7703125 0.42265625 0.1375 0.1015625
17 0.71640625 0.4765625 0.1390625 0.103125
16 0.671875 0.53359375 0.134375 0.1046875