32 0.190625 0.18359375 0.09609375 0.10078125
18 0.26328125 0.20078125 0.103125 0.1078125
5 0.76171875 0.47265625 0.09765625 0.0984375
13 0.69609375 0.44921875 0.0953125 0.1015625
11 0.63125 0.4296875 0.0984375 0.09609375
16 0.56640625 0.4078125 0.09765625 0.10078125
2 0.5015625 0.3859375 0.09453125 0.09921875
17 0.43828125 0.36484375 0.09296875 0.1015625
1 0.13125 0.45 0.1234375 0.10234375
14 0.08125 0.4953125 0.12265625 0.09921875
7 0.24609375 0.67578125 0.071875 0.09375
13 0.66171875 0.68671875 0.0828125 0.09765625
30 0.58984375 0.665625 0.06875 0.090625
5 0.521875 0.6703125 0.07421875 0.0921875
22 0.45234375 0.671875 0.06796875 0.08828125
18 0.3859375 0.675 0.06796875 0.09140625
36 0.3140625 0.675 0.06875 0.0890625
25 0.87890625 0.63515625 0.11328125 0.10703125
0 0.9453125 0.66640625 0.0984375 0.1046875