37 0.04453125 0.690625 0.0890625 0.10625
20 0.08828125 0.65546875 0.0875 0.1109375
21 0.1421875 0.628125 0.084375 0.109375
15 0.196875 0.60546875 0.08125 0.1109375
6 0.25625 0.74453125 0.1 0.0765625
20 0.23828125 0.678125 0.0984375 0.0875
23 0.32421875 0.66328125 0.0890625 0.10625
19 0.26953125 0.590625 0.0984375 0.09375
28 0.43125 0.671875 0.096875 0.08125
24 0.35 0.57109375 0.096875 0.0953125
37 0.43125 0.5828125 0.06875 0.1
9 0.41171875 0.4859375 0.0734375 0.10625
9 0.51015625 0.58203125 0.09375 0.1171875
26 0.48046875 0.46640625 0.0875 0.1203125
4 0.44375 0.3703125 0.1125 0.121875
35 0.56640625 0.43828125 0.1109375 0.1203125
22 0.596875 0.50859375 0.10625 0.1203125
12 0.66015625 0.55 0.1078125 0.11875
14 0.90234375 0.47421875 0.103125 0.1265625
5 0.740625 0.7015625 0.075 0.10625
25 0.81015625 0.70234375 0.0703125 0.1015625
29 0.88125 0.69453125 0.06875 0.1015625
16 0.95703125 0.6890625 0.0859375 0.10625