3 0.778125 0.29296875 0.14375 0.1296875
0 0.65234375 0.3515625 0.159375 0.0875
6 0.51953125 0.34140625 0.1109375 0.115625
30 0.40703125 0.346875 0.1109375 0.1125
1 0.27890625 0.34765625 0.1453125 0.0984375
5 0.1078125 0.41015625 0.19375 0.1359375
26 0.8828125 0.4578125 0.125 0.11875
16 0.7546875 0.45234375 0.121875 0.1203125
28 0.6359375 0.4515625 0.121875 0.121875
13 0.51953125 0.4734375 0.121875 0.121875
25 0.40234375 0.47109375 0.1140625 0.1140625
14 0.28515625 0.48828125 0.1203125 0.1234375
27 0.83828125 0.60703125 0.1453125 0.128125
19 0.66953125 0.60546875 0.1671875 0.1046875
12 0.52578125 0.59609375 0.1234375 0.1265625
34 0.37109375 0.60625 0.1671875 0.1
19 0.6046875 0.715625 0.178125 0.115625