23 0.1609375 0.27890625 0.103125 0.1609375
2 0.27109375 0.1828125 0.1171875 0.128125
23 0.39765625 0.17109375 0.1515625 0.1921875
12 0.26953125 0.3046875 0.1140625 0.115625
6 0.2828125 0.41796875 0.128125 0.121875
9 0.25859375 0.5296875 0.1171875 0.1125
4 0.259375 0.64765625 0.125 0.1171875
16 0.29375 0.76015625 0.125 0.1640625
31 0.4453125 0.32421875 0.146875 0.1484375
15 0.40859375 0.4875 0.1421875 0.184375
27 0.3625 0.57265625 0.134375 0.1828125
26 0.39140625 0.74140625 0.1078125 0.165625
28 0.38046875 0.8671875 0.1359375 0.1375
22 0.609375 0.234375 0.146875 0.146875
25 0.5234375 0.4421875 0.14375 0.20625
18 0.6328125 0.5140625 0.146875 0.140625
19 0.65078125 0.66640625 0.1578125 0.1609375