17 0.0875 0.4484375 0.175 0.14609375
1 0.259375 0.35 0.18828125 0.15
31 0.35859375 0.30078125 0.17890625 0.15078125
26 0.45859375 0.25859375 0.17265625 0.1546875
19 0.67578125 0.3375 0.17734375 0.15
34 0.7734375 0.38671875 0.18203125 0.15078125
27 0.46796875 0.5296875 0.19765625 0.14375
30 0.1890625 0.5203125 0.215625 0.15
10 0.26640625 0.6171875 0.2046875 0.15234375
20 0.4296875 0.8375 0.13203125 0.14765625
17 0.55859375 0.83203125 0.134375 0.14375
12 0.6875 0.82578125 0.1375 0.14140625
15 0.7375 0.6125 0.20078125 0.14921875
28 0.85703125 0.5546875 0.19296875 0.14140625
37 0.8359375 0.703125 0.203125 0.1546875