27 0.3125 0.81015625 0.10625 0.115625
34 0.27265625 0.7546875 0.1078125 0.115625
11 0.17578125 0.459375 0.1078125 0.0875
3 0.16015625 0.39453125 0.1109375 0.0890625
5 0.5171875 0.88046875 0.103125 0.0828125
9 0.50546875 0.8046875 0.1046875 0.09375
26 0.478125 0.625 0.0875 0.06875
22 0.44140625 0.0921875 0.09375 0.078125
8 0.45234375 0.15546875 0.0953125 0.0765625
21 0.459375 0.228125 0.09375 0.0875
4 0.46484375 0.35859375 0.0890625 0.0734375
19 0.47265625 0.42421875 0.0890625 0.0671875
19 0.47421875 0.48828125 0.0859375 0.0640625
3 0.47734375 0.55625 0.0859375 0.06875
0 0.615625 0.31640625 0.109375 0.1046875
33 0.64765625 0.371875 0.1109375 0.103125
35 0.7515625 0.359375 0.115625 0.1
29 0.68828125 0.44609375 0.1046875 0.1046875
17 0.77578125 0.4265625 0.1078125 0.096875
31 0.83046875 0.51875 0.1125 0.10625
20 0.6171875 0.47734375 0.1125 0.10625
7 0.65390625 0.59609375 0.1125 0.1015625
27 0.69609375 0.540625 0.1078125 0.1