16 0.89765625 0.58359375 0.0546875 0.09609375
14 0.84375 0.578125 0.05546875 0.1015625
33 0.7921875 0.58828125 0.05390625 0.10234375
33 0.73671875 0.58671875 0.05703125 0.1015625
0 0.68203125 0.5859375 0.05625 0.10078125
13 0.625 0.58125 0.0578125 0.10078125
7 0.57109375 0.57890625 0.05546875 0.09921875
7 0.65546875 0.2921875 0.05546875 0.10546875
30 0.59765625 0.29375 0.0546875 0.10703125
14 0.54140625 0.2953125 0.05625 0.10390625
29 0.48515625 0.290625 0.059375 0.10546875
18 0.428125 0.28828125 0.0578125 0.10703125
22 0.3703125 0.28359375 0.05625 0.1078125
18 0.51328125 0.5796875 0.05703125 0.1046875
30 0.45859375 0.58046875 0.0546875 0.10546875
32 0.40234375 0.58515625 0.05859375 0.10625
13 0.34375 0.58828125 0.0578125 0.1046875
32 0.28515625 0.58671875 0.0609375 0.1015625
11 0.22578125 0.5859375 0.06015625 0.10703125
10 0.16484375 0.57734375 0.0578125 0.10546875