31 0.1578125 0.6734375 0.128125 0.146875
27 0.16875 0.48671875 0.13125 0.1796875
19 0.26640625 0.69921875 0.0921875 0.1671875
15 0.37578125 0.78828125 0.1328125 0.1453125
11 0.3890625 0.6578125 0.134375 0.146875
37 0.34140625 0.39375 0.1484375 0.16875
19 0.41015625 0.53046875 0.13125 0.1359375
8 0.4109375 0.27421875 0.134375 0.1421875
37 0.525 0.3890625 0.13125 0.140625
34 0.56875 0.25390625 0.134375 0.1453125
33 0.5140625 0.81328125 0.146875 0.1828125
36 0.534375 0.60390625 0.146875 0.1796875
12 0.62109375 0.48203125 0.1515625 0.1984375
5 0.621875 0.8640625 0.13125 0.209375
15 0.69375 0.71796875 0.1375 0.1546875
17 0.7078125 0.5453125 0.159375 0.196875
37 0.76875 0.42265625 0.1625 0.1953125
26 0.7234375 0.2734375 0.153125 0.184375