36 0.3640625 0.26796875 0.1234375 0.12734375
8 0.4921875 0.215625 0.15703125 0.1109375
33 0.63203125 0.26640625 0.11953125 0.1234375
35 0.50390625 0.3234375 0.15234375 0.09375
23 0.28984375 0.40390625 0.12265625 0.11875
20 0.4265625 0.42890625 0.1515625 0.0953125
4 0.5578125 0.4296875 0.11953125 0.12265625
20 0.67578125 0.41953125 0.12109375 0.121875
3 0.77890625 0.390625 0.13515625 0.12421875
9 0.184375 0.59375 0.1296875 0.128125
6 0.340625 0.58046875 0.17109375 0.146875
15 0.52109375 0.55703125 0.17890625 0.11640625
9 0.77109375 0.51015625 0.16015625 0.1328125
13 0.50390625 0.675 0.12890625 0.13046875
21 0.6328125 0.66640625 0.1578125 0.14140625
6 0.75625 0.63984375 0.13671875 0.1265625