24 0.3390625 0.203125 0.128125 0.11875
26 0.46328125 0.20703125 0.1234375 0.1140625
15 0.58515625 0.20703125 0.11875 0.1265625
31 0.7046875 0.20703125 0.11875 0.1296875
35 0.84609375 0.30078125 0.1453125 0.1296875
16 0.23046875 0.35234375 0.1421875 0.1390625
20 0.35859375 0.325 0.1328125 0.13125
14 0.4828125 0.3359375 0.128125 0.140625
22 0.6125 0.35703125 0.121875 0.121875
33 0.73515625 0.3609375 0.121875 0.13125
9 0.4328125 0.47265625 0.128125 0.1296875
17 0.5609375 0.47578125 0.128125 0.128125
27 0.68671875 0.521875 0.134375 0.1375
26 0.83828125 0.49609375 0.1734375 0.0984375
23 0.15 0.64296875 0.15 0.140625
25 0.2953125 0.6421875 0.14375 0.14375
13 0.5859375 0.68671875 0.165625 0.1546875
35 0.86171875 0.63515625 0.2109375 0.1609375