15 0.79296875 0.840625 0.1609375 0.178125
20 0.8140625 0.66484375 0.10625 0.1765625
11 0.815625 0.51015625 0.125 0.1484375
1 0.7046875 0.6921875 0.13125 0.128125
28 0.7015625 0.54765625 0.1125 0.1671875
18 0.70703125 0.40703125 0.1421875 0.1265625
17 0.7171875 0.26171875 0.1125 0.1640625
27 0.5765625 0.43828125 0.153125 0.203125
32 0.53984375 0.634375 0.1609375 0.2125
17 0.53828125 0.8140625 0.1375 0.153125
2 0.3484375 0.81171875 0.146875 0.1609375
34 0.33203125 0.66484375 0.1484375 0.1546875
34 0.3234375 0.50546875 0.146875 0.1421875
12 0.52265625 0.325 0.15625 0.20625
14 0.446875 0.2453125 0.159375 0.2125
26 0.3671875 0.159375 0.165625 0.225