2 0.83984375 0.61484375 0.125 0.0828125
35 0.84375 0.54296875 0.125 0.0796875
32 0.85078125 0.44296875 0.0984375 0.1
22 0.8359375 0.353125 0.1 0.096875
8 0.83828125 0.27109375 0.1203125 0.0796875
33 0.84921875 0.19375 0.1234375 0.08125
30 0.8453125 0.1078125 0.1 0.103125
9 0.5796875 0.96171875 0.109375 0.075
27 0.57578125 0.890625 0.0859375 0.0875
18 0.59609375 0.8171875 0.10625 0.065625
13 0.59921875 0.7515625 0.1109375 0.075
26 0.5890625 0.671875 0.090625 0.09375
11 0.61328125 0.59296875 0.1109375 0.06875
0 0.6125 0.52578125 0.115625 0.0765625
23 0.6109375 0.4546875 0.1125 0.06875
24 0.6109375 0.3828125 0.115625 0.075
6 0.6109375 0.29375 0.09375 0.103125
4 0.365625 0.37109375 0.11875 0.0828125
7 0.3484375 0.2921875 0.11875 0.084375
29 0.33828125 0.209375 0.1171875 0.0875
20 0.34296875 0.0765625 0.10625 0.125