10 0.1828125 0.58203125 0.140625 0.1703125
7 0.24140625 0.4484375 0.1421875 0.159375
16 0.3265625 0.31640625 0.1375 0.1765625
15 0.32578125 0.63046875 0.1140625 0.1671875
34 0.47421875 0.8421875 0.140625 0.1625
24 0.45703125 0.64375 0.1390625 0.15625
3 0.42578125 0.4671875 0.1125 0.171875
23 0.46484375 0.24765625 0.1109375 0.1828125
5 0.5375 0.5328125 0.1375 0.190625
11 0.69453125 0.69375 0.1453125 0.1375
37 0.6828125 0.56875 0.1375 0.134375
19 0.61875 0.4140625 0.1375 0.190625
32 0.55546875 0.14140625 0.1328125 0.1890625
22 0.60703125 0.2671875 0.1453125 0.1875
2 0.7546875 0.44140625 0.134375 0.1328125