28 0.36875 0.18046875 0.17265625 0.09609375
37 0.51640625 0.1984375 0.1359375 0.134375
2 0.64140625 0.1953125 0.125 0.14296875
26 0.4046875 0.290625 0.15390625 0.14765625
16 0.08828125 0.3546875 0.1765625 0.15625
21 0.215625 0.32265625 0.1828125 0.15859375
27 0.16015625 0.484375 0.2234375 0.15234375
9 0.23515625 0.5703125 0.22890625 0.1515625
10 0.30234375 0.659375 0.23046875 0.1625
20 0.37734375 0.75859375 0.2328125 0.17578125
37 0.4140625 0.47890625 0.20625 0.15859375
14 0.52578125 0.42890625 0.20234375 0.159375
32 0.64765625 0.3890625 0.196875 0.1625
17 0.86640625 0.43515625 0.19765625 0.1109375
33 0.5875 0.6296875 0.15546875 0.15390625
27 0.7453125 0.609375 0.1953125 0.16484375