24 0.25 0.8140625 0.171875 0.15625
31 0.3703125 0.8375 0.165625 0.159375
7 0.49140625 0.8609375 0.15625 0.159375
21 0.615625 0.8859375 0.15625 0.159375
31 0.65390625 0.66015625 0.1953125 0.1296875
2 0.24296875 0.5015625 0.1484375 0.13125
12 0.36796875 0.4875 0.1390625 0.128125
6 0.09453125 0.3359375 0.1890625 0.146875
35 0.13359375 0.146875 0.1671875 0.14375
27 0.4828125 0.4734375 0.1375 0.128125
1 0.5953125 0.4578125 0.140625 0.128125
6 0.71484375 0.44921875 0.1390625 0.1265625
27 0.23828125 0.171875 0.1578125 0.13125
34 0.340625 0.2109375 0.15625 0.140625
16 0.44296875 0.2484375 0.1546875 0.146875
20 0.5484375 0.27578125 0.15625 0.14375
4 0.65234375 0.30546875 0.1609375 0.1390625
30 0.81328125 0.37734375 0.1953125 0.134375
10 0.86953125 0.303125 0.175 0.115625
9 0.88984375 0.22421875 0.1921875 0.1140625