2 0.5203125 0.0765625 0.121875 0.128125
8 0.5203125 0.2 0.121875 0.121875
18 0.2953125 0.32265625 0.096875 0.153125
34 0.190625 0.375 0.121875 0.175
20 0.1546875 0.47109375 0.128125 0.1609375
33 0.51875 0.31953125 0.115625 0.1203125
34 0.296875 0.46640625 0.09375 0.1421875
35 0.29453125 0.60234375 0.0921875 0.1421875
6 0.2875 0.7140625 0.1125 0.11875
15 0.29375 0.8140625 0.1125 0.10625
37 0.5171875 0.43515625 0.109375 0.1109375
35 0.51796875 0.54296875 0.1078125 0.1078125
28 0.51796875 0.64609375 0.1109375 0.1109375
30 0.51484375 0.75078125 0.109375 0.1015625
28 0.51953125 0.84921875 0.1046875 0.1078125
14 0.521875 0.94453125 0.103125 0.1015625