33 0.44375 0.11796875 0.159375 0.1859375
9 0.4046875 0.2390625 0.153125 0.178125
9 0.3734375 0.3609375 0.15 0.16875
6 0.3359375 0.490625 0.128125 0.1875
29 0.234375 0.59453125 0.109375 0.1734375
2 0.38125 0.634375 0.1375 0.140625
15 0.40078125 0.75234375 0.134375 0.1421875
27 0.515625 0.74453125 0.1 0.1765625
31 0.5125 0.37421875 0.125 0.2
4 0.5796875 0.171875 0.14375 0.171875
26 0.64296875 0.30546875 0.134375 0.1421875
10 0.5875 0.46796875 0.13125 0.1921875
28 0.5296875 0.5921875 0.14375 0.16875
35 0.63359375 0.66015625 0.1359375 0.1890625