22 0.38828125 0.16328125 0.19765625 0.17421875
20 0.6359375 0.18359375 0.19375 0.17109375
3 0.48359375 0.33828125 0.2 0.13515625
3 0.8359375 0.378125 0.2109375 0.12578125
36 0.234375 0.42109375 0.23671875 0.1734375
4 0.41953125 0.48359375 0.21171875 0.16640625
24 0.62265625 0.44609375 0.21328125 0.165625
26 0.71953125 0.534375 0.20234375 0.16328125
5 0.85234375 0.61484375 0.15390625 0.14140625
21 0.6796875 0.665625 0.228125 0.15078125
12 0.2921875 0.5921875 0.19765625 0.1671875
26 0.10703125 0.665625 0.19765625 0.165625