5 0.890625 0.53828125 0.06875 0.1171875
36 0.075 0.5328125 0.059375 0.109375
1 0.1359375 0.53359375 0.059375 0.1109375
5 0.19609375 0.53671875 0.059375 0.1109375
13 0.2546875 0.534375 0.059375 0.10625
22 0.315625 0.5328125 0.0625 0.109375
25 0.3765625 0.5359375 0.0625 0.109375
14 0.4390625 0.5359375 0.059375 0.1125
7 0.5 0.540625 0.0625 0.1125
11 0.5625 0.54375 0.0625 0.1125
16 0.62734375 0.5421875 0.065625 0.1125
0 0.69296875 0.54453125 0.065625 0.1109375
2 0.75859375 0.5421875 0.0609375 0.115625
18 0.8234375 0.53984375 0.065625 0.1171875