13 0.09296875 0.4546875 0.1421875 0.1875
26 0.1734375 0.56796875 0.15 0.1859375
31 0.2203125 0.68984375 0.153125 0.1890625
9 0.3671875 0.21796875 0.13125 0.13125
29 0.37421875 0.34296875 0.1390625 0.1265625
10 0.38125 0.4640625 0.1375 0.13125
30 0.38515625 0.590625 0.1328125 0.11875
20 0.38671875 0.709375 0.1359375 0.125
28 0.4015625 0.85546875 0.10625 0.1671875
15 0.58984375 0.13984375 0.1390625 0.1546875
14 0.6078125 0.290625 0.109375 0.190625
20 0.63046875 0.4421875 0.1375 0.134375
0 0.6203125 0.57421875 0.134375 0.1265625
6 0.56015625 0.72421875 0.0984375 0.1859375
36 0.659375 0.725 0.1 0.178125
19 0.78125 0.72109375 0.14375 0.1453125
4 0.78359375 0.58984375 0.1453125 0.14375
27 0.78828125 0.44609375 0.1453125 0.1390625
26 0.7890625 0.30546875 0.14375 0.134375