26 0.36875 0.1578125 0.125 0.171875
30 0.20234375 0.40703125 0.1203125 0.1078125
4 0.20546875 0.50234375 0.1125 0.0953125
6 0.21328125 0.59921875 0.1140625 0.0984375
8 0.22578125 0.69765625 0.1125 0.1046875
14 0.46953125 0.18046875 0.0890625 0.1515625
8 0.38359375 0.33046875 0.1078125 0.1203125
34 0.3484375 0.42890625 0.109375 0.1265625
10 0.4765625 0.32578125 0.090625 0.1515625
6 0.45234375 0.44375 0.1078125 0.1125
15 0.44296875 0.56484375 0.0875 0.1359375
37 0.5578125 0.21015625 0.1125 0.1734375
28 0.55 0.384375 0.10625 0.15625
19 0.53046875 0.51875 0.1015625 0.153125
21 0.49765625 0.6953125 0.0890625 0.14375
7 0.64609375 0.2734375 0.1046875 0.165625
32 0.6171875 0.55703125 0.121875 0.1359375
0 0.57578125 0.6796875 0.0890625 0.140625
26 0.575 0.828125 0.125 0.153125
24 0.76015625 0.44921875 0.1359375 0.1671875
20 0.73125 0.58125 0.13125 0.15625