7 0.90625 0.29375 0.084375 0.121875
22 0.83046875 0.30625 0.08671875 0.09296875
32 0.75703125 0.3046875 0.065625 0.11328125
32 0.6859375 0.29375 0.0828125 0.09140625
1 0.615625 0.303125 0.065625 0.1171875
7 0.55234375 0.2984375 0.06328125 0.11796875
0 0.478125 0.2875 0.0859375 0.0890625
29 0.40546875 0.29453125 0.0671875 0.11640625
16 0.34140625 0.2890625 0.06484375 0.115625
18 0.27578125 0.2859375 0.065625 0.115625
13 0.21171875 0.28515625 0.06328125 0.11640625
11 0.37265625 0.40625 0.065625 0.11484375
10 0.5 0.5234375 0.0828125 0.084375
2 0.1015625 0.2984375 0.1171875 0.146875