17 0.9125 0.5515625 0.175 0.146875
1 0.740625 0.65 0.1875 0.15
31 0.64140625 0.69921875 0.1796875 0.1515625
26 0.54140625 0.74140625 0.1734375 0.1546875
19 0.32421875 0.6625 0.1765625 0.15
34 0.2265625 0.61328125 0.18125 0.1515625
27 0.53203125 0.4703125 0.1984375 0.14375
30 0.8109375 0.4796875 0.215625 0.15
10 0.73359375 0.3828125 0.2046875 0.153125
20 0.5703125 0.1625 0.13125 0.146875
17 0.44140625 0.16796875 0.134375 0.14375
12 0.3125 0.17421875 0.1375 0.1421875
15 0.2625 0.3875 0.2 0.15
28 0.14296875 0.4453125 0.1921875 0.140625
37 0.1640625 0.296875 0.203125 0.15625