20 0.15234375 0.86328125 0.1203125 0.2015625
14 0.24140625 0.8265625 0.1171875 0.20625
10 0.334375 0.79921875 0.125 0.2015625
36 0.43359375 0.76328125 0.1390625 0.2125
27 0.24609375 0.5953125 0.146875 0.13125
2 0.25234375 0.4640625 0.1453125 0.128125
8 0.25859375 0.3359375 0.1484375 0.13125
0 0.2859375 0.190625 0.115625 0.175
28 0.59765625 0.63046875 0.1734375 0.209375
21 0.54453125 0.50859375 0.1671875 0.1984375
6 0.49296875 0.390625 0.1640625 0.19375
19 0.4453125 0.27890625 0.165625 0.1921875
37 0.83515625 0.490625 0.1921875 0.209375
26 0.78359375 0.365625 0.1828125 0.20625
11 0.73359375 0.24140625 0.1765625 0.2078125