36 0.5640625 0.778125 0.153125 0.209375
20 0.609375 0.6625 0.146875 0.196875
37 0.728125 0.53359375 0.128125 0.1390625
6 0.37890625 0.865625 0.14375 0.165625
23 0.3609375 0.73359375 0.14375 0.1578125
23 0.3265625 0.6 0.1375 0.14375
11 0.38828125 0.46796875 0.1296875 0.1390625
31 0.39765625 0.3453125 0.1265625 0.13125
0 0.41484375 0.234375 0.1265625 0.140625
31 0.5390625 0.196875 0.125 0.1875
29 0.6078125 0.5046875 0.125 0.128125
25 0.58671875 0.3859375 0.1265625 0.128125
4 0.73359375 0.4171875 0.128125 0.134375
20 0.66328125 0.25078125 0.1234375 0.1734375