4 0.234375 0.24140625 0.1515625 0.128125
9 0.1328125 0.39609375 0.14296875 0.13203125
8 0.1125 0.5546875 0.20546875 0.1421875
6 0.2953125 0.49140625 0.140625 0.12421875
29 0.38984375 0.33046875 0.18828125 0.15234375
36 0.6046875 0.334375 0.18515625 0.15546875
19 0.8046875 0.35859375 0.1484375 0.13984375
23 0.7203125 0.4875 0.20703125 0.15078125
34 0.2921875 0.6953125 0.1640625 0.14453125
21 0.41875 0.70390625 0.15625 0.153125
1 0.5875 0.73359375 0.20234375 0.14765625
27 0.85234375 0.6921875 0.2234375 0.16328125
25 0.4203125 0.4984375 0.13984375 0.12890625