30 0.4640625 0.86875 0.090625 0.096875
16 0.546875 0.86328125 0.08125 0.096875
10 0.62734375 0.86171875 0.084375 0.0984375
29 0.7109375 0.85234375 0.084375 0.096875
7 0.109375 0.6421875 0.11875 0.10625
22 0.92421875 0.659375 0.0984375 0.096875
10 0.8375 0.64140625 0.096875 0.0953125
0 0.7390625 0.6296875 0.11875 0.071875
22 0.6234375 0.6359375 0.1125 0.071875
18 0.521875 0.640625 0.0875 0.09375
1 0.42265625 0.6390625 0.0875 0.1
2 0.31875 0.64609375 0.121875 0.0734375
33 0.21484375 0.65078125 0.0984375 0.0984375
11 0.571875 0.48125 0.1125 0.103125
7 0.68671875 0.36484375 0.1265625 0.109375
33 0.58359375 0.35390625 0.109375 0.1046875
14 0.384375 0.43515625 0.096875 0.0953125
32 0.38359375 0.35 0.1265625 0.071875
13 0.25546875 0.3890625 0.1453125 0.1125
30 0.10625 0.3859375 0.159375 0.096875
18 0.59609375 0.171875 0.1046875 0.109375
32 0.49453125 0.171875 0.1 0.109375