24 0.821875 0.3203125 0.1375 0.134375
34 0.684375 0.3546875 0.15 0.1375
31 0.4640625 0.36796875 0.18125 0.115625
28 0.7140625 0.5890625 0.13125 0.128125
6 0.80625 0.73671875 0.11875 0.134375
1 0.6859375 0.74609375 0.115625 0.1265625
32 0.56796875 0.734375 0.1140625 0.121875
35 0.56328125 0.58828125 0.1296875 0.125
9 0.440625 0.50546875 0.13125 0.1203125
2 0.44296875 0.61953125 0.1234375 0.1171875
21 0.4609375 0.7296875 0.1125 0.1125
17 0.3484375 0.7265625 0.10625 0.10625
19 0.3015625 0.60078125 0.109375 0.1140625
25 0.25078125 0.4859375 0.1359375 0.11875
22 0.17109375 0.60234375 0.14375 0.128125
16 0.24921875 0.7359375 0.1171875 0.115625