24 0.3390625 0.203125 0.1296875 0.1171875
26 0.46328125 0.20703125 0.1234375 0.11484375
15 0.58515625 0.20703125 0.11875 0.12578125
31 0.7046875 0.20703125 0.11875 0.12890625
35 0.84609375 0.30078125 0.1453125 0.13046875
16 0.23046875 0.35234375 0.14296875 0.1390625
20 0.35859375 0.325 0.13203125 0.13125
14 0.4828125 0.3359375 0.12890625 0.140625
22 0.6125 0.35703125 0.12109375 0.121875
33 0.73515625 0.3609375 0.121875 0.13125
9 0.4328125 0.47265625 0.128125 0.12890625
17 0.5609375 0.47578125 0.1265625 0.128125
27 0.68671875 0.521875 0.134375 0.1359375
26 0.83828125 0.49609375 0.17265625 0.09921875
23 0.15 0.64296875 0.1515625 0.140625
25 0.2953125 0.6421875 0.14453125 0.14296875
13 0.5859375 0.68671875 0.16640625 0.15546875
35 0.86171875 0.63515625 0.21015625 0.1609375