27 0.18984375 0.3125 0.115625 0.1078125
34 0.2453125 0.27265625 0.1171875 0.10703125
11 0.540625 0.17578125 0.0859375 0.10703125
3 0.60546875 0.16015625 0.08984375 0.1109375
5 0.11953125 0.5171875 0.08359375 0.1046875
9 0.1953125 0.50546875 0.09296875 0.10390625
26 0.375 0.478125 0.06875 0.08671875
22 0.9078125 0.44140625 0.0765625 0.09375
8 0.84453125 0.45234375 0.07578125 0.09609375
21 0.771875 0.459375 0.0859375 0.09453125
4 0.64140625 0.46484375 0.07265625 0.08984375
19 0.57578125 0.47265625 0.06640625 0.0890625
19 0.51171875 0.47421875 0.0640625 0.0859375
3 0.44375 0.47734375 0.0703125 0.08515625
0 0.68359375 0.615625 0.10390625 0.10859375
33 0.628125 0.64765625 0.10234375 0.11171875
35 0.640625 0.7515625 0.1 0.11484375
29 0.55390625 0.68828125 0.10546875 0.10390625
17 0.5734375 0.77578125 0.0984375 0.10859375
31 0.48125 0.83046875 0.10625 0.1125
20 0.52265625 0.6171875 0.10625 0.11171875
7 0.40390625 0.65390625 0.10078125 0.1125
27 0.459375 0.69609375 0.0984375 0.10703125