11 0.22421875 0.45703125 0.08125 0.084375
22 0.784375 0.45 0.06875 0.0703125
7 0.72421875 0.45 0.0546875 0.096875
1 0.6703125 0.44453125 0.05546875 0.0953125
0 0.61640625 0.44609375 0.0546875 0.0953125
14 0.5640625 0.446875 0.05390625 0.09375
2 0.5109375 0.45078125 0.05234375 0.09453125
11 0.4578125 0.44765625 0.0546875 0.0984375
18 0.403125 0.45078125 0.05703125 0.09765625
10 0.34765625 0.4484375 0.05546875 0.09609375
13 0.29140625 0.44765625 0.05625 0.09765625
18 0.49765625 0.6671875 0.0578125 0.10078125
32 0.5078125 0.76640625 0.05546875 0.1015625
33 0.5640625 0.675 0.0734375 0.07734375
32 0.56640625 0.76328125 0.05625 0.09765625
7 0.64921875 0.73046875 0.0796875 0.0828125