14 0.32578125 0.2421875 0.0828125 0.1125
2 0.40859375 0.2453125 0.0859375 0.109375
13 0.4859375 0.23125 0.08125 0.115625
29 0.5609375 0.2328125 0.084375 0.115625
18 0.63984375 0.22890625 0.0890625 0.1171875
0 0.06328125 0.4734375 0.0734375 0.09375
10 0.13515625 0.4796875 0.0734375 0.09375
1 0.20859375 0.478125 0.0734375 0.09375
16 0.2796875 0.48125 0.071875 0.090625
11 0.35078125 0.4828125 0.075 0.09375
13 0.42578125 0.48984375 0.0734375 0.0953125
30 0.496875 0.49296875 0.06875 0.0890625
7 0.56875 0.49609375 0.075 0.0953125
14 0.64375 0.4953125 0.078125 0.09375
32 0.73125 0.4953125 0.103125 0.071875
10 0.82421875 0.47890625 0.1046875 0.1078125
30 0.92109375 0.47421875 0.0890625 0.0953125
11 0.553125 0.6984375 0.096875 0.075
33 0.31015625 0.7 0.1171875 0.109375
33 0.37890625 0.73984375 0.1109375 0.1046875
18 0.4671875 0.70234375 0.084375 0.0953125