3 0.66328125 0.7515625 0.1234375 0.1375
8 0.57890625 0.81640625 0.0890625 0.1703125
36 0.6140625 0.59140625 0.115625 0.1296875
0 0.47734375 0.8375 0.1171875 0.140625
11 0.67578125 0.35546875 0.1078125 0.115625
4 0.60078125 0.4765625 0.1171875 0.13125
30 0.58203125 0.35078125 0.0984375 0.1640625
36 0.47421875 0.71484375 0.1203125 0.1390625
17 0.51640625 0.56796875 0.0921875 0.16875
5 0.48046875 0.428125 0.1140625 0.115625
24 0.48203125 0.25859375 0.1328125 0.1796875
4 0.43046875 0.58203125 0.0984375 0.1640625
19 0.35625 0.7453125 0.125 0.1421875
1 0.334375 0.59140625 0.096875 0.171875
34 0.3625 0.44609375 0.128125 0.1265625
28 0.3515625 0.27109375 0.128125 0.128125
29 0.34921875 0.15078125 0.1328125 0.1265625