12 0.684375 0.78046875 0.1875 0.1359375
17 0.5328125 0.76328125 0.184375 0.1140625
5 0.82265625 0.65625 0.1390625 0.1375
16 0.696875 0.6421875 0.13125 0.1375
2 0.54609375 0.66484375 0.1671875 0.0953125
24 0.40390625 0.6609375 0.1234375 0.134375
26 0.2828125 0.659375 0.121875 0.125
8 0.90390625 0.49140625 0.159375 0.1421875
1 0.7671875 0.49296875 0.159375 0.1390625
27 0.64609375 0.434375 0.1515625 0.140625
17 0.55703125 0.58046875 0.175 0.1015625
6 0.40703125 0.51953125 0.1921875 0.1515625
12 0.51875 0.41328125 0.153125 0.1390625
35 0.3859375 0.35 0.140625 0.13125
10 0.25625 0.35 0.1375 0.13125
34 0.12734375 0.40234375 0.1984375 0.1078125
19 0.8125 0.3359375 0.21875 0.13125
20 0.6625 0.2703125 0.15625 0.153125
37 0.5234375 0.2734375 0.146875 0.146875