23 0.9515625 0.68515625 0.084375 0.096875
9 0.96171875 0.47890625 0.0765625 0.0953125
17 0.86171875 0.44296875 0.11015625 0.10078125
20 0.7609375 0.46015625 0.0890625 0.1109375
12 0.759375 0.3046875 0.06796875 0.10078125
12 0.68984375 0.29921875 0.07421875 0.10390625
14 0.5828125 0.22265625 0.08046875 0.1140625
24 0.49140625 0.2265625 0.09921875 0.090625
16 0.4078125 0.23046875 0.09140625 0.11953125
15 0.315625 0.24609375 0.09609375 0.0890625
27 0.228125 0.2390625 0.07578125 0.11015625
19 0.15703125 0.23828125 0.07265625 0.11171875
28 0.05703125 0.23359375 0.1140625 0.0953125
36 0.59609375 0.47734375 0.06796875 0.1015625
6 0.5296875 0.47578125 0.06953125 0.1015625
37 0.4609375 0.475 0.06875 0.10703125
2 0.390625 0.47421875 0.0703125 0.10546875
0 0.3203125 0.4703125 0.071875 0.1046875
24 0.23671875 0.46640625 0.09609375 0.08359375
21 0.1 0.4703125 0.1078125 0.084375
4 0.2359375 0.72109375 0.08828125 0.10234375
8 0.153125 0.72265625 0.08515625 0.1078125