4 0.8359375 0.5421875 0.11875 0.184375
1 0.88515625 0.409375 0.1046875 0.171875
9 0.8109375 0.36796875 0.109375 0.1828125
15 0.6421875 0.86171875 0.128125 0.2015625
8 0.6984375 0.70859375 0.14375 0.1734375
19 0.74375 0.53828125 0.115625 0.1765625
21 0.715625 0.3671875 0.121875 0.190625
9 0.62265625 0.24609375 0.1328125 0.1578125
5 0.54609375 0.82109375 0.1453125 0.2078125
36 0.57421875 0.646875 0.13125 0.190625
15 0.61875 0.51484375 0.13125 0.1640625
8 0.59609375 0.36875 0.1390625 0.15625
27 0.4984375 0.225 0.140625 0.20625
20 0.4125 0.1703125 0.15 0.221875
10 0.509375 0.5 0.128125 0.19375
36 0.43125 0.4203125 0.134375 0.2
7 0.246875 0.66875 0.15625 0.159375
31 0.234375 0.53046875 0.15625 0.1578125
29 0.22578125 0.39140625 0.1578125 0.1546875