22 0.31953125 0.1390625 0.1359375 0.15234375
25 0.4515625 0.1390625 0.13828125 0.15078125
11 0.5875 0.1375 0.1359375 0.15078125
31 0.72578125 0.1390625 0.13125 0.153125
35 0.3890625 0.26171875 0.14296875 0.15859375
0 0.55234375 0.31171875 0.1890625 0.1203125
15 0.715625 0.3125 0.1359375 0.14921875
7 0.8515625 0.3109375 0.1390625 0.15078125
35 0.1375 0.57890625 0.2421875 0.1859375
18 0.25625 0.5015625 0.23828125 0.17578125
10 0.3765625 0.434375 0.23125 0.16875
23 0.47890625 0.534375 0.23671875 0.1734375
4 0.35859375 0.6359375 0.24453125 0.18515625
2 0.20390625 0.7171875 0.25546875 0.19453125
6 0.87578125 0.5921875 0.23359375 0.184375
36 0.728125 0.65625 0.24296875 0.18046875
21 0.609375 0.75859375 0.240625 0.20546875