23 0.95546875 0.55234375 0.071875 0.0921875
31 0.88671875 0.553125 0.0734375 0.09375
3 0.80703125 0.56015625 0.0859375 0.0921875
32 0.76015625 0.68359375 0.1171875 0.1046875
11 0.6984375 0.55390625 0.08125 0.0921875
34 0.62890625 0.540625 0.0875 0.1
26 0.55546875 0.54375 0.0796875 0.096875
24 0.48359375 0.53828125 0.0796875 0.0984375
30 0.375 0.5546875 0.1 0.078125
25 0.2828125 0.55234375 0.084375 0.1078125
33 0.1796875 0.53828125 0.084375 0.1015625
9 0.05 0.52734375 0.096875 0.1109375
4 0.66484375 0.78515625 0.103125 0.0921875
1 0.575 0.8234375 0.065625 0.09375
7 0.509375 0.82890625 0.06875 0.0953125
27 0.44453125 0.8234375 0.06875 0.09375
13 0.37734375 0.82109375 0.0703125 0.0953125
25 0.21953125 0.69765625 0.1171875 0.1109375
23 0.73515625 0.26171875 0.1265625 0.1265625
18 0.6140625 0.24609375 0.115625 0.1078125
24 0.52421875 0.27421875 0.1046875 0.1234375
21 0.421875 0.284375 0.125 0.09375
35 0.265625 0.2765625 0.09375 0.109375