17 0.10625 0.32421875 0.1234375 0.11953125
22 0.26484375 0.309375 0.115625 0.11484375
8 0.371875 0.31640625 0.10625 0.11484375
15 0.47890625 0.31875 0.11015625 0.11484375
20 0.5875 0.3625 0.15703125 0.12734375
0 0.76171875 0.3375 0.14765625 0.11953125
3 0.16328125 0.4734375 0.12109375 0.11875
2 0.2765625 0.4703125 0.11640625 0.11953125
3 0.38671875 0.46640625 0.11875 0.1171875
26 0.49453125 0.46796875 0.1125 0.1140625
9 0.63125 0.4796875 0.1671875 0.1109375
19 0.7125 0.41875 0.16796875 0.1203125
35 0.86953125 0.3796875 0.16875 0.12109375
16 0.815625 0.5453125 0.15 0.12109375
11 0.5578125 0.6015625 0.1796875 0.12890625
17 0.1390625 0.62265625 0.14921875 0.121875
34 0.29921875 0.63046875 0.1359375 0.12734375
21 0.3265625 0.73828125 0.16015625 0.0953125
10 0.4921875 0.7234375 0.12421875 0.12734375
4 0.625 0.72421875 0.16171875 0.1
4 0.75078125 0.69765625 0.153125 0.13515625
18 0.86640625 0.68203125 0.1453125 0.13125