20 0.3296875 0.28046875 0.190625 0.14609375
8 0.4984375 0.23515625 0.17734375 0.15
29 0.7453125 0.31015625 0.20390625 0.15703125
0 0.24453125 0.41328125 0.1546875 0.12890625
15 0.3796875 0.48515625 0.1671875 0.1390625
10 0.55625 0.41484375 0.16953125 0.1078125
1 0.51484375 0.5484375 0.14765625 0.13984375
32 0.1421875 0.60546875 0.20234375 0.15625
6 0.77421875 0.4953125 0.16640625 0.14140625
31 0.665625 0.56796875 0.1609375 0.1484375
13 0.3328125 0.71015625 0.1828125 0.11796875
25 0.52890625 0.71640625 0.1453125 0.14765625
8 0.76015625 0.69375 0.2046875 0.12265625