2 0.73046875 0.54296875 0.1015625 0.0703125
5 0.73359375 0.6125 0.1046875 0.06875
18 0.73125 0.684375 0.10625 0.075
13 0.734375 0.75625 0.1 0.075
0 0.728125 0.828125 0.10625 0.075
22 0.50625 0.08984375 0.09375 0.0671875
25 0.5046875 0.1578125 0.096875 0.065625
7 0.50703125 0.225 0.09375 0.06875
16 0.509375 0.29453125 0.09375 0.0703125
30 0.49765625 0.36171875 0.0890625 0.0703125
36 0.49296875 0.43046875 0.0921875 0.0671875
17 0.49140625 0.49921875 0.0921875 0.0703125
5 0.4890625 0.5671875 0.09375 0.06875
1 0.48984375 0.63671875 0.0953125 0.0671875
32 0.48828125 0.709375 0.0953125 0.071875
14 0.478125 0.79375 0.075 0.096875
11 0.484375 0.8921875 0.075 0.1
13 0.3109375 0.37421875 0.075 0.0984375
18 0.23984375 0.37109375 0.0703125 0.09375