13 0.1703125 0.31015625 0.13671875 0.1390625
10 0.30078125 0.2765625 0.128125 0.1109375
37 0.43046875 0.29296875 0.13046875 0.1125
5 0.5578125 0.29375 0.1328125 0.11171875
20 0.68125 0.296875 0.1390625 0.1125
22 0.8015625 0.2796875 0.13515625 0.103125
24 0.29140625 0.3953125 0.15390625 0.12890625
20 0.4265625 0.41171875 0.1546875 0.1234375
19 0.5625 0.4109375 0.1421875 0.128125
23 0.70234375 0.415625 0.14375 0.1328125
3 0.8453125 0.40234375 0.1625 0.15
36 0.36953125 0.52265625 0.21015625 0.125
12 0.5453125 0.5421875 0.15546875 0.15546875