37 0.18203125 0.2625 0.12578125 0.11484375
21 0.0859375 0.39375 0.1515625 0.12421875
15 0.18671875 0.37421875 0.1390625 0.12421875
34 0.28203125 0.3546875 0.13125 0.12265625
6 0.396875 0.3265625 0.11640625 0.1125
28 0.459375 0.44140625 0.1015625 0.10078125
1 0.55234375 0.440625 0.09296875 0.0953125
9 0.6453125 0.434375 0.08984375 0.0953125
34 0.73359375 0.43671875 0.0859375 0.0921875
8 0.90625 0.421875 0.11953125 0.1015625
7 0.33125 0.55078125 0.146875 0.11953125
4 0.5390625 0.61015625 0.159375 0.11484375
23 0.665625 0.56015625 0.134375 0.11640625