31 0.0671875 0.5328125 0.11875 0.1046875
6 0.10234375 0.4734375 0.11953125 0.10234375
15 0.1390625 0.41953125 0.11953125 0.10546875
17 0.178125 0.3640625 0.121875 0.10234375
27 0.33046875 0.28515625 0.06953125 0.090625
37 0.39453125 0.27578125 0.071875 0.0921875
33 0.46015625 0.28203125 0.0640625 0.0921875
23 0.528125 0.28125 0.06796875 0.09375
27 0.59296875 0.27421875 0.06484375 0.09296875
29 0.65859375 0.2703125 0.0609375 0.09140625
6 0.72734375 0.27265625 0.06875 0.09140625
34 0.79140625 0.27421875 0.06875 0.0953125
16 0.2984375 0.471875 0.0734375 0.090625
35 0.36640625 0.4734375 0.06875 0.090625
24 0.43515625 0.471875 0.0671875 0.0875
21 0.50234375 0.47421875 0.06953125 0.0890625
19 0.56953125 0.47578125 0.06796875 0.090625
8 0.634375 0.475 0.065625 0.08359375
19 0.70234375 0.47578125 0.06875 0.08515625
20 0.76953125 0.47734375 0.06796875 0.0875
36 0.8390625 0.4765625 0.06796875 0.090625
12 0.903125 0.47890625 0.0671875 0.0875
24 0.9671875 0.48046875 0.0625 0.08828125
28 0.32734375 0.70546875 0.07265625 0.0953125
14 0.39765625 0.70859375 0.06796875 0.09765625
25 0.46640625 0.7109375 0.0671875 0.1015625
23 0.54296875 0.725 0.09453125 0.078125
20 0.63828125 0.7265625 0.0953125 0.07734375
25 0.7171875 0.72109375 0.071875 0.103125