2 0.61484375 0.16015625 0.0828125 0.125
35 0.54296875 0.15625 0.0796875 0.12578125
32 0.44296875 0.14921875 0.1 0.09921875
22 0.353125 0.1640625 0.09765625 0.10078125
8 0.27109375 0.16171875 0.0796875 0.1203125
33 0.19375 0.15078125 0.08046875 0.1234375
30 0.1078125 0.1546875 0.103125 0.09921875
9 0.96171875 0.4203125 0.075 0.109375
27 0.890625 0.42421875 0.0875 0.0859375
18 0.8171875 0.40390625 0.0671875 0.10625
13 0.7515625 0.40078125 0.07421875 0.11171875
26 0.671875 0.4109375 0.09375 0.08984375
11 0.59296875 0.38671875 0.06875 0.1109375
0 0.52578125 0.3875 0.07578125 0.115625
23 0.4546875 0.3890625 0.06953125 0.11328125
24 0.3828125 0.3890625 0.07421875 0.11640625
6 0.29375 0.3890625 0.10390625 0.09453125
4 0.37109375 0.634375 0.08359375 0.1203125
7 0.2921875 0.6515625 0.08515625 0.11953125
29 0.209375 0.66171875 0.0875 0.1171875
20 0.0765625 0.65703125 0.12421875 0.10625