2 0.0765625 0.5203125 0.12734375 0.1234375
8 0.2 0.5203125 0.121875 0.12265625
18 0.32265625 0.2953125 0.153125 0.0953125
34 0.375 0.190625 0.175 0.12109375
20 0.47109375 0.1546875 0.1609375 0.1265625
33 0.31953125 0.51875 0.11953125 0.11484375
34 0.46640625 0.296875 0.14296875 0.09453125
35 0.60234375 0.29453125 0.14296875 0.09296875
6 0.7140625 0.2875 0.11796875 0.11328125
15 0.8140625 0.29375 0.10703125 0.11328125
37 0.43515625 0.5171875 0.11015625 0.1109375
35 0.54296875 0.51796875 0.10703125 0.1078125
28 0.64609375 0.51796875 0.1109375 0.1109375
30 0.75078125 0.51484375 0.10234375 0.109375
28 0.84921875 0.51953125 0.10859375 0.1046875
14 0.94453125 0.521875 0.10078125 0.103125