16 0.58359375 0.10234375 0.0953125 0.0546875
14 0.578125 0.15625 0.1 0.05625
33 0.58828125 0.2078125 0.1015625 0.053125
33 0.58671875 0.26328125 0.1015625 0.0578125
0 0.5859375 0.31796875 0.1 0.05625
13 0.58125 0.375 0.1 0.05625
7 0.57890625 0.42890625 0.0984375 0.0546875
7 0.2921875 0.34453125 0.10625 0.0546875
30 0.29375 0.40234375 0.10625 0.0546875
14 0.2953125 0.45859375 0.103125 0.05625
29 0.290625 0.51484375 0.10625 0.059375
18 0.28828125 0.571875 0.1078125 0.05625
22 0.28359375 0.6296875 0.1078125 0.05625
18 0.5796875 0.48671875 0.103125 0.0578125
30 0.58046875 0.54140625 0.1046875 0.0546875
32 0.58515625 0.59765625 0.10625 0.0578125
13 0.58828125 0.65625 0.1046875 0.05625
32 0.58671875 0.71484375 0.1015625 0.0609375
11 0.5859375 0.77421875 0.10625 0.0609375
10 0.57734375 0.83515625 0.1046875 0.0578125