23 0.68515625 0.0484375 0.096875 0.084375
9 0.47890625 0.03828125 0.0953125 0.0765625
17 0.44296875 0.13828125 0.1015625 0.1109375
20 0.46015625 0.2390625 0.1109375 0.090625
12 0.3046875 0.240625 0.1 0.06875
12 0.29921875 0.31015625 0.1046875 0.0734375
14 0.22265625 0.4171875 0.1140625 0.08125
24 0.2265625 0.50859375 0.090625 0.0984375
16 0.23046875 0.5921875 0.1203125 0.090625
15 0.24609375 0.684375 0.0890625 0.096875
27 0.2390625 0.771875 0.109375 0.075
19 0.23828125 0.84296875 0.1109375 0.0734375
28 0.23359375 0.94296875 0.0953125 0.1140625
36 0.47734375 0.40390625 0.1015625 0.0671875
6 0.47578125 0.4703125 0.1015625 0.06875
37 0.475 0.5390625 0.10625 0.06875
2 0.47421875 0.609375 0.1046875 0.06875
0 0.4703125 0.6796875 0.103125 0.071875
24 0.46640625 0.76328125 0.0828125 0.0953125
21 0.4703125 0.9 0.084375 0.10625
4 0.72109375 0.7640625 0.1015625 0.0875
8 0.72265625 0.846875 0.1078125 0.084375