31 0.15859375 0.28828125 0.13125 0.121875
3 0.3875 0.23671875 0.16953125 0.12578125
0 0.521875 0.24140625 0.1046875 0.12265625
16 0.64453125 0.26328125 0.1484375 0.08203125
9 0.31015625 0.31796875 0.15 0.1296875
30 0.41640625 0.3578125 0.12578125 0.1125
5 0.521875 0.38671875 0.121875 0.115625
27 0.63828125 0.3578125 0.10859375 0.11953125
37 0.78828125 0.3703125 0.15859375 0.10078125
15 0.27890625 0.46796875 0.14140625 0.12734375
31 0.39296875 0.48828125 0.134375 0.125
28 0.525 0.49765625 0.16328125 0.11015625
35 0.6640625 0.5015625 0.128125 0.128125
7 0.79140625 0.51875 0.13671875 0.1296875
21 0.25078125 0.61640625 0.16171875 0.10078125
11 0.396875 0.62265625 0.115625 0.11953125
22 0.51484375 0.65703125 0.1234375 0.12578125
32 0.6578125 0.659375 0.1640625 0.096875
20 0.796875 0.6953125 0.12578125 0.1328125