15 0.41640625 0.27421875 0.171875 0.11953125
37 0.56484375 0.29296875 0.14453125 0.14765625
35 0.6921875 0.28359375 0.140625 0.14609375
14 0.16796875 0.45234375 0.13671875 0.1328125
29 0.30234375 0.47421875 0.13203125 0.134375
3 0.43359375 0.48359375 0.12890625 0.134375
24 0.56328125 0.48203125 0.128125 0.12890625
3 0.6859375 0.48125 0.1359375 0.13125
32 0.8296875 0.48203125 0.17734375 0.103125
8 0.15 0.6359375 0.140625 0.140625
6 0.2921875 0.63046875 0.13828125 0.1421875
7 0.4296875 0.62734375 0.1359375 0.14296875
27 0.56796875 0.63203125 0.1375 0.13828125
15 0.69921875 0.64453125 0.1421875 0.13828125
26 0.83125 0.634375 0.14140625 0.13515625