16 0.65703125 0.18203125 0.1078125 0.1265625
17 0.540625 0.1703125 0.125 0.128125
9 0.71953125 0.365625 0.1296875 0.13125
4 0.678125 0.51953125 0.121875 0.1390625
1 0.6546875 0.7453125 0.128125 0.171875
11 0.6 0.63671875 0.13125 0.1640625
19 0.59296875 0.30390625 0.1296875 0.1453125
27 0.36640625 0.121875 0.140625 0.14375
34 0.46796875 0.346875 0.1203125 0.184375
23 0.578125 0.4609375 0.140625 0.165625
3 0.496875 0.55234375 0.13125 0.1484375
34 0.3984375 0.50546875 0.125 0.1890625
6 0.50625 0.8125 0.14375 0.196875
35 0.34609375 0.9109375 0.1453125 0.16875
28 0.3890625 0.7359375 0.15 0.196875
6 0.28984375 0.65234375 0.153125 0.1984375
24 0.2953125 0.35390625 0.153125 0.16875
20 0.28125 0.4796875 0.15 0.1625