37 0.95546875 0.309375 0.0890625 0.10625
20 0.91171875 0.34453125 0.0875 0.1109375
21 0.8578125 0.371875 0.08515625 0.10859375
15 0.803125 0.39453125 0.08125 0.11015625
6 0.74375 0.25546875 0.09921875 0.0765625
20 0.76171875 0.321875 0.0984375 0.08671875
23 0.67578125 0.33671875 0.0890625 0.10625
19 0.73046875 0.409375 0.0984375 0.0921875
28 0.56875 0.328125 0.096875 0.08203125
24 0.65 0.42890625 0.09609375 0.09609375
37 0.56875 0.4171875 0.06875 0.10078125
9 0.58828125 0.5140625 0.07265625 0.10625
9 0.48984375 0.41796875 0.09375 0.11640625
26 0.51953125 0.53359375 0.0875 0.12109375
4 0.55625 0.6296875 0.1109375 0.121875
35 0.43359375 0.56171875 0.11015625 0.11953125
22 0.403125 0.49140625 0.10546875 0.1203125
12 0.33984375 0.45 0.10859375 0.11953125
14 0.09765625 0.52578125 0.103125 0.12734375
5 0.259375 0.2984375 0.0765625 0.10546875
25 0.18984375 0.29765625 0.06953125 0.10078125
29 0.11875 0.30546875 0.06953125 0.1015625
16 0.04296875 0.3109375 0.0859375 0.10625