30 0.07421875 0.42109375 0.12890625 0.09296875
0 0.93984375 0.3859375 0.08046875 0.096875
1 0.915625 0.5671875 0.115625 0.096875
25 0.815625 0.57421875 0.08046875 0.09921875
6 0.83828125 0.3875 0.103125 0.11015625
31 0.75078125 0.384375 0.08359375 0.09375
37 0.75859375 0.25234375 0.0796875 0.0953125
24 0.67578125 0.4046875 0.0953125 0.0765625
6 0.69296875 0.240625 0.0765625 0.09609375
34 0.62734375 0.24921875 0.07734375 0.09453125
15 0.55703125 0.27890625 0.0921875 0.07734375
24 0.7265625 0.5546875 0.10390625 0.1109375
23 0.6234375 0.5359375 0.0921875 0.10625
33 0.58359375 0.40078125 0.09296875 0.078125
30 0.5015625 0.38515625 0.07421875 0.09765625
19 0.5640625 0.60078125 0.08359375 0.10625
11 0.4859375 0.58046875 0.0796875 0.1078125
12 0.43203125 0.390625 0.07109375 0.096875
21 0.4625 0.26015625 0.0953125 0.08203125
10 0.37265625 0.24140625 0.1 0.0828125
10 0.2703125 0.23046875 0.1015625 0.08671875
12 0.23046875 0.1671875 0.11328125 0.10234375
23 0.3453125 0.37578125 0.0984375 0.07890625
11 0.21171875 0.40078125 0.12578125 0.1171875
2 0.22109375 0.621875 0.1140625 0.08515625
14 0.4078125 0.59453125 0.078125 0.109375
28 0.32265625 0.5953125 0.0828125 0.1125