24 0.775 0.578125 0.121875 0.165625
1 0.66796875 0.7015625 0.11875 0.1125
3 0.609375 0.5875 0.13125 0.1625
19 0.58203125 0.82265625 0.1265625 0.1796875
33 0.52109375 0.7046875 0.1265625 0.140625
15 0.3984375 0.8359375 0.11875 0.134375
21 0.340625 0.72265625 0.140625 0.1640625
5 0.4734375 0.5890625 0.103125 0.16875
8 0.4703125 0.4359375 0.109375 0.159375
26 0.5875 0.4484375 0.11875 0.128125
4 0.31328125 0.571875 0.128125 0.140625
23 0.39921875 0.31953125 0.1125 0.1734375
7 0.58046875 0.3390625 0.1203125 0.115625
27 0.58125 0.2375 0.11875 0.11875
13 0.5875 0.11953125 0.1 0.1453125
3 0.39140625 0.1859375 0.1203125 0.121875