16 0.73515625 0.16875 0.1328125 0.125
1 0.7390625 0.2875 0.125 0.125
35 0.740625 0.40625 0.11875 0.11875
25 0.84921875 0.525 0.090625 0.1625
9 0.7484375 0.51875 0.125 0.121875
12 0.7421875 0.63515625 0.121875 0.1171875
8 0.7390625 0.7453125 0.128125 0.115625
20 0.6171875 0.2453125 0.1375 0.19375
35 0.61640625 0.41015625 0.1359375 0.1703125
15 0.6140625 0.55 0.1375 0.171875
9 0.4859375 0.39375 0.121875 0.11875
31 0.39375 0.259375 0.125 0.13125
33 0.48671875 0.51328125 0.121875 0.1203125
27 0.4515625 0.64375 0.09375 0.1625
36 0.36796875 0.42578125 0.1203125 0.1203125
5 0.3375 0.5453125 0.121875 0.11875
21 0.359375 0.6828125 0.09375 0.159375
31 0.23125 0.42734375 0.146875 0.196875
37 0.26875 0.68203125 0.096875 0.1578125