8 0.075105 0.220822 0.075630 0.133053
4 0.221989 0.205415 0.072129 0.133987
0 0.592174 0.200864 0.073004 0.130952
31 0.664128 0.207166 0.073354 0.133287
31 0.810487 0.219304 0.071254 0.133287
20 0.221113 0.345121 0.072829 0.134687
16 0.296306 0.339402 0.075105 0.131186
24 0.371061 0.335668 0.073354 0.131186
28 0.443715 0.331816 0.070553 0.129552
8 0.516194 0.331466 0.071254 0.131653
20 0.587885 0.335317 0.070028 0.128618
0 0.732756 0.359010 0.069503 0.131186
28 0.805585 0.353408 0.069503 0.128852
28 0.876488 0.346639 0.068803 0.130252
24 0.148284 0.481326 0.069328 0.128852
12 0.222602 0.476541 0.072304 0.129552
20 0.296218 0.470005 0.072829 0.127218
16 0.370448 0.467087 0.070028 0.128852
12 0.442577 0.464753 0.071779 0.128852
16 0.514006 0.461368 0.068978 0.124883
12 0.586310 0.466270 0.070028 0.128618
16 0.658001 0.471989 0.071254 0.127918
4 0.803659 0.483193 0.067752 0.127918
10 0.148547 0.216620 0.072304 0.133987
14 0.370798 0.201564 0.072829 0.135621
33 0.518207 0.195612 0.071779 0.132586
10 0.736432 0.224556 0.071254 0.131653
26 0.638130 0.774977 0.094888 0.089636
22 0.826506 0.863796 0.093137 0.086601
10 0.639093 0.956116 0.090861 0.087302
29 0.296218 0.204248 0.072829 0.136321
1 0.147496 0.350373 0.072304 0.131653
17 0.948529 0.337535 0.066176 0.128852
25 0.733018 0.488912 0.070028 0.127218
29 0.736957 0.677171 0.092612 0.089636
5 0.825455 0.952731 0.093137 0.086601
21 0.736782 0.772292 0.089811 0.090336
13 0.637955 0.866830 0.093137 0.086601
17 0.732756 0.863095 0.090861 0.086601
6 0.832983 0.677871 0.090336 0.092437
15 0.445116 0.195612 0.073354 0.131186
19 0.953606 0.204715 0.068277 0.132586
11 0.661327 0.340103 0.072304 0.127918
11 0.874562 0.478758 0.066001 0.126517
27 0.945728 0.466970 0.066176 0.125817
27 0.641369 0.681606 0.094363 0.089636
3 0.732493 0.953898 0.091387 0.082866
2 0.881390 0.210668 0.069503 0.132353
2 0.831933 0.770892 0.089286 0.088936
