14 0.371732 0.123687 0.183707 0.094713
14 0.562908 0.192927 0.181839 0.097689
14 0.546802 0.396884 0.187442 0.104692
6 0.531629 0.499300 0.188842 0.106092
23 0.569444 0.092174 0.187908 0.100315
11 0.288749 0.749650 0.192810 0.120448
15 0.376401 0.853904 0.200047 0.118172
19 0.549253 0.728466 0.210084 0.134454
32 0.375817 0.223477 0.186741 0.099965
13 0.587068 0.293155 0.185341 0.102066
5 0.369748 0.322129 0.186741 0.104342
32 0.330065 0.427258 0.180672 0.102066
17 0.331583 0.529849 0.182773 0.103817
9 0.283847 0.641632 0.189542 0.117997
29 0.516807 0.605130 0.186741 0.114321
