22 0.266700 0.167783 0.168320 0.098462
14 0.391700 0.224702 0.147817 0.102183
33 0.563327 0.233507 0.195437 0.076637
6 0.774636 0.479167 0.283399 0.179067
26 0.595403 0.572669 0.278108 0.212302
2 0.376157 0.334325 0.228505 0.112599
19 0.622685 0.110739 0.200397 0.094494
23 0.192791 0.295139 0.233466 0.137897
11 0.433532 0.452133 0.202381 0.165179
28 0.441303 0.137401 0.178902 0.065972
16 0.734788 0.201761 0.170635 0.102927
4 0.254960 0.525794 0.214947 0.188492
20 0.463128 0.740451 0.327712 0.228423
17 0.812335 0.337426 0.213955 0.140129
32 0.599537 0.353299 0.238757 0.156498
