14 0.604575 0.128064 0.182540 0.104167
10 0.848039 0.219713 0.174603 0.118697
6 0.512138 0.261292 0.129785 0.111870
10 0.204599 0.257440 0.148226 0.102766
6 0.191060 0.356443 0.189776 0.101190
22 0.606559 0.459471 0.182773 0.094363
26 0.170635 0.692489 0.226424 0.173494
29 0.375700 0.659751 0.224323 0.150735
5 0.436041 0.481618 0.170401 0.141457
17 0.332516 0.396008 0.178571 0.130252
13 0.477591 0.155812 0.180672 0.106443
9 0.741130 0.172181 0.175537 0.105917
9 0.080415 0.273372 0.143091 0.102766
2 0.343721 0.193540 0.182773 0.102766
24 0.117997 0.459909 0.189776 0.117997
8 0.242180 0.563463 0.217320 0.159139
8 0.552288 0.584034 0.155462 0.148459
31 0.723856 0.663866 0.222222 0.183473
4 0.589869 0.796306 0.240430 0.194153
0 0.748133 0.372461 0.210084 0.137780
31 0.658380 0.263218 0.178571 0.120273
7 0.352358 0.288690 0.189776 0.099790
3 0.512722 0.358981 0.173436 0.089811
