6 0.583217 0.217087 0.083333 0.084384
2 0.666433 0.218575 0.079365 0.084559
22 0.747082 0.223127 0.080065 0.081408
26 0.660364 0.391807 0.081232 0.083683
10 0.824230 0.389443 0.080299 0.080707
5 0.827381 0.224702 0.078198 0.080007
29 0.579132 0.304272 0.081232 0.086835
21 0.661881 0.304972 0.078198 0.088235
17 0.743581 0.306548 0.074930 0.082283
21 0.904412 0.309611 0.073996 0.080707
29 0.971289 0.310749 0.057423 0.078431
13 0.744048 0.392507 0.078198 0.083683
9 0.906046 0.394083 0.079132 0.082283
30 0.972222 0.395221 0.055556 0.082808
28 0.905462 0.226628 0.076097 0.077556
4 0.973273 0.229254 0.053455 0.080007
3 0.824813 0.307335 0.079132 0.082108
27 0.576097 0.389881 0.081232 0.082983
27 0.397526 0.111695 0.115780 0.062325
19 0.161064 0.099877 0.121849 0.066352
11 0.405579 0.175595 0.113679 0.065476
11 0.279295 0.365546 0.118814 0.066176
15 0.146825 0.555497 0.123716 0.065476
17 0.281279 0.106005 0.114846 0.064601
25 0.413749 0.304622 0.113679 0.064776
29 0.149393 0.687150 0.120915 0.065476
28 0.290500 0.172181 0.118814 0.064601
31 0.172152 0.229692 0.119748 0.066877
28 0.292484 0.235382 0.116713 0.064601
4 0.410131 0.238445 0.116713 0.060224
0 0.295518 0.301558 0.116713 0.067752
31 0.159430 0.360207 0.122782 0.067752
16 0.396475 0.369748 0.115546 0.065476
0 0.151961 0.426033 0.117647 0.063901
20 0.273109 0.429447 0.116713 0.064776
12 0.391923 0.432861 0.116713 0.059349
8 0.269141 0.494573 0.118581 0.062325
16 0.385271 0.495623 0.113679 0.061625
28 0.267624 0.557335 0.113679 0.063200
12 0.385854 0.558473 0.114846 0.062325
24 0.265523 0.622812 0.115546 0.063200
16 0.387372 0.623950 0.113679 0.062325
16 0.269608 0.688638 0.115780 0.063901
21 0.386905 0.687850 0.112745 0.062325
4 0.147759 0.752976 0.117647 0.064776
20 0.274160 0.753676 0.114613 0.061625
12 0.392974 0.752976 0.112745 0.063025
24 0.394958 0.819153 0.116713 0.064776
8 0.160014 0.882703 0.115546 0.065476
2 0.163049 0.164566 0.121615 0.064776
10 0.174720 0.295518 0.120682 0.064776
33 0.144841 0.490721 0.119748 0.065476
14 0.147292 0.620098 0.118581 0.060924
10 0.156979 0.816527 0.115546 0.060924
