22 0.100053 0.407563 0.132178 0.185808
22 0.161590 0.610878 0.143557 0.116713
6 0.405550 0.776494 0.110819 0.128618
18 0.752889 0.491830 0.163690 0.176937
33 0.816089 0.580065 0.137780 0.163399
2 0.740721 0.689076 0.146359 0.130252
8 0.216912 0.426354 0.119748 0.186041
16 0.351015 0.496032 0.147409 0.129318
20 0.449580 0.315009 0.127801 0.205649
24 0.599265 0.331583 0.155812 0.166433
16 0.478992 0.502451 0.109594 0.158964
12 0.602066 0.479925 0.149160 0.124183
0 0.648372 0.640640 0.136730 0.156629
24 0.891457 0.649276 0.142857 0.148226
23 0.327556 0.330415 0.128852 0.198646
27 0.772584 0.295752 0.178571 0.234827
27 0.658001 0.790500 0.132178 0.117414
7 0.386380 0.648226 0.100490 0.132586
18 0.283613 0.622899 0.105042 0.140756
25 0.255865 0.752451 0.093662 0.119748
29 0.508929 0.646709 0.144608 0.137021
1 0.534226 0.739963 0.137780 0.132586
