25 0.259921 0.066096 0.146825 0.121776
17 0.714782 0.175099 0.157077 0.100694
29 0.256944 0.315352 0.167328 0.144097
29 0.406746 0.370040 0.150794 0.141865
5 0.722884 0.354539 0.167328 0.137153
1 0.249669 0.859375 0.198413 0.201389
25 0.655754 0.704489 0.233466 0.181300
21 0.739418 0.815972 0.235450 0.195437
31 0.416667 0.085565 0.172619 0.101687
28 0.213459 0.437004 0.225198 0.121032
0 0.229993 0.557912 0.233796 0.128720
0 0.821098 0.476190 0.169312 0.152778
12 0.813327 0.612227 0.203373 0.144097
30 0.255291 0.184028 0.152116 0.132440
26 0.421792 0.167287 0.178902 0.100942
14 0.582837 0.109871 0.149802 0.124008
2 0.849041 0.196429 0.107474 0.115575
33 0.452216 0.499504 0.202712 0.117063
18 0.454200 0.640501 0.161045 0.169891
22 0.255291 0.688120 0.242725 0.133185
15 0.436177 0.256820 0.180556 0.104415
27 0.599372 0.242932 0.168320 0.126240
2 0.594246 0.375868 0.172619 0.142609
7 0.657903 0.511781 0.177579 0.157490
3 0.472388 0.840774 0.261574 0.226190
