28 0.369631 0.154762 0.193978 0.162115
8 0.140756 0.239933 0.150327 0.140931
4 0.398459 0.298144 0.204949 0.161415
28 0.503501 0.433648 0.216153 0.156863
24 0.365079 0.533001 0.204949 0.154587
12 0.394958 0.678046 0.159197 0.161415
24 0.589753 0.737745 0.207983 0.134804
4 0.454365 0.842787 0.213119 0.180322
20 0.104692 0.593575 0.149160 0.155287
27 0.153478 0.743085 0.124883 0.134629
23 0.237162 0.271971 0.152194 0.151436
18 0.504085 0.211397 0.214986 0.162990
26 0.210784 0.492297 0.152194 0.156863
6 0.559407 0.584734 0.234594 0.163515
2 0.861811 0.474002 0.248833 0.199405
1 0.777661 0.657826 0.264939 0.204657
5 0.637955 0.282913 0.239496 0.187325
5 0.315243 0.394783 0.190710 0.156863
9 0.257470 0.654762 0.150327 0.153011
21 0.280229 0.828344 0.126751 0.145483
29 0.679622 0.475490 0.223389 0.187325
21 0.144258 0.385767 0.157330 0.150735
