11 0.538029 0.130084 0.196429 0.113343
27 0.340608 0.576885 0.210979 0.179067
27 0.789683 0.556796 0.238757 0.163690
15 0.769841 0.716766 0.257275 0.176587
22 0.397983 0.166915 0.186839 0.123016
18 0.543651 0.220486 0.207672 0.117063
30 0.594907 0.323785 0.200397 0.142609
14 0.531911 0.606647 0.239749 0.161210
26 0.569444 0.827257 0.240741 0.220982
30 0.211971 0.788566 0.209656 0.208581
31 0.104332 0.652530 0.208003 0.139385
12 0.214451 0.507937 0.202712 0.169643
0 0.330357 0.407242 0.214947 0.130952
31 0.374173 0.297123 0.184854 0.137401
8 0.255787 0.224702 0.206680 0.134921
9 0.158730 0.340154 0.214947 0.138145
17 0.476356 0.454489 0.197421 0.163442
2 0.640708 0.474950 0.211971 0.172123
25 0.407738 0.739707 0.253968 0.194692
