33 0.661415 0.068277 0.131886 0.066877
26 0.798436 0.068277 0.137955 0.068627
33 0.391923 0.217087 0.134921 0.069328
30 0.804972 0.214461 0.137021 0.071429
18 0.668884 0.288340 0.137021 0.074580
18 0.809524 0.287465 0.138189 0.074580
26 0.388889 0.371674 0.134921 0.073880
6 0.392390 0.528011 0.140056 0.073179
18 0.535014 0.848915 0.143324 0.078431
22 0.681606 0.848127 0.140056 0.076856
22 0.826331 0.845413 0.147059 0.077731
2 0.825747 0.682948 0.144024 0.075280
13 0.668417 0.214111 0.137955 0.069328
17 0.391923 0.292892 0.134921 0.070028
5 0.813025 0.364408 0.139122 0.073004
1 0.388305 0.450018 0.137955 0.075455
21 0.819678 0.520396 0.137955 0.077556
25 0.821779 0.600315 0.142157 0.079132
32 0.389356 0.605305 0.140056 0.073704
32 0.394958 0.685224 0.140990 0.077031
25 0.538515 0.764006 0.140056 0.080532
1 0.827381 0.763218 0.143091 0.077556
31 0.528361 0.140144 0.137955 0.072304
31 0.664916 0.140581 0.132820 0.073179
2 0.528945 0.212097 0.134921 0.071604
4 0.668884 0.365896 0.137021 0.073179
12 0.673436 0.443190 0.140056 0.070903
0 0.816176 0.442052 0.137021 0.073179
8 0.677054 0.522672 0.143091 0.077556
20 0.678688 0.604167 0.142157 0.074580
24 0.681606 0.682948 0.140056 0.078431
24 0.683707 0.766282 0.141923 0.079132
8 0.391340 0.768207 0.144024 0.078431
19 0.391340 0.144783 0.136088 0.069328
11 0.529879 0.288603 0.134921 0.072304
23 0.530462 0.365896 0.136088 0.070028
15 0.530462 0.444328 0.136088 0.074580
3 0.532913 0.523459 0.134921 0.074580
3 0.535598 0.600753 0.137955 0.075455
7 0.537582 0.682248 0.140056 0.078431
23 0.389356 0.849615 0.141923 0.075280
