3 0.059611 0.230626 0.074055 0.128852
23 0.131915 0.223506 0.073004 0.124883
3 0.658263 0.201914 0.077381 0.130252
15 0.050595 0.368697 0.071779 0.137021
23 0.126313 0.358193 0.070553 0.137021
11 0.202468 0.352241 0.074055 0.135387
11 0.280112 0.345472 0.074580 0.131186
19 0.098302 0.498599 0.074405 0.143791
23 0.172882 0.490430 0.068803 0.137722
7 0.408351 0.477241 0.075805 0.135621
3 0.718400 0.488912 0.081408 0.137955
15 0.876313 0.500117 0.079657 0.139356
7 0.373862 0.618347 0.077906 0.142390
10 0.207370 0.218954 0.072304 0.127918
2 0.281600 0.211835 0.075105 0.127218
14 0.506653 0.207633 0.075630 0.129552
18 0.886117 0.207983 0.078957 0.130252
22 0.355830 0.340920 0.075805 0.130952
14 0.432598 0.340920 0.074580 0.130952
33 0.507178 0.340570 0.072129 0.130252
33 0.584296 0.337535 0.076155 0.131653
2 0.661677 0.337068 0.075105 0.133987
30 0.739846 0.349556 0.079132 0.133287
10 0.817577 0.350023 0.077381 0.137021
6 0.330970 0.479925 0.076856 0.137722
22 0.639618 0.474206 0.077206 0.137021
33 0.798319 0.488212 0.077381 0.139356
30 0.295431 0.624767 0.076856 0.144491
6 0.454657 0.620331 0.075630 0.141690
10 0.612220 0.615780 0.080182 0.141457
32 0.357230 0.209150 0.071604 0.131186
25 0.431460 0.206232 0.073354 0.129552
32 0.582546 0.205766 0.074055 0.131886
13 0.735907 0.215570 0.077906 0.128618
29 0.811275 0.213702 0.078431 0.130952
25 0.894608 0.361228 0.081232 0.135621
5 0.485207 0.479108 0.076856 0.134687
9 0.561712 0.476774 0.076155 0.134687
9 0.138655 0.634687 0.073880 0.140056
13 0.771183 0.631536 0.082983 0.143091
25 0.851190 0.642507 0.080182 0.142157
16 0.251926 0.485528 0.078081 0.141457
24 0.218312 0.628618 0.076331 0.140056
28 0.531162 0.618464 0.078431 0.140756
8 0.691001 0.640640 0.080882 0.144491
