29 0.363261 0.122768 0.171627 0.071925
13 0.326058 0.179688 0.183862 0.077629
25 0.474372 0.245536 0.143849 0.100694
32 0.559689 0.375372 0.155093 0.120288
32 0.427910 0.514137 0.240741 0.162202
25 0.839286 0.633433 0.259259 0.194444
18 0.519345 0.152158 0.138558 0.084573
10 0.349372 0.281994 0.158399 0.111607
30 0.201720 0.242436 0.191138 0.105407
14 0.681052 0.538566 0.245040 0.176835
10 0.676587 0.719122 0.281085 0.217014
23 0.423280 0.762897 0.287037 0.220734
23 0.251157 0.627232 0.269511 0.177579
15 0.208333 0.471478 0.233466 0.143353
3 0.200562 0.354539 0.215939 0.124752
3 0.372189 0.404142 0.211971 0.146577
15 0.623677 0.238219 0.181878 0.083085
11 0.518849 0.609871 0.261243 0.188988
33 0.687831 0.323537 0.165344 0.113839
33 0.789187 0.438120 0.190146 0.138641
