22 0.336971 0.127356 0.183201 0.113839
14 0.135582 0.456845 0.207672 0.194444
30 0.619048 0.233879 0.253307 0.136409
2 0.200066 0.305184 0.242063 0.106895
11 0.401620 0.232763 0.204696 0.145089
23 0.523644 0.147197 0.206680 0.120784
19 0.857804 0.292535 0.261243 0.151042
4 0.767857 0.404390 0.273810 0.167411
0 0.484292 0.360367 0.243717 0.173611
0 0.602513 0.522197 0.269841 0.217014
31 0.794643 0.583457 0.273810 0.243304
32 0.482639 0.681920 0.344246 0.244792
29 0.344742 0.484251 0.237765 0.201637
