1 0.374183 0.211047 0.192810 0.119573
21 0.611695 0.144083 0.184641 0.140756
25 0.313842 0.459909 0.189776 0.153011
9 0.172152 0.554709 0.194911 0.155287
13 0.479225 0.629289 0.208217 0.143032
0 0.528361 0.255865 0.182773 0.151436
8 0.668884 0.258929 0.183707 0.145308
4 0.693861 0.401698 0.174370 0.147584
20 0.775093 0.520046 0.178571 0.150035
12 0.875467 0.640669 0.188842 0.158438
31 0.446195 0.513568 0.205182 0.155287
26 0.257937 0.314163 0.204015 0.126225
30 0.180789 0.393295 0.201914 0.123424
18 0.404528 0.349615 0.186741 0.153011
18 0.634454 0.545956 0.155462 0.137780
5 0.558940 0.403974 0.166433 0.146183
7 0.291433 0.602241 0.200047 0.163515
11 0.147409 0.711835 0.189776 0.162115
23 0.336134 0.746148 0.193744 0.166667
15 0.539566 0.741947 0.188842 0.165966
3 0.683240 0.661677 0.199813 0.120973
3 0.725724 0.762080 0.197946 0.121148
