0 0.286881 0.085784 0.107376 0.053221
4 0.273693 0.574755 0.115546 0.063375
28 0.273926 0.639006 0.114146 0.063725
13 0.397993 0.085872 0.109244 0.053396
9 0.506769 0.143645 0.109244 0.054097
9 0.504669 0.202644 0.109711 0.056548
25 0.280112 0.322829 0.108777 0.059174
5 0.504902 0.447917 0.111111 0.059349
21 0.390173 0.510767 0.111345 0.061099
29 0.389706 0.574055 0.113212 0.062675
21 0.391340 0.638305 0.113679 0.063725
9 0.505836 0.636555 0.113445 0.064076
5 0.271242 0.705095 0.115780 0.064951
17 0.389122 0.771446 0.117180 0.065651
13 0.507586 0.771096 0.116947 0.067052
21 0.386671 0.839373 0.117414 0.066001
29 0.388422 0.907388 0.117647 0.066877
19 0.510504 0.087272 0.108777 0.055497
15 0.395425 0.143820 0.109711 0.055147
23 0.281279 0.201681 0.110177 0.057073
7 0.279178 0.263305 0.110644 0.059524
7 0.391807 0.264268 0.111811 0.059349
27 0.503268 0.263918 0.109244 0.059349
7 0.394374 0.326068 0.110878 0.060749
3 0.506069 0.386642 0.109711 0.061099
27 0.278595 0.448092 0.113679 0.062500
3 0.388889 0.704394 0.115780 0.065651
27 0.507937 0.906075 0.116246 0.066001
6 0.284547 0.143645 0.107843 0.055497
22 0.393091 0.203519 0.109244 0.055497
26 0.506303 0.325105 0.108310 0.058824
18 0.279178 0.385242 0.111578 0.061099
30 0.393908 0.388568 0.110878 0.061099
10 0.392857 0.449580 0.110644 0.060924
33 0.275910 0.511292 0.115313 0.062150
30 0.504085 0.510417 0.110878 0.060749
30 0.504318 0.572129 0.111345 0.060224
10 0.505369 0.703431 0.115313 0.065826
22 0.271825 0.771534 0.113212 0.064426
26 0.508870 0.838323 0.117180 0.065301
6 0.269374 0.906688 0.118114 0.064776
2 0.268908 0.839198 0.116246 0.065651
