19 0.437169 0.077009 0.211640 0.112351
15 0.411376 0.342386 0.249339 0.116319
7 0.697586 0.186756 0.243056 0.097718
3 0.789021 0.471478 0.235450 0.208333
11 0.295635 0.563368 0.329365 0.193700
7 0.258929 0.778026 0.400794 0.288194
8 0.182044 0.375372 0.217923 0.160466
31 0.560185 0.515997 0.222222 0.204613
28 0.480159 0.202877 0.246032 0.113095
28 0.629299 0.108011 0.222222 0.087550
5 0.808201 0.301835 0.183201 0.143353
9 0.274471 0.204861 0.177910 0.129464
33 0.628968 0.313864 0.183862 0.144097
