17 0.439980 0.230655 0.202877 0.229167
17 0.353795 0.587136 0.159970 0.128638
32 0.645957 0.716270 0.140625 0.103836
9 0.792659 0.728505 0.131944 0.122354
12 0.265129 0.289517 0.205357 0.263558
28 0.417535 0.420139 0.189236 0.200728
28 0.567708 0.383598 0.137897 0.221561
8 0.698165 0.314649 0.130952 0.224537
12 0.701017 0.513558 0.111359 0.179894
20 0.781126 0.630622 0.142609 0.138228
31 0.506944 0.708168 0.138393 0.106151
30 0.847842 0.356151 0.163938 0.175265
18 0.845982 0.498677 0.155754 0.145503
2 0.591642 0.572586 0.104911 0.166997
