22 0.301004 0.222076 0.160364 0.143032
22 0.634454 0.229692 0.197946 0.123249
18 0.809991 0.491859 0.210084 0.154587
6 0.492997 0.535714 0.186741 0.118697
26 0.299020 0.704657 0.188609 0.152311
33 0.128968 0.706145 0.189776 0.132528
1 0.416200 0.332020 0.175537 0.102766
25 0.535481 0.445816 0.192810 0.121674
32 0.662348 0.554709 0.182773 0.152136
25 0.145191 0.489146 0.157330 0.144608
1 0.145892 0.609856 0.192810 0.131828
17 0.398459 0.824580 0.164332 0.143908
24 0.577614 0.335872 0.165500 0.145483
24 0.271125 0.528799 0.175770 0.147584
16 0.562908 0.652136 0.194911 0.130952
8 0.893324 0.648284 0.151261 0.143207
20 0.761905 0.731268 0.174603 0.149160
12 0.647642 0.778536 0.177638 0.149160
24 0.503501 0.770833 0.169468 0.149160
4 0.234594 0.821078 0.196078 0.146008
2 0.325397 0.426821 0.198880 0.132353
23 0.716737 0.362482 0.143091 0.137780
7 0.389939 0.613620 0.206116 0.140756
