21 0.285880 0.182788 0.227183 0.145833
32 0.421131 0.265377 0.272817 0.152778
32 0.729663 0.250620 0.263558 0.152530
21 0.786541 0.706349 0.348214 0.257937
17 0.241237 0.484003 0.305886 0.222470
1 0.185516 0.691716 0.349206 0.278274
6 0.152943 0.323165 0.282077 0.175099
18 0.548776 0.168527 0.236442 0.138641
14 0.800926 0.497520 0.218254 0.213790
14 0.429894 0.626612 0.341931 0.261161
31 0.468750 0.444692 0.307870 0.210813
15 0.608796 0.352183 0.286376 0.180556
7 0.675926 0.125372 0.230159 0.131696
