27 0.05517578125 0.06494140625 0.1103515625 0.1298828125
23 0.22119140625 0.0576171875 0.1103515625 0.115234375
28 0.38818359375 0.04833984375 0.1103515625 0.0966796875
0 0.55517578125 0.0654296875 0.1103515625 0.130859375
13 0.72119140625 0.0634765625 0.1103515625 0.126953125
29 0.88818359375 0.0546875 0.1103515625 0.109375
23 0.05517578125 0.216796875 0.1103515625 0.1015625
22 0.22119140625 0.2177734375 0.1103515625 0.103515625
28 0.38818359375 0.2255859375 0.1103515625 0.119140625
23 0.55517578125 0.2158203125 0.1103515625 0.099609375
31 0.72119140625 0.22119140625 0.1103515625 0.1103515625
23 0.88818359375 0.22705078125 0.1103515625 0.1220703125
18 0.05517578125 0.39404296875 0.1103515625 0.1220703125
16 0.22119140625 0.39404296875 0.1103515625 0.1220703125
31 0.38818359375 0.39404296875 0.1103515625 0.1220703125
14 0.55517578125 0.390625 0.1103515625 0.115234375
30 0.72119140625 0.37744140625 0.1103515625 0.0888671875
32 0.88818359375 0.38330078125 0.1103515625 0.1005859375
27 0.05517578125 0.568359375 0.1103515625 0.13671875
10 0.22119140625 0.55126953125 0.1103515625 0.1025390625
20 0.38818359375 0.5625 0.1103515625 0.125
16 0.55517578125 0.5458984375 0.1103515625 0.091796875
16 0.72119140625 0.55615234375 0.1103515625 0.1123046875
29 0.88818359375 0.55712890625 0.1103515625 0.1142578125
23 0.05517578125 0.7275390625 0.1103515625 0.123046875
19 0.22119140625 0.72119140625 0.1103515625 0.1103515625
33 0.38818359375 0.7158203125 0.1103515625 0.099609375
8 0.55517578125 0.724609375 0.1103515625 0.1171875
6 0.72119140625 0.70947265625 0.1103515625 0.0869140625
30 0.88818359375 0.7119140625 0.1103515625 0.091796875
5 0.05517578125 0.884765625 0.1103515625 0.103515625
4 0.22119140625 0.892578125 0.1103515625 0.119140625
11 0.38818359375 0.8916015625 0.1103515625 0.1171875
7 0.55517578125 0.87548828125 0.1103515625 0.0849609375
14 0.72119140625 0.8916015625 0.1103515625 0.1171875
25 0.88818359375 0.88671875 0.1103515625 0.107421875
