30 0.0830078125 0.09375 0.166015625 0.1875
5 0.3330078125 0.072265625 0.166015625 0.14453125
28 0.5830078125 0.08203125 0.166015625 0.1640625
28 0.8330078125 0.07177734375 0.166015625 0.1435546875
14 0.0830078125 0.333984375 0.166015625 0.16796875
6 0.3330078125 0.3359375 0.166015625 0.171875
23 0.5830078125 0.33740234375 0.166015625 0.1748046875
12 0.8330078125 0.3486328125 0.166015625 0.197265625
25 0.0830078125 0.564453125 0.166015625 0.12890625
25 0.3330078125 0.57666015625 0.166015625 0.1533203125
16 0.5830078125 0.58740234375 0.166015625 0.1748046875
8 0.8330078125 0.59912109375 0.166015625 0.1982421875
22 0.0830078125 0.83837890625 0.166015625 0.1767578125
17 0.3330078125 0.8330078125 0.166015625 0.166015625
8 0.5830078125 0.8330078125 0.166015625 0.166015625
14 0.8330078125 0.81787109375 0.166015625 0.1357421875
