33 0.06640625 0.05126953125 0.1328125 0.1025390625
0 0.265625 0.064453125 0.1328125 0.12890625
25 0.4658203125 0.07275390625 0.1328125 0.1455078125
22 0.666015625 0.08203125 0.1328125 0.1640625
15 0.8662109375 0.07080078125 0.1328125 0.1416015625
5 0.06640625 0.25439453125 0.1328125 0.1103515625
15 0.265625 0.2783203125 0.1328125 0.158203125
9 0.4658203125 0.27734375 0.1328125 0.15625
24 0.666015625 0.26025390625 0.1328125 0.1220703125
33 0.8662109375 0.2626953125 0.1328125 0.126953125
33 0.06640625 0.4521484375 0.1328125 0.10546875
28 0.265625 0.46337890625 0.1328125 0.1279296875
22 0.4658203125 0.474609375 0.1328125 0.150390625
4 0.666015625 0.4619140625 0.1328125 0.125
1 0.8662109375 0.4560546875 0.1328125 0.11328125
11 0.06640625 0.66357421875 0.1328125 0.1279296875
11 0.265625 0.66650390625 0.1328125 0.1337890625
9 0.4658203125 0.6591796875 0.1328125 0.119140625
12 0.666015625 0.66748046875 0.1328125 0.1357421875
16 0.8662109375 0.66455078125 0.1328125 0.1298828125
3 0.06640625 0.8837890625 0.1328125 0.16796875
10 0.265625 0.88232421875 0.1328125 0.1650390625
31 0.4658203125 0.8544921875 0.1328125 0.109375
22 0.666015625 0.87939453125 0.1328125 0.1591796875
23 0.8662109375 0.88037109375 0.1328125 0.1611328125
