15 0.04150390625 0.033203125 0.0830078125 0.06640625
23 0.16650390625 0.03466796875 0.0830078125 0.0693359375
8 0.29150390625 0.0341796875 0.0830078125 0.068359375
20 0.41650390625 0.044921875 0.0830078125 0.08984375
13 0.54150390625 0.03857421875 0.0830078125 0.0771484375
23 0.66650390625 0.05078125 0.0830078125 0.1015625
30 0.79150390625 0.0419921875 0.0830078125 0.083984375
8 0.91650390625 0.05029296875 0.0830078125 0.1005859375
31 0.04150390625 0.17578125 0.0830078125 0.1015625
26 0.16650390625 0.17041015625 0.0830078125 0.0908203125
19 0.29150390625 0.16162109375 0.0830078125 0.0732421875
21 0.41650390625 0.17529296875 0.0830078125 0.1005859375
9 0.54150390625 0.15673828125 0.0830078125 0.0634765625
30 0.66650390625 0.162109375 0.0830078125 0.07421875
16 0.79150390625 0.17822265625 0.0830078125 0.1064453125
29 0.91650390625 0.17236328125 0.0830078125 0.0947265625
21 0.04150390625 0.29736328125 0.0830078125 0.0947265625
20 0.16650390625 0.287109375 0.0830078125 0.07421875
33 0.29150390625 0.29345703125 0.0830078125 0.0869140625
8 0.41650390625 0.30029296875 0.0830078125 0.1005859375
12 0.54150390625 0.2939453125 0.0830078125 0.087890625
10 0.66650390625 0.291015625 0.0830078125 0.08203125
15 0.79150390625 0.2880859375 0.0830078125 0.076171875
11 0.91650390625 0.29345703125 0.0830078125 0.0869140625
11 0.04150390625 0.41162109375 0.0830078125 0.0732421875
33 0.16650390625 0.42529296875 0.0830078125 0.1005859375
17 0.29150390625 0.408203125 0.0830078125 0.06640625
6 0.41650390625 0.40771484375 0.0830078125 0.0654296875
16 0.54150390625 0.419921875 0.0830078125 0.08984375
27 0.66650390625 0.42578125 0.0830078125 0.1015625
19 0.79150390625 0.4130859375 0.0830078125 0.076171875
25 0.91650390625 0.41064453125 0.0830078125 0.0712890625
20 0.04150390625 0.53564453125 0.0830078125 0.0712890625
33 0.16650390625 0.544921875 0.0830078125 0.08984375
21 0.29150390625 0.5390625 0.0830078125 0.078125
25 0.41650390625 0.53173828125 0.0830078125 0.0634765625
3 0.54150390625 0.53857421875 0.0830078125 0.0771484375
26 0.66650390625 0.54443359375 0.0830078125 0.0888671875
5 0.79150390625 0.54345703125 0.0830078125 0.0869140625
32 0.91650390625 0.544921875 0.0830078125 0.08984375
14 0.04150390625 0.66064453125 0.0830078125 0.0712890625
8 0.16650390625 0.66455078125 0.0830078125 0.0791015625
9 0.29150390625 0.6728515625 0.0830078125 0.095703125
29 0.41650390625 0.65673828125 0.0830078125 0.0634765625
19 0.54150390625 0.67724609375 0.0830078125 0.1044921875
7 0.66650390625 0.66357421875 0.0830078125 0.0771484375
25 0.79150390625 0.66259765625 0.0830078125 0.0751953125
3 0.91650390625 0.66552734375 0.0830078125 0.0810546875
29 0.04150390625 0.78271484375 0.0830078125 0.0654296875
33 0.16650390625 0.7880859375 0.0830078125 0.076171875
30 0.29150390625 0.7841796875 0.0830078125 0.068359375
32 0.41650390625 0.79736328125 0.0830078125 0.0947265625
9 0.54150390625 0.79345703125 0.0830078125 0.0869140625
31 0.66650390625 0.79052734375 0.0830078125 0.0810546875
27 0.79150390625 0.79248046875 0.0830078125 0.0849609375
24 0.91650390625 0.79541015625 0.0830078125 0.0908203125
1 0.04150390625 0.90869140625 0.0830078125 0.0673828125
14 0.16650390625 0.9111328125 0.0830078125 0.072265625
15 0.29150390625 0.9140625 0.0830078125 0.078125
23 0.41650390625 0.9267578125 0.0830078125 0.103515625
22 0.54150390625 0.92431640625 0.0830078125 0.0986328125
2 0.66650390625 0.91064453125 0.0830078125 0.0712890625
14 0.79150390625 0.9091796875 0.0830078125 0.068359375
28 0.91650390625 0.9140625 0.0830078125 0.078125
