8 0.0830078125 0.10205078125 0.166015625 0.2041015625
3 0.3330078125 0.08544921875 0.166015625 0.1708984375
10 0.5830078125 0.103515625 0.166015625 0.20703125
19 0.8330078125 0.0693359375 0.166015625 0.138671875
27 0.0830078125 0.32373046875 0.166015625 0.1474609375
13 0.3330078125 0.349609375 0.166015625 0.19921875
12 0.5830078125 0.3173828125 0.166015625 0.134765625
7 0.8330078125 0.3359375 0.166015625 0.171875
23 0.0830078125 0.591796875 0.166015625 0.18359375
26 0.3330078125 0.58837890625 0.166015625 0.1767578125
0 0.5830078125 0.58447265625 0.166015625 0.1689453125
8 0.8330078125 0.57763671875 0.166015625 0.1552734375
31 0.0830078125 0.82275390625 0.166015625 0.1455078125
4 0.3330078125 0.82861328125 0.166015625 0.1572265625
18 0.5830078125 0.841796875 0.166015625 0.18359375
22 0.8330078125 0.8408203125 0.166015625 0.181640625
