22 0.05517578125 0.05078125 0.1103515625 0.1015625
19 0.22119140625 0.04541015625 0.1103515625 0.0908203125
1 0.38818359375 0.0595703125 0.1103515625 0.119140625
21 0.55517578125 0.0546875 0.1103515625 0.109375
19 0.72119140625 0.0478515625 0.1103515625 0.095703125
31 0.88818359375 0.0517578125 0.1103515625 0.103515625
29 0.05517578125 0.22509765625 0.1103515625 0.1181640625
1 0.22119140625 0.22021484375 0.1103515625 0.1083984375
5 0.38818359375 0.23193359375 0.1103515625 0.1318359375
3 0.55517578125 0.21484375 0.1103515625 0.09765625
28 0.72119140625 0.23828125 0.1103515625 0.14453125
4 0.88818359375 0.21630859375 0.1103515625 0.1005859375
28 0.05517578125 0.38037109375 0.1103515625 0.0947265625
4 0.22119140625 0.39208984375 0.1103515625 0.1181640625
26 0.38818359375 0.37890625 0.1103515625 0.091796875
24 0.55517578125 0.38720703125 0.1103515625 0.1083984375
2 0.72119140625 0.39990234375 0.1103515625 0.1337890625
27 0.88818359375 0.392578125 0.1103515625 0.119140625
28 0.05517578125 0.55078125 0.1103515625 0.1015625
1 0.22119140625 0.5419921875 0.1103515625 0.083984375
24 0.38818359375 0.5654296875 0.1103515625 0.130859375
11 0.55517578125 0.55810546875 0.1103515625 0.1162109375
24 0.72119140625 0.5478515625 0.1103515625 0.095703125
28 0.88818359375 0.55078125 0.1103515625 0.1015625
8 0.05517578125 0.734375 0.1103515625 0.13671875
8 0.22119140625 0.712890625 0.1103515625 0.09375
10 0.38818359375 0.7314453125 0.1103515625 0.130859375
24 0.55517578125 0.7138671875 0.1103515625 0.095703125
16 0.72119140625 0.72705078125 0.1103515625 0.1220703125
24 0.88818359375 0.72705078125 0.1103515625 0.1220703125
25 0.05517578125 0.8837890625 0.1103515625 0.1015625
1 0.22119140625 0.89990234375 0.1103515625 0.1337890625
32 0.38818359375 0.89453125 0.1103515625 0.123046875
8 0.55517578125 0.87939453125 0.1103515625 0.0927734375
27 0.72119140625 0.88916015625 0.1103515625 0.1123046875
14 0.88818359375 0.8759765625 0.1103515625 0.0859375
