14 0.06640625 0.0537109375 0.1328125 0.107421875
19 0.265625 0.076171875 0.1328125 0.15234375
28 0.4658203125 0.06884765625 0.1328125 0.1376953125
21 0.666015625 0.07958984375 0.1328125 0.1591796875
4 0.8662109375 0.0703125 0.1328125 0.140625
19 0.06640625 0.26611328125 0.1328125 0.1337890625
1 0.265625 0.2568359375 0.1328125 0.115234375
15 0.4658203125 0.25830078125 0.1328125 0.1181640625
31 0.666015625 0.2783203125 0.1328125 0.158203125
23 0.8662109375 0.26025390625 0.1328125 0.1220703125
5 0.06640625 0.46728515625 0.1328125 0.1357421875
24 0.265625 0.4677734375 0.1328125 0.13671875
18 0.4658203125 0.47509765625 0.1328125 0.1513671875
26 0.666015625 0.47900390625 0.1328125 0.1591796875
15 0.8662109375 0.46435546875 0.1328125 0.1298828125
11 0.06640625 0.6806640625 0.1328125 0.162109375
0 0.265625 0.662109375 0.1328125 0.125
18 0.4658203125 0.650390625 0.1328125 0.1015625
29 0.666015625 0.67919921875 0.1328125 0.1591796875
16 0.8662109375 0.6748046875 0.1328125 0.150390625
11 0.06640625 0.86181640625 0.1328125 0.1240234375
11 0.265625 0.86669921875 0.1328125 0.1337890625
18 0.4658203125 0.87939453125 0.1328125 0.1591796875
31 0.666015625 0.86181640625 0.1328125 0.1240234375
31 0.8662109375 0.8544921875 0.1328125 0.109375
