10 0.0830078125 0.068359375 0.166015625 0.13671875
17 0.3330078125 0.095703125 0.166015625 0.19140625
1 0.5830078125 0.06591796875 0.166015625 0.1318359375
32 0.8330078125 0.0927734375 0.166015625 0.185546875
22 0.0830078125 0.36083984375 0.166015625 0.2216796875
18 0.3330078125 0.31640625 0.166015625 0.1328125
3 0.5830078125 0.35986328125 0.166015625 0.2197265625
12 0.8330078125 0.32470703125 0.166015625 0.1494140625
25 0.0830078125 0.57861328125 0.166015625 0.1572265625
31 0.3330078125 0.58984375 0.166015625 0.1796875
2 0.5830078125 0.5859375 0.166015625 0.171875
17 0.8330078125 0.5986328125 0.166015625 0.197265625
7 0.0830078125 0.8486328125 0.166015625 0.197265625
16 0.3330078125 0.8291015625 0.166015625 0.158203125
20 0.5830078125 0.83447265625 0.166015625 0.1689453125
16 0.8330078125 0.8310546875 0.166015625 0.162109375
