25 0.04150390625 0.04736328125 0.0830078125 0.0947265625
10 0.16650390625 0.0517578125 0.0830078125 0.103515625
23 0.29150390625 0.041015625 0.0830078125 0.08203125
11 0.41650390625 0.0517578125 0.0830078125 0.103515625
32 0.54150390625 0.04052734375 0.0830078125 0.0810546875
10 0.66650390625 0.0419921875 0.0830078125 0.083984375
20 0.79150390625 0.04052734375 0.0830078125 0.0810546875
3 0.91650390625 0.03564453125 0.0830078125 0.0712890625
11 0.04150390625 0.17431640625 0.0830078125 0.0986328125
22 0.16650390625 0.1640625 0.0830078125 0.078125
15 0.29150390625 0.17431640625 0.0830078125 0.0986328125
13 0.41650390625 0.17236328125 0.0830078125 0.0947265625
17 0.54150390625 0.16796875 0.0830078125 0.0859375
30 0.66650390625 0.1640625 0.0830078125 0.078125
26 0.79150390625 0.158203125 0.0830078125 0.06640625
15 0.91650390625 0.17431640625 0.0830078125 0.0986328125
1 0.04150390625 0.29638671875 0.0830078125 0.0927734375
10 0.16650390625 0.283203125 0.0830078125 0.06640625
9 0.29150390625 0.30224609375 0.0830078125 0.1044921875
18 0.41650390625 0.28515625 0.0830078125 0.0703125
33 0.54150390625 0.2890625 0.0830078125 0.078125
17 0.66650390625 0.2939453125 0.0830078125 0.087890625
7 0.79150390625 0.28173828125 0.0830078125 0.0634765625
12 0.91650390625 0.28759765625 0.0830078125 0.0751953125
7 0.04150390625 0.40869140625 0.0830078125 0.0673828125
1 0.16650390625 0.41552734375 0.0830078125 0.0810546875
29 0.29150390625 0.41650390625 0.0830078125 0.0830078125
9 0.41650390625 0.4072265625 0.0830078125 0.064453125
5 0.54150390625 0.41552734375 0.0830078125 0.0810546875
5 0.66650390625 0.412109375 0.0830078125 0.07421875
3 0.79150390625 0.40673828125 0.0830078125 0.0634765625
7 0.91650390625 0.40869140625 0.0830078125 0.0673828125
18 0.04150390625 0.54931640625 0.0830078125 0.0986328125
13 0.16650390625 0.5439453125 0.0830078125 0.087890625
17 0.29150390625 0.537109375 0.0830078125 0.07421875
14 0.41650390625 0.5517578125 0.0830078125 0.103515625
28 0.54150390625 0.53125 0.0830078125 0.0625
19 0.66650390625 0.541015625 0.0830078125 0.08203125
4 0.79150390625 0.533203125 0.0830078125 0.06640625
10 0.91650390625 0.537109375 0.0830078125 0.07421875
3 0.04150390625 0.66455078125 0.0830078125 0.0791015625
16 0.16650390625 0.66259765625 0.0830078125 0.0751953125
17 0.29150390625 0.6689453125 0.0830078125 0.087890625
27 0.41650390625 0.66064453125 0.0830078125 0.0712890625
33 0.54150390625 0.66796875 0.0830078125 0.0859375
10 0.66650390625 0.66650390625 0.0830078125 0.0830078125
23 0.79150390625 0.6767578125 0.0830078125 0.103515625
4 0.91650390625 0.67138671875 0.0830078125 0.0927734375
32 0.04150390625 0.79248046875 0.0830078125 0.0849609375
7 0.16650390625 0.794921875 0.0830078125 0.08984375
26 0.29150390625 0.796875 0.0830078125 0.09375
10 0.41650390625 0.78857421875 0.0830078125 0.0771484375
15 0.54150390625 0.78515625 0.0830078125 0.0703125
17 0.66650390625 0.78564453125 0.0830078125 0.0712890625
6 0.79150390625 0.7841796875 0.0830078125 0.068359375
32 0.91650390625 0.79638671875 0.0830078125 0.0927734375
30 0.04150390625 0.92529296875 0.0830078125 0.1005859375
7 0.16650390625 0.92041015625 0.0830078125 0.0908203125
18 0.29150390625 0.91259765625 0.0830078125 0.0751953125
17 0.41650390625 0.9150390625 0.0830078125 0.080078125
30 0.54150390625 0.912109375 0.0830078125 0.07421875
15 0.66650390625 0.92431640625 0.0830078125 0.0986328125
16 0.79150390625 0.90771484375 0.0830078125 0.0654296875
21 0.91650390625 0.9150390625 0.0830078125 0.080078125
