30 0.06640625 0.078125 0.1328125 0.15625
10 0.265625 0.0693359375 0.1328125 0.138671875
10 0.4658203125 0.0576171875 0.1328125 0.115234375
31 0.666015625 0.0625 0.1328125 0.125
1 0.8662109375 0.08251953125 0.1328125 0.1650390625
13 0.06640625 0.25830078125 0.1328125 0.1181640625
2 0.265625 0.265625 0.1328125 0.1328125
1 0.4658203125 0.27001953125 0.1328125 0.1416015625
31 0.666015625 0.283203125 0.1328125 0.16796875
11 0.8662109375 0.2548828125 0.1328125 0.111328125
28 0.06640625 0.466796875 0.1328125 0.134765625
10 0.265625 0.44970703125 0.1328125 0.1005859375
0 0.4658203125 0.46044921875 0.1328125 0.1220703125
7 0.666015625 0.46875 0.1328125 0.138671875
12 0.8662109375 0.47509765625 0.1328125 0.1513671875
13 0.06640625 0.6630859375 0.1328125 0.126953125
27 0.265625 0.6728515625 0.1328125 0.146484375
11 0.4658203125 0.66748046875 0.1328125 0.1357421875
13 0.666015625 0.6552734375 0.1328125 0.111328125
8 0.8662109375 0.65283203125 0.1328125 0.1064453125
11 0.06640625 0.8564453125 0.1328125 0.11328125
1 0.265625 0.86181640625 0.1328125 0.1240234375
8 0.4658203125 0.8681640625 0.1328125 0.13671875
23 0.666015625 0.85693359375 0.1328125 0.1142578125
4 0.8662109375 0.8583984375 0.1328125 0.1171875
