15 0.04736328125 0.0439453125 0.0947265625 0.087890625
8 0.18994140625 0.0537109375 0.0947265625 0.107421875
9 0.33251953125 0.06005859375 0.0947265625 0.1201171875
21 0.47509765625 0.04833984375 0.0947265625 0.0966796875
11 0.61865234375 0.04345703125 0.0947265625 0.0869140625
29 0.76123046875 0.03857421875 0.0947265625 0.0771484375
20 0.90380859375 0.03955078125 0.0947265625 0.0791015625
33 0.04736328125 0.1806640625 0.0947265625 0.076171875
27 0.18994140625 0.18798828125 0.0947265625 0.0908203125
0 0.33251953125 0.19287109375 0.0947265625 0.1005859375
2 0.47509765625 0.18505859375 0.0947265625 0.0849609375
10 0.61865234375 0.1943359375 0.0947265625 0.103515625
2 0.76123046875 0.193359375 0.0947265625 0.1015625
0 0.90380859375 0.19287109375 0.0947265625 0.1005859375
10 0.04736328125 0.34326171875 0.0947265625 0.1162109375
8 0.18994140625 0.341796875 0.0947265625 0.11328125
23 0.33251953125 0.3271484375 0.0947265625 0.083984375
33 0.47509765625 0.337890625 0.0947265625 0.10546875
29 0.61865234375 0.34228515625 0.0947265625 0.1142578125
14 0.76123046875 0.33203125 0.0947265625 0.09375
7 0.90380859375 0.32275390625 0.0947265625 0.0751953125
20 0.04736328125 0.46630859375 0.0947265625 0.0771484375
9 0.18994140625 0.46728515625 0.0947265625 0.0791015625
21 0.33251953125 0.4765625 0.0947265625 0.09765625
8 0.47509765625 0.47509765625 0.0947265625 0.0947265625
9 0.61865234375 0.46826171875 0.0947265625 0.0810546875
6 0.76123046875 0.47509765625 0.0947265625 0.0947265625
20 0.90380859375 0.470703125 0.0947265625 0.0859375
3 0.04736328125 0.6240234375 0.0947265625 0.10546875
32 0.18994140625 0.61083984375 0.0947265625 0.0791015625
6 0.33251953125 0.62646484375 0.0947265625 0.1103515625
22 0.47509765625 0.62158203125 0.0947265625 0.1005859375
2 0.61865234375 0.61962890625 0.0947265625 0.0966796875
10 0.76123046875 0.63134765625 0.0947265625 0.1201171875
7 0.90380859375 0.62841796875 0.0947265625 0.1142578125
4 0.04736328125 0.75146484375 0.0947265625 0.0751953125
18 0.18994140625 0.75830078125 0.0947265625 0.0888671875
11 0.33251953125 0.7607421875 0.0947265625 0.09375
12 0.47509765625 0.76123046875 0.0947265625 0.0947265625
0 0.61865234375 0.76171875 0.0947265625 0.095703125
11 0.76123046875 0.77392578125 0.0947265625 0.1201171875
23 0.90380859375 0.76025390625 0.0947265625 0.0927734375
25 0.04736328125 0.908203125 0.0947265625 0.103515625
27 0.18994140625 0.8994140625 0.0947265625 0.0859375
1 0.33251953125 0.916015625 0.0947265625 0.119140625
17 0.47509765625 0.8984375 0.0947265625 0.083984375
13 0.61865234375 0.900390625 0.0947265625 0.087890625
17 0.76123046875 0.8916015625 0.0947265625 0.0703125
11 0.90380859375 0.9111328125 0.0947265625 0.109375
