24 0.0830078125 0.10595703125 0.166015625 0.2119140625
1 0.3330078125 0.0810546875 0.166015625 0.162109375
13 0.5830078125 0.0673828125 0.166015625 0.134765625
12 0.8330078125 0.0986328125 0.166015625 0.197265625
26 0.0830078125 0.32666015625 0.166015625 0.1533203125
13 0.3330078125 0.326171875 0.166015625 0.15234375
10 0.5830078125 0.326171875 0.166015625 0.15234375
23 0.8330078125 0.34521484375 0.166015625 0.1904296875
25 0.0830078125 0.58154296875 0.166015625 0.1630859375
4 0.3330078125 0.59521484375 0.166015625 0.1904296875
13 0.5830078125 0.58642578125 0.166015625 0.1728515625
5 0.8330078125 0.587890625 0.166015625 0.17578125
21 0.0830078125 0.84375 0.166015625 0.1875
11 0.3330078125 0.8369140625 0.166015625 0.173828125
20 0.5830078125 0.8359375 0.166015625 0.171875
16 0.8330078125 0.841796875 0.166015625 0.18359375
