0 0.0830078125 0.08203125 0.166015625 0.1640625
26 0.3330078125 0.08837890625 0.166015625 0.1767578125
6 0.5830078125 0.10498046875 0.166015625 0.2099609375
15 0.8330078125 0.09912109375 0.166015625 0.1982421875
0 0.0830078125 0.3330078125 0.166015625 0.166015625
21 0.3330078125 0.32861328125 0.166015625 0.1572265625
11 0.5830078125 0.314453125 0.166015625 0.12890625
22 0.8330078125 0.3388671875 0.166015625 0.177734375
33 0.0830078125 0.599609375 0.166015625 0.19921875
16 0.3330078125 0.57373046875 0.166015625 0.1474609375
17 0.5830078125 0.5712890625 0.166015625 0.142578125
14 0.8330078125 0.56884765625 0.166015625 0.1376953125
23 0.0830078125 0.8212890625 0.166015625 0.142578125
17 0.3330078125 0.83984375 0.166015625 0.1796875
29 0.5830078125 0.84521484375 0.166015625 0.1904296875
8 0.8330078125 0.84521484375 0.166015625 0.1904296875
