28 0.05517578125 0.048828125 0.1103515625 0.09765625
2 0.22119140625 0.0556640625 0.1103515625 0.111328125
26 0.38818359375 0.0478515625 0.1103515625 0.095703125
25 0.55517578125 0.06689453125 0.1103515625 0.1337890625
11 0.72119140625 0.0537109375 0.1103515625 0.107421875
1 0.88818359375 0.04443359375 0.1103515625 0.0888671875
31 0.05517578125 0.22216796875 0.1103515625 0.1123046875
8 0.22119140625 0.21044921875 0.1103515625 0.0888671875
24 0.38818359375 0.2197265625 0.1103515625 0.107421875
7 0.55517578125 0.23193359375 0.1103515625 0.1318359375
11 0.72119140625 0.2158203125 0.1103515625 0.099609375
20 0.88818359375 0.20947265625 0.1103515625 0.0869140625
18 0.05517578125 0.37939453125 0.1103515625 0.0927734375
5 0.22119140625 0.38720703125 0.1103515625 0.1083984375
2 0.38818359375 0.37939453125 0.1103515625 0.0927734375
19 0.55517578125 0.3818359375 0.1103515625 0.09765625
30 0.72119140625 0.37890625 0.1103515625 0.091796875
13 0.88818359375 0.37939453125 0.1103515625 0.0927734375
11 0.05517578125 0.568359375 0.1103515625 0.13671875
1 0.22119140625 0.54296875 0.1103515625 0.0859375
30 0.38818359375 0.55078125 0.1103515625 0.1015625
16 0.55517578125 0.56982421875 0.1103515625 0.1396484375
22 0.72119140625 0.54150390625 0.1103515625 0.0830078125
2 0.88818359375 0.568359375 0.1103515625 0.13671875
15 0.05517578125 0.72998046875 0.1103515625 0.1279296875
20 0.22119140625 0.72509765625 0.1103515625 0.1181640625
10 0.38818359375 0.73095703125 0.1103515625 0.1298828125
2 0.55517578125 0.724609375 0.1103515625 0.1171875
33 0.72119140625 0.72802734375 0.1103515625 0.1240234375
30 0.88818359375 0.7333984375 0.1103515625 0.134765625
32 0.05517578125 0.8759765625 0.1103515625 0.0859375
2 0.22119140625 0.87939453125 0.1103515625 0.0927734375
33 0.38818359375 0.89111328125 0.1103515625 0.1162109375
22 0.55517578125 0.880859375 0.1103515625 0.095703125
20 0.72119140625 0.89990234375 0.1103515625 0.1337890625
28 0.88818359375 0.8837890625 0.1103515625 0.1015625
