5 0.06640625 0.06982421875 0.1328125 0.1396484375
18 0.265625 0.0693359375 0.1328125 0.138671875
6 0.4658203125 0.06689453125 0.1328125 0.1337890625
30 0.666015625 0.07958984375 0.1328125 0.1591796875
20 0.8662109375 0.05029296875 0.1328125 0.1005859375
6 0.06640625 0.26708984375 0.1328125 0.1357421875
32 0.265625 0.2763671875 0.1328125 0.154296875
3 0.4658203125 0.26123046875 0.1328125 0.1240234375
29 0.666015625 0.2744140625 0.1328125 0.150390625
11 0.8662109375 0.26123046875 0.1328125 0.1240234375
30 0.06640625 0.45703125 0.1328125 0.115234375
2 0.265625 0.46142578125 0.1328125 0.1240234375
18 0.4658203125 0.45947265625 0.1328125 0.1201171875
16 0.666015625 0.4501953125 0.1328125 0.1015625
8 0.8662109375 0.46240234375 0.1328125 0.1259765625
26 0.06640625 0.6748046875 0.1328125 0.150390625
25 0.265625 0.6728515625 0.1328125 0.146484375
3 0.4658203125 0.658203125 0.1328125 0.1171875
1 0.666015625 0.65087890625 0.1328125 0.1025390625
28 0.8662109375 0.658203125 0.1328125 0.1171875
0 0.06640625 0.85302734375 0.1328125 0.1064453125
31 0.265625 0.86669921875 0.1328125 0.1337890625
28 0.4658203125 0.86328125 0.1328125 0.126953125
12 0.666015625 0.8837890625 0.1328125 0.16796875
5 0.8662109375 0.8818359375 0.1328125 0.1640625
