29 0.0830078125 0.07861328125 0.166015625 0.1572265625
12 0.3330078125 0.06640625 0.166015625 0.1328125
23 0.5830078125 0.08154296875 0.166015625 0.1630859375
29 0.8330078125 0.08544921875 0.166015625 0.1708984375
21 0.0830078125 0.35595703125 0.166015625 0.2119140625
31 0.3330078125 0.32373046875 0.166015625 0.1474609375
4 0.5830078125 0.33642578125 0.166015625 0.1728515625
13 0.8330078125 0.34130859375 0.166015625 0.1826171875
12 0.0830078125 0.58544921875 0.166015625 0.1708984375
26 0.3330078125 0.5859375 0.166015625 0.171875
5 0.5830078125 0.60205078125 0.166015625 0.2041015625
21 0.8330078125 0.603515625 0.166015625 0.20703125
19 0.0830078125 0.83984375 0.166015625 0.1796875
28 0.3330078125 0.8212890625 0.166015625 0.142578125
2 0.5830078125 0.845703125 0.166015625 0.19140625
26 0.8330078125 0.82080078125 0.166015625 0.1416015625
