30 0.0830078125 0.0771484375 0.166015625 0.154296875
1 0.3330078125 0.09130859375 0.166015625 0.1826171875
14 0.5830078125 0.0986328125 0.166015625 0.197265625
13 0.8330078125 0.08251953125 0.166015625 0.1650390625
8 0.0830078125 0.3388671875 0.166015625 0.177734375
24 0.3330078125 0.31591796875 0.166015625 0.1318359375
2 0.5830078125 0.341796875 0.166015625 0.18359375
9 0.8330078125 0.330078125 0.166015625 0.16015625
16 0.0830078125 0.5888671875 0.166015625 0.177734375
2 0.3330078125 0.5908203125 0.166015625 0.181640625
0 0.5830078125 0.5693359375 0.166015625 0.138671875
9 0.8330078125 0.57763671875 0.166015625 0.1552734375
22 0.0830078125 0.84423828125 0.166015625 0.1884765625
12 0.3330078125 0.82763671875 0.166015625 0.1552734375
3 0.5830078125 0.8486328125 0.166015625 0.197265625
7 0.8330078125 0.83544921875 0.166015625 0.1708984375
