25 0.06640625 0.05517578125 0.1328125 0.1103515625
8 0.265625 0.0576171875 0.1328125 0.115234375
9 0.4658203125 0.07373046875 0.1328125 0.1474609375
28 0.666015625 0.064453125 0.1328125 0.12890625
17 0.8662109375 0.0634765625 0.1328125 0.126953125
29 0.06640625 0.24951171875 0.1328125 0.1005859375
26 0.265625 0.25634765625 0.1328125 0.1142578125
24 0.4658203125 0.26904296875 0.1328125 0.1396484375
22 0.666015625 0.2529296875 0.1328125 0.107421875
12 0.8662109375 0.25 0.1328125 0.1015625
8 0.06640625 0.4658203125 0.1328125 0.1328125
27 0.265625 0.46923828125 0.1328125 0.1396484375
7 0.4658203125 0.48193359375 0.1328125 0.1650390625
4 0.666015625 0.45654296875 0.1328125 0.1142578125
19 0.8662109375 0.462890625 0.1328125 0.126953125
2 0.06640625 0.67578125 0.1328125 0.15234375
16 0.265625 0.66259765625 0.1328125 0.1259765625
10 0.4658203125 0.66845703125 0.1328125 0.1376953125
14 0.666015625 0.66259765625 0.1328125 0.1259765625
30 0.8662109375 0.67138671875 0.1328125 0.1435546875
19 0.06640625 0.884765625 0.1328125 0.169921875
9 0.265625 0.8603515625 0.1328125 0.12109375
22 0.4658203125 0.88037109375 0.1328125 0.1611328125
29 0.666015625 0.85546875 0.1328125 0.111328125
12 0.8662109375 0.86279296875 0.1328125 0.1259765625
