30 0.05517578125 0.05517578125 0.1103515625 0.1103515625
8 0.22119140625 0.0537109375 0.1103515625 0.107421875
19 0.38818359375 0.06982421875 0.1103515625 0.1396484375
24 0.55517578125 0.04833984375 0.1103515625 0.0966796875
19 0.72119140625 0.0576171875 0.1103515625 0.115234375
16 0.88818359375 0.0458984375 0.1103515625 0.091796875
13 0.05517578125 0.23681640625 0.1103515625 0.1416015625
17 0.22119140625 0.21484375 0.1103515625 0.09765625
29 0.38818359375 0.208984375 0.1103515625 0.0859375
18 0.55517578125 0.21630859375 0.1103515625 0.1005859375
17 0.72119140625 0.22216796875 0.1103515625 0.1123046875
5 0.88818359375 0.2333984375 0.1103515625 0.134765625
21 0.05517578125 0.39013671875 0.1103515625 0.1142578125
24 0.22119140625 0.3857421875 0.1103515625 0.10546875
17 0.38818359375 0.380859375 0.1103515625 0.095703125
25 0.55517578125 0.37646484375 0.1103515625 0.0869140625
19 0.72119140625 0.38330078125 0.1103515625 0.1005859375
7 0.88818359375 0.4052734375 0.1103515625 0.14453125
22 0.05517578125 0.5712890625 0.1103515625 0.142578125
6 0.22119140625 0.54638671875 0.1103515625 0.0927734375
20 0.38818359375 0.54296875 0.1103515625 0.0859375
23 0.55517578125 0.55419921875 0.1103515625 0.1083984375
4 0.72119140625 0.5712890625 0.1103515625 0.142578125
2 0.88818359375 0.55615234375 0.1103515625 0.1123046875
21 0.05517578125 0.73828125 0.1103515625 0.14453125
22 0.22119140625 0.7177734375 0.1103515625 0.103515625
9 0.38818359375 0.7099609375 0.1103515625 0.087890625
33 0.55517578125 0.71337890625 0.1103515625 0.0947265625
15 0.72119140625 0.72705078125 0.1103515625 0.1220703125
8 0.88818359375 0.712890625 0.1103515625 0.09375
0 0.05517578125 0.890625 0.1103515625 0.115234375
7 0.22119140625 0.890625 0.1103515625 0.115234375
0 0.38818359375 0.88427734375 0.1103515625 0.1025390625
18 0.55517578125 0.880859375 0.1103515625 0.095703125
11 0.72119140625 0.8828125 0.1103515625 0.099609375
12 0.88818359375 0.8984375 0.1103515625 0.130859375
