18 0.04150390625 0.05029296875 0.0830078125 0.1005859375
26 0.16650390625 0.03759765625 0.0830078125 0.0751953125
6 0.29150390625 0.03515625 0.0830078125 0.0703125
8 0.41650390625 0.05322265625 0.0830078125 0.1064453125
25 0.54150390625 0.04638671875 0.0830078125 0.0927734375
13 0.66650390625 0.05078125 0.0830078125 0.1015625
30 0.79150390625 0.033203125 0.0830078125 0.06640625
25 0.91650390625 0.041015625 0.0830078125 0.08203125
5 0.04150390625 0.1591796875 0.0830078125 0.068359375
22 0.16650390625 0.166015625 0.0830078125 0.08203125
17 0.29150390625 0.16552734375 0.0830078125 0.0810546875
19 0.41650390625 0.17431640625 0.0830078125 0.0986328125
16 0.54150390625 0.15673828125 0.0830078125 0.0634765625
33 0.66650390625 0.173828125 0.0830078125 0.09765625
6 0.79150390625 0.1611328125 0.0830078125 0.072265625
9 0.91650390625 0.1611328125 0.0830078125 0.072265625
21 0.04150390625 0.291015625 0.0830078125 0.08203125
25 0.16650390625 0.3017578125 0.0830078125 0.103515625
33 0.29150390625 0.28515625 0.0830078125 0.0703125
12 0.41650390625 0.28955078125 0.0830078125 0.0791015625
8 0.54150390625 0.2890625 0.0830078125 0.078125
9 0.66650390625 0.29150390625 0.0830078125 0.0830078125
1 0.79150390625 0.29296875 0.0830078125 0.0859375
12 0.91650390625 0.28076171875 0.0830078125 0.0615234375
3 0.04150390625 0.42919921875 0.0830078125 0.1083984375
6 0.16650390625 0.42041015625 0.0830078125 0.0908203125
3 0.29150390625 0.40576171875 0.0830078125 0.0615234375
26 0.41650390625 0.42236328125 0.0830078125 0.0947265625
25 0.54150390625 0.41943359375 0.0830078125 0.0888671875
16 0.66650390625 0.412109375 0.0830078125 0.07421875
10 0.79150390625 0.4111328125 0.0830078125 0.072265625
33 0.91650390625 0.40869140625 0.0830078125 0.0673828125
31 0.04150390625 0.546875 0.0830078125 0.09375
7 0.16650390625 0.54248046875 0.0830078125 0.0849609375
13 0.29150390625 0.5439453125 0.0830078125 0.087890625
6 0.41650390625 0.5419921875 0.0830078125 0.083984375
16 0.54150390625 0.54150390625 0.0830078125 0.0830078125
27 0.66650390625 0.533203125 0.0830078125 0.06640625
14 0.79150390625 0.53515625 0.0830078125 0.0703125
24 0.91650390625 0.5400390625 0.0830078125 0.080078125
22 0.04150390625 0.6630859375 0.0830078125 0.076171875
12 0.16650390625 0.65673828125 0.0830078125 0.0634765625
12 0.29150390625 0.6640625 0.0830078125 0.078125
12 0.41650390625 0.67431640625 0.0830078125 0.0986328125
8 0.54150390625 0.66796875 0.0830078125 0.0859375
7 0.66650390625 0.658203125 0.0830078125 0.06640625
9 0.79150390625 0.65869140625 0.0830078125 0.0673828125
9 0.91650390625 0.66064453125 0.0830078125 0.0712890625
22 0.04150390625 0.78369140625 0.0830078125 0.0673828125
4 0.16650390625 0.79541015625 0.0830078125 0.0908203125
4 0.29150390625 0.7919921875 0.0830078125 0.083984375
29 0.41650390625 0.78173828125 0.0830078125 0.0634765625
4 0.54150390625 0.794921875 0.0830078125 0.08984375
20 0.66650390625 0.8017578125 0.0830078125 0.103515625
26 0.79150390625 0.79638671875 0.0830078125 0.0927734375
22 0.91650390625 0.80029296875 0.0830078125 0.1005859375
27 0.04150390625 0.9150390625 0.0830078125 0.080078125
15 0.16650390625 0.9091796875 0.0830078125 0.068359375
0 0.29150390625 0.91552734375 0.0830078125 0.0810546875
20 0.41650390625 0.9228515625 0.0830078125 0.095703125
16 0.54150390625 0.912109375 0.0830078125 0.07421875
27 0.66650390625 0.919921875 0.0830078125 0.08984375
8 0.79150390625 0.91552734375 0.0830078125 0.0810546875
21 0.91650390625 0.92724609375 0.0830078125 0.1044921875
