1 0.0830078125 0.07275390625 0.166015625 0.1455078125
32 0.3330078125 0.0927734375 0.166015625 0.185546875
10 0.5830078125 0.10205078125 0.166015625 0.2041015625
30 0.8330078125 0.09130859375 0.166015625 0.1826171875
7 0.0830078125 0.3271484375 0.166015625 0.154296875
5 0.3330078125 0.34130859375 0.166015625 0.1826171875
2 0.5830078125 0.3251953125 0.166015625 0.150390625
28 0.8330078125 0.34326171875 0.166015625 0.1865234375
29 0.0830078125 0.587890625 0.166015625 0.17578125
15 0.3330078125 0.57763671875 0.166015625 0.1552734375
24 0.5830078125 0.58056640625 0.166015625 0.1611328125
22 0.8330078125 0.5830078125 0.166015625 0.166015625
29 0.0830078125 0.84521484375 0.166015625 0.1904296875
21 0.3330078125 0.83056640625 0.166015625 0.1611328125
1 0.5830078125 0.84619140625 0.166015625 0.1923828125
24 0.8330078125 0.8330078125 0.166015625 0.166015625
