10 0.06640625 0.07958984375 0.1328125 0.1591796875
26 0.265625 0.08837890625 0.1328125 0.1767578125
21 0.4658203125 0.06640625 0.1328125 0.1328125
23 0.666015625 0.06884765625 0.1328125 0.1376953125
13 0.8662109375 0.0693359375 0.1328125 0.138671875
21 0.06640625 0.2578125 0.1328125 0.1171875
6 0.265625 0.25732421875 0.1328125 0.1162109375
24 0.4658203125 0.25634765625 0.1328125 0.1142578125
12 0.666015625 0.26806640625 0.1328125 0.1376953125
30 0.8662109375 0.2587890625 0.1328125 0.119140625
2 0.06640625 0.45654296875 0.1328125 0.1142578125
15 0.265625 0.47705078125 0.1328125 0.1552734375
18 0.4658203125 0.4599609375 0.1328125 0.12109375
21 0.666015625 0.455078125 0.1328125 0.111328125
5 0.8662109375 0.4501953125 0.1328125 0.1015625
20 0.06640625 0.66162109375 0.1328125 0.1240234375
29 0.265625 0.65869140625 0.1328125 0.1181640625
32 0.4658203125 0.67333984375 0.1328125 0.1474609375
20 0.666015625 0.6650390625 0.1328125 0.130859375
24 0.8662109375 0.6689453125 0.1328125 0.138671875
1 0.06640625 0.87744140625 0.1328125 0.1552734375
1 0.265625 0.8779296875 0.1328125 0.15625
23 0.4658203125 0.86865234375 0.1328125 0.1376953125
27 0.666015625 0.87939453125 0.1328125 0.1591796875
4 0.8662109375 0.8671875 0.1328125 0.134765625
