15 0.06640625 0.06103515625 0.1328125 0.1220703125
16 0.265625 0.08056640625 0.1328125 0.1611328125
32 0.4658203125 0.0517578125 0.1328125 0.103515625
7 0.666015625 0.08837890625 0.1328125 0.1767578125
12 0.8662109375 0.06982421875 0.1328125 0.1396484375
2 0.06640625 0.25341796875 0.1328125 0.1083984375
7 0.265625 0.2705078125 0.1328125 0.142578125
0 0.4658203125 0.2744140625 0.1328125 0.150390625
15 0.666015625 0.2666015625 0.1328125 0.134765625
31 0.8662109375 0.26953125 0.1328125 0.140625
32 0.06640625 0.48046875 0.1328125 0.162109375
17 0.265625 0.4638671875 0.1328125 0.12890625
22 0.4658203125 0.4755859375 0.1328125 0.15234375
29 0.666015625 0.48779296875 0.1328125 0.1767578125
25 0.8662109375 0.46630859375 0.1328125 0.1337890625
4 0.06640625 0.6748046875 0.1328125 0.150390625
21 0.265625 0.66552734375 0.1328125 0.1318359375
2 0.4658203125 0.6630859375 0.1328125 0.126953125
4 0.666015625 0.66455078125 0.1328125 0.1298828125
6 0.8662109375 0.6630859375 0.1328125 0.126953125
24 0.06640625 0.86279296875 0.1328125 0.1259765625
22 0.265625 0.8583984375 0.1328125 0.1171875
16 0.4658203125 0.86572265625 0.1328125 0.1318359375
4 0.666015625 0.873046875 0.1328125 0.146484375
20 0.8662109375 0.853515625 0.1328125 0.107421875
