30 0.05517578125 0.056640625 0.1103515625 0.11328125
19 0.22119140625 0.05029296875 0.1103515625 0.1005859375
26 0.38818359375 0.05859375 0.1103515625 0.1171875
14 0.55517578125 0.0498046875 0.1103515625 0.099609375
20 0.72119140625 0.0439453125 0.1103515625 0.087890625
4 0.88818359375 0.06884765625 0.1103515625 0.1376953125
6 0.05517578125 0.22412109375 0.1103515625 0.1162109375
33 0.22119140625 0.2158203125 0.1103515625 0.099609375
11 0.38818359375 0.21337890625 0.1103515625 0.0947265625
3 0.55517578125 0.2099609375 0.1103515625 0.087890625
24 0.72119140625 0.21826171875 0.1103515625 0.1044921875
27 0.88818359375 0.21484375 0.1103515625 0.09765625
7 0.05517578125 0.3818359375 0.1103515625 0.09765625
11 0.22119140625 0.3876953125 0.1103515625 0.109375
28 0.38818359375 0.396484375 0.1103515625 0.126953125
0 0.55517578125 0.3876953125 0.1103515625 0.109375
0 0.72119140625 0.384765625 0.1103515625 0.103515625
8 0.88818359375 0.3916015625 0.1103515625 0.1171875
13 0.05517578125 0.5517578125 0.1103515625 0.103515625
18 0.22119140625 0.56396484375 0.1103515625 0.1279296875
28 0.38818359375 0.55615234375 0.1103515625 0.1123046875
7 0.55517578125 0.5732421875 0.1103515625 0.146484375
12 0.72119140625 0.5634765625 0.1103515625 0.126953125
2 0.88818359375 0.546875 0.1103515625 0.09375
19 0.05517578125 0.73291015625 0.1103515625 0.1337890625
18 0.22119140625 0.71484375 0.1103515625 0.09765625
14 0.38818359375 0.72021484375 0.1103515625 0.1083984375
21 0.55517578125 0.7119140625 0.1103515625 0.091796875
23 0.72119140625 0.72705078125 0.1103515625 0.1220703125
25 0.88818359375 0.71875 0.1103515625 0.10546875
13 0.05517578125 0.88720703125 0.1103515625 0.1083984375
14 0.22119140625 0.8876953125 0.1103515625 0.109375
18 0.38818359375 0.880859375 0.1103515625 0.095703125
18 0.55517578125 0.89404296875 0.1103515625 0.1220703125
2 0.72119140625 0.876953125 0.1103515625 0.087890625
26 0.88818359375 0.8759765625 0.1103515625 0.0859375
