24 0.04150390625 0.046875 0.0830078125 0.09375
5 0.16650390625 0.03662109375 0.0830078125 0.0732421875
10 0.29150390625 0.04638671875 0.0830078125 0.0927734375
19 0.41650390625 0.0380859375 0.0830078125 0.076171875
29 0.54150390625 0.04052734375 0.0830078125 0.0810546875
32 0.66650390625 0.04248046875 0.0830078125 0.0849609375
24 0.79150390625 0.03515625 0.0830078125 0.0703125
17 0.91650390625 0.03271484375 0.0830078125 0.0654296875
30 0.04150390625 0.1572265625 0.0830078125 0.064453125
8 0.16650390625 0.162109375 0.0830078125 0.07421875
24 0.29150390625 0.1572265625 0.0830078125 0.064453125
12 0.41650390625 0.15673828125 0.0830078125 0.0634765625
31 0.54150390625 0.16650390625 0.0830078125 0.0830078125
31 0.66650390625 0.16796875 0.0830078125 0.0859375
15 0.79150390625 0.17041015625 0.0830078125 0.0908203125
20 0.91650390625 0.1572265625 0.0830078125 0.064453125
7 0.04150390625 0.28515625 0.0830078125 0.0703125
30 0.16650390625 0.2822265625 0.0830078125 0.064453125
33 0.29150390625 0.29052734375 0.0830078125 0.0810546875
29 0.41650390625 0.294921875 0.0830078125 0.08984375
19 0.54150390625 0.29736328125 0.0830078125 0.0947265625
21 0.66650390625 0.28173828125 0.0830078125 0.0634765625
27 0.79150390625 0.30029296875 0.0830078125 0.1005859375
27 0.91650390625 0.2841796875 0.0830078125 0.068359375
2 0.04150390625 0.41552734375 0.0830078125 0.0810546875
16 0.16650390625 0.41650390625 0.0830078125 0.0830078125
16 0.29150390625 0.4150390625 0.0830078125 0.080078125
3 0.41650390625 0.42138671875 0.0830078125 0.0927734375
31 0.54150390625 0.41552734375 0.0830078125 0.0810546875
21 0.66650390625 0.4150390625 0.0830078125 0.080078125
30 0.79150390625 0.4111328125 0.0830078125 0.072265625
32 0.91650390625 0.4111328125 0.0830078125 0.072265625
15 0.04150390625 0.5322265625 0.0830078125 0.064453125
21 0.16650390625 0.54296875 0.0830078125 0.0859375
29 0.29150390625 0.54345703125 0.0830078125 0.0869140625
23 0.41650390625 0.53173828125 0.0830078125 0.0634765625
0 0.54150390625 0.53857421875 0.0830078125 0.0771484375
11 0.66650390625 0.55224609375 0.0830078125 0.1044921875
27 0.79150390625 0.53759765625 0.0830078125 0.0751953125
5 0.91650390625 0.53857421875 0.0830078125 0.0771484375
14 0.04150390625 0.65771484375 0.0830078125 0.0654296875
23 0.16650390625 0.66552734375 0.0830078125 0.0810546875
19 0.29150390625 0.6650390625 0.0830078125 0.080078125
10 0.41650390625 0.66943359375 0.0830078125 0.0888671875
10 0.54150390625 0.6572265625 0.0830078125 0.064453125
16 0.66650390625 0.66845703125 0.0830078125 0.0869140625
5 0.79150390625 0.67724609375 0.0830078125 0.1044921875
28 0.91650390625 0.662109375 0.0830078125 0.07421875
28 0.04150390625 0.79052734375 0.0830078125 0.0810546875
3 0.16650390625 0.7900390625 0.0830078125 0.080078125
28 0.29150390625 0.7841796875 0.0830078125 0.068359375
12 0.41650390625 0.7890625 0.0830078125 0.078125
27 0.54150390625 0.79443359375 0.0830078125 0.0888671875
6 0.66650390625 0.78857421875 0.0830078125 0.0771484375
25 0.79150390625 0.7822265625 0.0830078125 0.064453125
13 0.91650390625 0.79736328125 0.0830078125 0.0947265625
7 0.04150390625 0.91943359375 0.0830078125 0.0888671875
4 0.16650390625 0.92431640625 0.0830078125 0.0986328125
19 0.29150390625 0.92529296875 0.0830078125 0.1005859375
1 0.41650390625 0.91845703125 0.0830078125 0.0869140625
21 0.54150390625 0.923828125 0.0830078125 0.09765625
14 0.66650390625 0.916015625 0.0830078125 0.08203125
21 0.79150390625 0.91015625 0.0830078125 0.0703125
11 0.91650390625 0.9130859375 0.0830078125 0.076171875
