29 0.04150390625 0.03857421875 0.0830078125 0.0771484375
2 0.16650390625 0.04931640625 0.0830078125 0.0986328125
14 0.29150390625 0.0361328125 0.0830078125 0.072265625
1 0.41650390625 0.0478515625 0.0830078125 0.095703125
27 0.54150390625 0.0478515625 0.0830078125 0.095703125
20 0.66650390625 0.033203125 0.0830078125 0.06640625
14 0.79150390625 0.03515625 0.0830078125 0.0703125
31 0.91650390625 0.03662109375 0.0830078125 0.0732421875
2 0.04150390625 0.16455078125 0.0830078125 0.0791015625
12 0.16650390625 0.1640625 0.0830078125 0.078125
28 0.29150390625 0.16162109375 0.0830078125 0.0732421875
28 0.41650390625 0.1689453125 0.0830078125 0.087890625
23 0.54150390625 0.1796875 0.0830078125 0.109375
24 0.66650390625 0.1591796875 0.0830078125 0.068359375
27 0.79150390625 0.15625 0.0830078125 0.0625
32 0.91650390625 0.166015625 0.0830078125 0.08203125
33 0.04150390625 0.2919921875 0.0830078125 0.083984375
14 0.16650390625 0.3046875 0.0830078125 0.109375
17 0.29150390625 0.29345703125 0.0830078125 0.0869140625
13 0.41650390625 0.28125 0.0830078125 0.0625
17 0.54150390625 0.2919921875 0.0830078125 0.083984375
0 0.66650390625 0.30078125 0.0830078125 0.1015625
19 0.79150390625 0.294921875 0.0830078125 0.08984375
12 0.91650390625 0.28173828125 0.0830078125 0.0634765625
30 0.04150390625 0.4169921875 0.0830078125 0.083984375
31 0.16650390625 0.41455078125 0.0830078125 0.0791015625
10 0.29150390625 0.42236328125 0.0830078125 0.0947265625
15 0.41650390625 0.42431640625 0.0830078125 0.0986328125
21 0.54150390625 0.41162109375 0.0830078125 0.0732421875
3 0.66650390625 0.41650390625 0.0830078125 0.0830078125
17 0.79150390625 0.4111328125 0.0830078125 0.072265625
9 0.91650390625 0.41064453125 0.0830078125 0.0712890625
20 0.04150390625 0.53759765625 0.0830078125 0.0751953125
33 0.16650390625 0.55419921875 0.0830078125 0.1083984375
13 0.29150390625 0.53759765625 0.0830078125 0.0751953125
25 0.41650390625 0.5439453125 0.0830078125 0.087890625
6 0.54150390625 0.53564453125 0.0830078125 0.0712890625
33 0.66650390625 0.5341796875 0.0830078125 0.068359375
11 0.79150390625 0.54052734375 0.0830078125 0.0810546875
19 0.91650390625 0.537109375 0.0830078125 0.07421875
6 0.04150390625 0.67236328125 0.0830078125 0.0947265625
17 0.16650390625 0.658203125 0.0830078125 0.06640625
0 0.29150390625 0.66650390625 0.0830078125 0.0830078125
0 0.41650390625 0.66357421875 0.0830078125 0.0771484375
4 0.54150390625 0.6611328125 0.0830078125 0.072265625
6 0.66650390625 0.66357421875 0.0830078125 0.0771484375
5 0.79150390625 0.67041015625 0.0830078125 0.0908203125
17 0.91650390625 0.67431640625 0.0830078125 0.0986328125
5 0.04150390625 0.80419921875 0.0830078125 0.1083984375
27 0.16650390625 0.783203125 0.0830078125 0.06640625
31 0.29150390625 0.7880859375 0.0830078125 0.076171875
33 0.41650390625 0.7978515625 0.0830078125 0.095703125
28 0.54150390625 0.7939453125 0.0830078125 0.087890625
28 0.66650390625 0.794921875 0.0830078125 0.08984375
0 0.79150390625 0.79345703125 0.0830078125 0.0869140625
28 0.91650390625 0.78857421875 0.0830078125 0.0771484375
8 0.04150390625 0.91455078125 0.0830078125 0.0791015625
1 0.16650390625 0.92822265625 0.0830078125 0.1064453125
0 0.29150390625 0.908203125 0.0830078125 0.06640625
17 0.41650390625 0.9169921875 0.0830078125 0.083984375
21 0.54150390625 0.91552734375 0.0830078125 0.0810546875
4 0.66650390625 0.92138671875 0.0830078125 0.0927734375
12 0.79150390625 0.90966796875 0.0830078125 0.0693359375
23 0.91650390625 0.9111328125 0.0830078125 0.072265625
