30 0.04736328125 0.041015625 0.0947265625 0.08203125
5 0.18994140625 0.03955078125 0.0947265625 0.0791015625
32 0.33251953125 0.03564453125 0.0947265625 0.0712890625
16 0.47509765625 0.04345703125 0.0947265625 0.0869140625
6 0.61865234375 0.052734375 0.0947265625 0.10546875
33 0.76123046875 0.037109375 0.0947265625 0.07421875
10 0.90380859375 0.03857421875 0.0947265625 0.0771484375
10 0.04736328125 0.18603515625 0.0947265625 0.0869140625
4 0.18994140625 0.20263671875 0.0947265625 0.1201171875
33 0.33251953125 0.18505859375 0.0947265625 0.0849609375
29 0.47509765625 0.20263671875 0.0947265625 0.1201171875
9 0.61865234375 0.18017578125 0.0947265625 0.0751953125
19 0.76123046875 0.19091796875 0.0947265625 0.0966796875
14 0.90380859375 0.2021484375 0.0947265625 0.119140625
18 0.04736328125 0.32763671875 0.0947265625 0.0849609375
27 0.18994140625 0.3359375 0.0947265625 0.1015625
16 0.33251953125 0.32666015625 0.0947265625 0.0830078125
10 0.47509765625 0.33349609375 0.0947265625 0.0966796875
9 0.61865234375 0.33056640625 0.0947265625 0.0908203125
21 0.76123046875 0.322265625 0.0947265625 0.07421875
30 0.90380859375 0.337890625 0.0947265625 0.10546875
9 0.04736328125 0.4677734375 0.0947265625 0.080078125
20 0.18994140625 0.4716796875 0.0947265625 0.087890625
15 0.33251953125 0.46923828125 0.0947265625 0.0830078125
7 0.47509765625 0.466796875 0.0947265625 0.078125
23 0.61865234375 0.47119140625 0.0947265625 0.0869140625
10 0.76123046875 0.48291015625 0.0947265625 0.1103515625
29 0.90380859375 0.4794921875 0.0947265625 0.103515625
14 0.04736328125 0.6083984375 0.0947265625 0.07421875
9 0.18994140625 0.626953125 0.0947265625 0.111328125
17 0.33251953125 0.60986328125 0.0947265625 0.0771484375
32 0.47509765625 0.62255859375 0.0947265625 0.1025390625
22 0.61865234375 0.6171875 0.0947265625 0.091796875
30 0.76123046875 0.6240234375 0.0947265625 0.10546875
22 0.90380859375 0.6181640625 0.0947265625 0.09375
9 0.04736328125 0.76220703125 0.0947265625 0.0966796875
25 0.18994140625 0.75537109375 0.0947265625 0.0830078125
8 0.33251953125 0.7509765625 0.0947265625 0.07421875
3 0.47509765625 0.76123046875 0.0947265625 0.0947265625
10 0.61865234375 0.76953125 0.0947265625 0.111328125
9 0.76123046875 0.75537109375 0.0947265625 0.0830078125
1 0.90380859375 0.76416015625 0.0947265625 0.1005859375
11 0.04736328125 0.90576171875 0.0947265625 0.0986328125
0 0.18994140625 0.91650390625 0.0947265625 0.1201171875
31 0.33251953125 0.8994140625 0.0947265625 0.0859375
24 0.47509765625 0.90185546875 0.0947265625 0.0908203125
3 0.61865234375 0.8955078125 0.0947265625 0.078125
9 0.76123046875 0.91650390625 0.0947265625 0.1201171875
7 0.90380859375 0.90771484375 0.0947265625 0.1025390625
