29 0.0830078125 0.10498046875 0.166015625 0.2099609375
7 0.3330078125 0.072265625 0.166015625 0.14453125
27 0.5830078125 0.0771484375 0.166015625 0.154296875
5 0.8330078125 0.076171875 0.166015625 0.15234375
29 0.0830078125 0.34619140625 0.166015625 0.1923828125
4 0.3330078125 0.32666015625 0.166015625 0.1533203125
6 0.5830078125 0.3173828125 0.166015625 0.134765625
11 0.8330078125 0.32373046875 0.166015625 0.1474609375
2 0.0830078125 0.591796875 0.166015625 0.18359375
24 0.3330078125 0.59521484375 0.166015625 0.1904296875
1 0.5830078125 0.564453125 0.166015625 0.12890625
31 0.8330078125 0.57666015625 0.166015625 0.1533203125
30 0.0830078125 0.81689453125 0.166015625 0.1337890625
23 0.3330078125 0.822265625 0.166015625 0.14453125
23 0.5830078125 0.8359375 0.166015625 0.171875
14 0.8330078125 0.85595703125 0.166015625 0.2119140625
