28 0.04736328125 0.052734375 0.0947265625 0.10546875
22 0.18994140625 0.05810546875 0.0947265625 0.1162109375
25 0.33251953125 0.044921875 0.0947265625 0.08984375
28 0.47509765625 0.04296875 0.0947265625 0.0859375
26 0.61865234375 0.0546875 0.0947265625 0.109375
19 0.76123046875 0.0595703125 0.0947265625 0.119140625
22 0.90380859375 0.06005859375 0.0947265625 0.1201171875
27 0.04736328125 0.18115234375 0.0947265625 0.0771484375
1 0.18994140625 0.1982421875 0.0947265625 0.111328125
27 0.33251953125 0.205078125 0.0947265625 0.125
23 0.47509765625 0.19921875 0.0947265625 0.11328125
8 0.61865234375 0.18994140625 0.0947265625 0.0947265625
25 0.76123046875 0.19384765625 0.0947265625 0.1025390625
6 0.90380859375 0.18017578125 0.0947265625 0.0751953125
12 0.04736328125 0.32470703125 0.0947265625 0.0791015625
1 0.18994140625 0.3232421875 0.0947265625 0.076171875
28 0.33251953125 0.33349609375 0.0947265625 0.0966796875
12 0.47509765625 0.32373046875 0.0947265625 0.0771484375
12 0.61865234375 0.341796875 0.0947265625 0.11328125
1 0.76123046875 0.34326171875 0.0947265625 0.1162109375
20 0.90380859375 0.32080078125 0.0947265625 0.0712890625
30 0.04736328125 0.47021484375 0.0947265625 0.0849609375
29 0.18994140625 0.47021484375 0.0947265625 0.0849609375
21 0.33251953125 0.47802734375 0.0947265625 0.1005859375
3 0.47509765625 0.484375 0.0947265625 0.11328125
9 0.61865234375 0.47216796875 0.0947265625 0.0888671875
9 0.76123046875 0.47607421875 0.0947265625 0.0966796875
2 0.90380859375 0.4833984375 0.0947265625 0.111328125
1 0.04736328125 0.60791015625 0.0947265625 0.0732421875
2 0.18994140625 0.6240234375 0.0947265625 0.10546875
13 0.33251953125 0.61474609375 0.0947265625 0.0869140625
9 0.47509765625 0.60986328125 0.0947265625 0.0771484375
5 0.61865234375 0.63232421875 0.0947265625 0.1220703125
31 0.76123046875 0.6181640625 0.0947265625 0.09375
17 0.90380859375 0.6162109375 0.0947265625 0.08984375
24 0.04736328125 0.75244140625 0.0947265625 0.0771484375
9 0.18994140625 0.77197265625 0.0947265625 0.1162109375
2 0.33251953125 0.7705078125 0.0947265625 0.11328125
5 0.47509765625 0.75146484375 0.0947265625 0.0751953125
8 0.61865234375 0.75146484375 0.0947265625 0.0751953125
15 0.76123046875 0.7607421875 0.0947265625 0.09375
8 0.90380859375 0.763671875 0.0947265625 0.099609375
31 0.04736328125 0.89599609375 0.0947265625 0.0791015625
32 0.18994140625 0.91455078125 0.0947265625 0.1162109375
0 0.33251953125 0.91357421875 0.0947265625 0.1142578125
11 0.47509765625 0.9052734375 0.0947265625 0.09765625
15 0.61865234375 0.89404296875 0.0947265625 0.0751953125
24 0.76123046875 0.90478515625 0.0947265625 0.0966796875
7 0.90380859375 0.89794921875 0.0947265625 0.0830078125
