6 0.0830078125 0.06396484375 0.166015625 0.1279296875
25 0.3330078125 0.09033203125 0.166015625 0.1806640625
28 0.5830078125 0.08544921875 0.166015625 0.1708984375
6 0.8330078125 0.09326171875 0.166015625 0.1865234375
30 0.0830078125 0.318359375 0.166015625 0.13671875
31 0.3330078125 0.31494140625 0.166015625 0.1298828125
8 0.5830078125 0.32470703125 0.166015625 0.1494140625
22 0.8330078125 0.31982421875 0.166015625 0.1396484375
0 0.0830078125 0.57080078125 0.166015625 0.1416015625
23 0.3330078125 0.5986328125 0.166015625 0.197265625
1 0.5830078125 0.59326171875 0.166015625 0.1865234375
25 0.8330078125 0.603515625 0.166015625 0.20703125
33 0.0830078125 0.822265625 0.166015625 0.14453125
3 0.3330078125 0.8408203125 0.166015625 0.181640625
9 0.5830078125 0.82666015625 0.166015625 0.1533203125
24 0.8330078125 0.83984375 0.166015625 0.1796875
