14 0.0830078125 0.0751953125 0.166015625 0.150390625
23 0.3330078125 0.095703125 0.166015625 0.19140625
12 0.5830078125 0.08447265625 0.166015625 0.1689453125
11 0.8330078125 0.10205078125 0.166015625 0.2041015625
6 0.0830078125 0.34619140625 0.166015625 0.1923828125
10 0.3330078125 0.33984375 0.166015625 0.1796875
11 0.5830078125 0.33447265625 0.166015625 0.1689453125
2 0.8330078125 0.322265625 0.166015625 0.14453125
20 0.0830078125 0.59521484375 0.166015625 0.1904296875
17 0.3330078125 0.58251953125 0.166015625 0.1650390625
21 0.5830078125 0.5859375 0.166015625 0.171875
1 0.8330078125 0.5830078125 0.166015625 0.166015625
8 0.0830078125 0.841796875 0.166015625 0.18359375
15 0.3330078125 0.8486328125 0.166015625 0.197265625
7 0.5830078125 0.81640625 0.166015625 0.1328125
27 0.8330078125 0.822265625 0.166015625 0.14453125
