19 0.0830078125 0.07568359375 0.166015625 0.1513671875
7 0.3330078125 0.0830078125 0.166015625 0.166015625
31 0.5830078125 0.07177734375 0.166015625 0.1435546875
18 0.8330078125 0.07421875 0.166015625 0.1484375
25 0.0830078125 0.33056640625 0.166015625 0.1611328125
15 0.3330078125 0.341796875 0.166015625 0.18359375
3 0.5830078125 0.33154296875 0.166015625 0.1630859375
21 0.8330078125 0.34033203125 0.166015625 0.1806640625
9 0.0830078125 0.56689453125 0.166015625 0.1337890625
6 0.3330078125 0.59619140625 0.166015625 0.1923828125
29 0.5830078125 0.59521484375 0.166015625 0.1904296875
24 0.8330078125 0.591796875 0.166015625 0.18359375
6 0.0830078125 0.82080078125 0.166015625 0.1416015625
11 0.3330078125 0.81787109375 0.166015625 0.1357421875
14 0.5830078125 0.8359375 0.166015625 0.171875
26 0.8330078125 0.826171875 0.166015625 0.15234375
