27 0.0830078125 0.072265625 0.166015625 0.14453125
6 0.3330078125 0.0859375 0.166015625 0.171875
17 0.5830078125 0.07177734375 0.166015625 0.1435546875
14 0.8330078125 0.06787109375 0.166015625 0.1357421875
21 0.0830078125 0.3193359375 0.166015625 0.138671875
14 0.3330078125 0.3583984375 0.166015625 0.216796875
6 0.5830078125 0.3408203125 0.166015625 0.181640625
12 0.8330078125 0.31494140625 0.166015625 0.1298828125
1 0.0830078125 0.56494140625 0.166015625 0.1298828125
27 0.3330078125 0.580078125 0.166015625 0.16015625
13 0.5830078125 0.57861328125 0.166015625 0.1572265625
27 0.8330078125 0.591796875 0.166015625 0.18359375
4 0.0830078125 0.8388671875 0.166015625 0.177734375
28 0.3330078125 0.8408203125 0.166015625 0.181640625
2 0.5830078125 0.8212890625 0.166015625 0.142578125
6 0.8330078125 0.81591796875 0.166015625 0.1318359375
