7 0.04150390625 0.0478515625 0.0830078125 0.095703125
33 0.16650390625 0.04052734375 0.0830078125 0.0810546875
7 0.29150390625 0.03857421875 0.0830078125 0.0771484375
16 0.41650390625 0.04638671875 0.0830078125 0.0927734375
13 0.54150390625 0.04296875 0.0830078125 0.0859375
26 0.66650390625 0.0419921875 0.0830078125 0.083984375
6 0.79150390625 0.0361328125 0.0830078125 0.072265625
5 0.91650390625 0.04736328125 0.0830078125 0.0947265625
7 0.04150390625 0.16259765625 0.0830078125 0.0751953125
30 0.16650390625 0.16943359375 0.0830078125 0.0888671875
8 0.29150390625 0.17236328125 0.0830078125 0.0947265625
29 0.41650390625 0.16845703125 0.0830078125 0.0869140625
17 0.54150390625 0.17578125 0.0830078125 0.1015625
3 0.66650390625 0.15625 0.0830078125 0.0625
0 0.79150390625 0.158203125 0.0830078125 0.06640625
20 0.91650390625 0.17041015625 0.0830078125 0.0908203125
32 0.04150390625 0.3017578125 0.0830078125 0.103515625
6 0.16650390625 0.29931640625 0.0830078125 0.0986328125
18 0.29150390625 0.30322265625 0.0830078125 0.1064453125
10 0.41650390625 0.28515625 0.0830078125 0.0703125
14 0.54150390625 0.28857421875 0.0830078125 0.0771484375
20 0.66650390625 0.28564453125 0.0830078125 0.0712890625
9 0.79150390625 0.29638671875 0.0830078125 0.0927734375
6 0.91650390625 0.2880859375 0.0830078125 0.076171875
16 0.04150390625 0.408203125 0.0830078125 0.06640625
11 0.16650390625 0.4267578125 0.0830078125 0.103515625
12 0.29150390625 0.41552734375 0.0830078125 0.0810546875
31 0.41650390625 0.41748046875 0.0830078125 0.0849609375
13 0.54150390625 0.41552734375 0.0830078125 0.0810546875
7 0.66650390625 0.408203125 0.0830078125 0.06640625
9 0.79150390625 0.41064453125 0.0830078125 0.0712890625
14 0.91650390625 0.4228515625 0.0830078125 0.095703125
3 0.04150390625 0.5439453125 0.0830078125 0.087890625
6 0.16650390625 0.54150390625 0.0830078125 0.0830078125
23 0.29150390625 0.53955078125 0.0830078125 0.0791015625
32 0.41650390625 0.53515625 0.0830078125 0.0703125
12 0.54150390625 0.5322265625 0.0830078125 0.064453125
31 0.66650390625 0.54638671875 0.0830078125 0.0927734375
7 0.79150390625 0.537109375 0.0830078125 0.07421875
28 0.91650390625 0.54296875 0.0830078125 0.0859375
13 0.04150390625 0.65869140625 0.0830078125 0.0673828125
25 0.16650390625 0.671875 0.0830078125 0.09375
3 0.29150390625 0.66455078125 0.0830078125 0.0791015625
30 0.41650390625 0.65966796875 0.0830078125 0.0693359375
26 0.54150390625 0.66552734375 0.0830078125 0.0810546875
18 0.66650390625 0.65576171875 0.0830078125 0.0615234375
11 0.79150390625 0.66552734375 0.0830078125 0.0810546875
9 0.91650390625 0.67431640625 0.0830078125 0.0986328125
26 0.04150390625 0.7841796875 0.0830078125 0.068359375
5 0.16650390625 0.78173828125 0.0830078125 0.0634765625
33 0.29150390625 0.8017578125 0.0830078125 0.103515625
15 0.41650390625 0.79541015625 0.0830078125 0.0908203125
25 0.54150390625 0.78125 0.0830078125 0.0625
19 0.66650390625 0.79443359375 0.0830078125 0.0888671875
19 0.79150390625 0.78466796875 0.0830078125 0.0693359375
18 0.91650390625 0.79150390625 0.0830078125 0.0830078125
21 0.04150390625 0.90625 0.0830078125 0.0625
4 0.16650390625 0.91357421875 0.0830078125 0.0771484375
9 0.29150390625 0.9091796875 0.0830078125 0.068359375
9 0.41650390625 0.912109375 0.0830078125 0.07421875
13 0.54150390625 0.9111328125 0.0830078125 0.072265625
6 0.66650390625 0.90966796875 0.0830078125 0.0693359375
30 0.79150390625 0.9130859375 0.0830078125 0.076171875
11 0.91650390625 0.92578125 0.0830078125 0.1015625
