18 0.04150390625 0.0341796875 0.0830078125 0.068359375
12 0.16650390625 0.0390625 0.0830078125 0.078125
13 0.29150390625 0.03076171875 0.0830078125 0.0615234375
14 0.41650390625 0.04150390625 0.0830078125 0.0830078125
20 0.54150390625 0.0439453125 0.0830078125 0.087890625
33 0.66650390625 0.0380859375 0.0830078125 0.076171875
1 0.79150390625 0.03515625 0.0830078125 0.0703125
27 0.91650390625 0.04736328125 0.0830078125 0.0947265625
5 0.04150390625 0.16748046875 0.0830078125 0.0849609375
28 0.16650390625 0.1572265625 0.0830078125 0.064453125
21 0.29150390625 0.15869140625 0.0830078125 0.0673828125
7 0.41650390625 0.16259765625 0.0830078125 0.0751953125
15 0.54150390625 0.16845703125 0.0830078125 0.0869140625
13 0.66650390625 0.166015625 0.0830078125 0.08203125
4 0.79150390625 0.1669921875 0.0830078125 0.083984375
15 0.91650390625 0.169921875 0.0830078125 0.08984375
17 0.04150390625 0.2919921875 0.0830078125 0.083984375
14 0.16650390625 0.2841796875 0.0830078125 0.068359375
27 0.29150390625 0.2900390625 0.0830078125 0.080078125
4 0.41650390625 0.28515625 0.0830078125 0.0703125
29 0.54150390625 0.3017578125 0.0830078125 0.103515625
19 0.66650390625 0.28564453125 0.0830078125 0.0712890625
13 0.79150390625 0.3017578125 0.0830078125 0.103515625
27 0.91650390625 0.28466796875 0.0830078125 0.0693359375
26 0.04150390625 0.42724609375 0.0830078125 0.1044921875
20 0.16650390625 0.4169921875 0.0830078125 0.083984375
5 0.29150390625 0.41650390625 0.0830078125 0.0830078125
4 0.41650390625 0.421875 0.0830078125 0.09375
18 0.54150390625 0.421875 0.0830078125 0.09375
33 0.66650390625 0.4140625 0.0830078125 0.078125
27 0.79150390625 0.421875 0.0830078125 0.09375
16 0.91650390625 0.40673828125 0.0830078125 0.0634765625
7 0.04150390625 0.54052734375 0.0830078125 0.0810546875
30 0.16650390625 0.54052734375 0.0830078125 0.0810546875
0 0.29150390625 0.53759765625 0.0830078125 0.0751953125
23 0.41650390625 0.54296875 0.0830078125 0.0859375
33 0.54150390625 0.5478515625 0.0830078125 0.095703125
0 0.66650390625 0.5361328125 0.0830078125 0.072265625
26 0.79150390625 0.5439453125 0.0830078125 0.087890625
7 0.91650390625 0.53076171875 0.0830078125 0.0615234375
26 0.04150390625 0.65966796875 0.0830078125 0.0693359375
27 0.16650390625 0.67919921875 0.0830078125 0.1083984375
19 0.29150390625 0.66015625 0.0830078125 0.0703125
7 0.41650390625 0.666015625 0.0830078125 0.08203125
3 0.54150390625 0.67431640625 0.0830078125 0.0986328125
29 0.66650390625 0.66015625 0.0830078125 0.0703125
32 0.79150390625 0.662109375 0.0830078125 0.07421875
8 0.91650390625 0.66796875 0.0830078125 0.0859375
1 0.04150390625 0.791015625 0.0830078125 0.08203125
9 0.16650390625 0.80322265625 0.0830078125 0.1064453125
8 0.29150390625 0.80029296875 0.0830078125 0.1005859375
20 0.41650390625 0.79248046875 0.0830078125 0.0849609375
18 0.54150390625 0.794921875 0.0830078125 0.08984375
20 0.66650390625 0.787109375 0.0830078125 0.07421875
0 0.79150390625 0.79345703125 0.0830078125 0.0869140625
32 0.91650390625 0.7890625 0.0830078125 0.078125
24 0.04150390625 0.92041015625 0.0830078125 0.0908203125
15 0.16650390625 0.912109375 0.0830078125 0.07421875
16 0.29150390625 0.912109375 0.0830078125 0.07421875
27 0.41650390625 0.908203125 0.0830078125 0.06640625
9 0.54150390625 0.923828125 0.0830078125 0.09765625
1 0.66650390625 0.9072265625 0.0830078125 0.064453125
33 0.79150390625 0.9111328125 0.0830078125 0.072265625
0 0.91650390625 0.92138671875 0.0830078125 0.0927734375
