28 0.06640625 0.0595703125 0.1328125 0.119140625
11 0.265625 0.07763671875 0.1328125 0.1552734375
5 0.4658203125 0.07763671875 0.1328125 0.1552734375
4 0.666015625 0.05810546875 0.1328125 0.1162109375
9 0.8662109375 0.0634765625 0.1328125 0.126953125
0 0.06640625 0.27734375 0.1328125 0.15625
8 0.265625 0.26513671875 0.1328125 0.1318359375
27 0.4658203125 0.25732421875 0.1328125 0.1162109375
15 0.666015625 0.24951171875 0.1328125 0.1005859375
31 0.8662109375 0.27685546875 0.1328125 0.1552734375
24 0.06640625 0.48583984375 0.1328125 0.1728515625
6 0.265625 0.4560546875 0.1328125 0.11328125
9 0.4658203125 0.48291015625 0.1328125 0.1669921875
4 0.666015625 0.4599609375 0.1328125 0.12109375
30 0.8662109375 0.47119140625 0.1328125 0.1435546875
16 0.06640625 0.67919921875 0.1328125 0.1591796875
10 0.265625 0.65478515625 0.1328125 0.1103515625
30 0.4658203125 0.681640625 0.1328125 0.1640625
10 0.666015625 0.65087890625 0.1328125 0.1025390625
6 0.8662109375 0.6845703125 0.1328125 0.169921875
24 0.06640625 0.88037109375 0.1328125 0.1611328125
13 0.265625 0.86669921875 0.1328125 0.1337890625
2 0.4658203125 0.8544921875 0.1328125 0.109375
15 0.666015625 0.87060546875 0.1328125 0.1416015625
29 0.8662109375 0.87744140625 0.1328125 0.1552734375
