4 0.04736328125 0.052734375 0.0947265625 0.10546875
10 0.18994140625 0.056640625 0.0947265625 0.11328125
27 0.33251953125 0.0537109375 0.0947265625 0.107421875
15 0.47509765625 0.05029296875 0.0947265625 0.1005859375
30 0.61865234375 0.04931640625 0.0947265625 0.0986328125
4 0.76123046875 0.04736328125 0.0947265625 0.0947265625
13 0.90380859375 0.0390625 0.0947265625 0.078125
14 0.04736328125 0.17919921875 0.0947265625 0.0732421875
12 0.18994140625 0.19921875 0.0947265625 0.11328125
28 0.33251953125 0.1845703125 0.0947265625 0.083984375
10 0.47509765625 0.1826171875 0.0947265625 0.080078125
3 0.61865234375 0.1982421875 0.0947265625 0.111328125
4 0.76123046875 0.19287109375 0.0947265625 0.1005859375
23 0.90380859375 0.193359375 0.0947265625 0.1015625
12 0.04736328125 0.33642578125 0.0947265625 0.1025390625
18 0.18994140625 0.333984375 0.0947265625 0.09765625
29 0.33251953125 0.3310546875 0.0947265625 0.091796875
20 0.47509765625 0.34326171875 0.0947265625 0.1162109375
33 0.61865234375 0.3330078125 0.0947265625 0.095703125
32 0.76123046875 0.34375 0.0947265625 0.1171875
24 0.90380859375 0.32861328125 0.0947265625 0.0869140625
12 0.04736328125 0.48291015625 0.0947265625 0.1103515625
20 0.18994140625 0.484375 0.0947265625 0.11328125
6 0.33251953125 0.47900390625 0.0947265625 0.1025390625
0 0.47509765625 0.46728515625 0.0947265625 0.0791015625
18 0.61865234375 0.4833984375 0.0947265625 0.111328125
17 0.76123046875 0.47607421875 0.0947265625 0.0966796875
28 0.90380859375 0.4794921875 0.0947265625 0.103515625
1 0.04736328125 0.630859375 0.0947265625 0.119140625
2 0.18994140625 0.62255859375 0.0947265625 0.1025390625
1 0.33251953125 0.6123046875 0.0947265625 0.08203125
8 0.47509765625 0.6240234375 0.0947265625 0.10546875
19 0.61865234375 0.62841796875 0.0947265625 0.1142578125
10 0.76123046875 0.62451171875 0.0947265625 0.1064453125
1 0.90380859375 0.61328125 0.0947265625 0.083984375
27 0.04736328125 0.76904296875 0.0947265625 0.1103515625
10 0.18994140625 0.75634765625 0.0947265625 0.0849609375
5 0.33251953125 0.75927734375 0.0947265625 0.0908203125
14 0.47509765625 0.7705078125 0.0947265625 0.11328125
29 0.61865234375 0.76025390625 0.0947265625 0.0927734375
6 0.76123046875 0.76123046875 0.0947265625 0.0947265625
0 0.90380859375 0.76513671875 0.0947265625 0.1025390625
27 0.04736328125 0.9052734375 0.0947265625 0.09765625
26 0.18994140625 0.9072265625 0.0947265625 0.1015625
8 0.33251953125 0.8984375 0.0947265625 0.083984375
32 0.47509765625 0.90576171875 0.0947265625 0.0986328125
5 0.61865234375 0.89453125 0.0947265625 0.076171875
14 0.76123046875 0.9091796875 0.0947265625 0.10546875
3 0.90380859375 0.89892578125 0.0947265625 0.0849609375
