7 0.0830078125 0.09912109375 0.166015625 0.1982421875
29 0.3330078125 0.0859375 0.166015625 0.171875
32 0.5830078125 0.06591796875 0.166015625 0.1318359375
29 0.8330078125 0.08447265625 0.166015625 0.1689453125
1 0.0830078125 0.33056640625 0.166015625 0.1611328125
21 0.3330078125 0.32861328125 0.166015625 0.1572265625
24 0.5830078125 0.34619140625 0.166015625 0.1923828125
14 0.8330078125 0.3359375 0.166015625 0.171875
20 0.0830078125 0.576171875 0.166015625 0.15234375
33 0.3330078125 0.58837890625 0.166015625 0.1767578125
10 0.5830078125 0.572265625 0.166015625 0.14453125
1 0.8330078125 0.57568359375 0.166015625 0.1513671875
28 0.0830078125 0.82568359375 0.166015625 0.1513671875
24 0.3330078125 0.81640625 0.166015625 0.1328125
15 0.5830078125 0.8388671875 0.166015625 0.177734375
16 0.8330078125 0.81591796875 0.166015625 0.1318359375
