9 0.0830078125 0.09375 0.166015625 0.1875
28 0.3330078125 0.087890625 0.166015625 0.17578125
0 0.5830078125 0.091796875 0.166015625 0.18359375
22 0.8330078125 0.10205078125 0.166015625 0.2041015625
23 0.0830078125 0.33984375 0.166015625 0.1796875
26 0.3330078125 0.32470703125 0.166015625 0.1494140625
19 0.5830078125 0.32373046875 0.166015625 0.1474609375
10 0.8330078125 0.35205078125 0.166015625 0.2041015625
20 0.0830078125 0.58984375 0.166015625 0.1796875
24 0.3330078125 0.56396484375 0.166015625 0.1279296875
1 0.5830078125 0.57275390625 0.166015625 0.1455078125
6 0.8330078125 0.56298828125 0.166015625 0.1259765625
17 0.0830078125 0.8388671875 0.166015625 0.177734375
29 0.3330078125 0.83251953125 0.166015625 0.1650390625
27 0.5830078125 0.81396484375 0.166015625 0.1279296875
9 0.8330078125 0.83154296875 0.166015625 0.1630859375
