27 0.05517578125 0.044921875 0.1103515625 0.08984375
5 0.22119140625 0.0595703125 0.1103515625 0.119140625
22 0.38818359375 0.05322265625 0.1103515625 0.1064453125
5 0.55517578125 0.05029296875 0.1103515625 0.1005859375
30 0.72119140625 0.052734375 0.1103515625 0.10546875
11 0.88818359375 0.05078125 0.1103515625 0.1015625
33 0.05517578125 0.20947265625 0.1103515625 0.0869140625
22 0.22119140625 0.22216796875 0.1103515625 0.1123046875
16 0.38818359375 0.2119140625 0.1103515625 0.091796875
22 0.55517578125 0.208984375 0.1103515625 0.0859375
0 0.72119140625 0.2216796875 0.1103515625 0.111328125
30 0.88818359375 0.21435546875 0.1103515625 0.0966796875
12 0.05517578125 0.3876953125 0.1103515625 0.109375
20 0.22119140625 0.40185546875 0.1103515625 0.1376953125
12 0.38818359375 0.39306640625 0.1103515625 0.1201171875
21 0.55517578125 0.37841796875 0.1103515625 0.0908203125
24 0.72119140625 0.3984375 0.1103515625 0.130859375
33 0.88818359375 0.3818359375 0.1103515625 0.09765625
23 0.05517578125 0.55078125 0.1103515625 0.1015625
26 0.22119140625 0.5546875 0.1103515625 0.109375
31 0.38818359375 0.5517578125 0.1103515625 0.103515625
22 0.55517578125 0.55615234375 0.1103515625 0.1123046875
11 0.72119140625 0.546875 0.1103515625 0.09375
2 0.88818359375 0.5537109375 0.1103515625 0.107421875
29 0.05517578125 0.7255859375 0.1103515625 0.119140625
2 0.22119140625 0.7158203125 0.1103515625 0.099609375
1 0.38818359375 0.720703125 0.1103515625 0.109375
29 0.55517578125 0.7138671875 0.1103515625 0.095703125
2 0.72119140625 0.7236328125 0.1103515625 0.115234375
30 0.88818359375 0.740234375 0.1103515625 0.1484375
32 0.05517578125 0.8916015625 0.1103515625 0.1171875
16 0.22119140625 0.89208984375 0.1103515625 0.1181640625
25 0.38818359375 0.8857421875 0.1103515625 0.10546875
13 0.55517578125 0.8876953125 0.1103515625 0.109375
28 0.72119140625 0.8837890625 0.1103515625 0.1015625
15 0.88818359375 0.89990234375 0.1103515625 0.1337890625
