23 0.04736328125 0.05859375 0.0947265625 0.1171875
24 0.18994140625 0.03759765625 0.0947265625 0.0751953125
9 0.33251953125 0.04345703125 0.0947265625 0.0869140625
9 0.47509765625 0.06201171875 0.0947265625 0.1240234375
12 0.61865234375 0.0361328125 0.0947265625 0.072265625
4 0.76123046875 0.0439453125 0.0947265625 0.087890625
28 0.90380859375 0.06005859375 0.0947265625 0.1201171875
20 0.04736328125 0.18359375 0.0947265625 0.08203125
27 0.18994140625 0.181640625 0.0947265625 0.078125
23 0.33251953125 0.193359375 0.0947265625 0.1015625
15 0.47509765625 0.19580078125 0.0947265625 0.1064453125
22 0.61865234375 0.18017578125 0.0947265625 0.0751953125
28 0.76123046875 0.1845703125 0.0947265625 0.083984375
16 0.90380859375 0.19091796875 0.0947265625 0.0966796875
24 0.04736328125 0.33349609375 0.0947265625 0.0966796875
21 0.18994140625 0.33984375 0.0947265625 0.109375
1 0.33251953125 0.32470703125 0.0947265625 0.0791015625
1 0.47509765625 0.33349609375 0.0947265625 0.0966796875
12 0.61865234375 0.3310546875 0.0947265625 0.091796875
25 0.76123046875 0.34375 0.0947265625 0.1171875
12 0.90380859375 0.34326171875 0.0947265625 0.1162109375
20 0.04736328125 0.466796875 0.0947265625 0.078125
19 0.18994140625 0.466796875 0.0947265625 0.078125
16 0.33251953125 0.474609375 0.0947265625 0.09375
30 0.47509765625 0.4833984375 0.0947265625 0.111328125
7 0.61865234375 0.46875 0.0947265625 0.08203125
20 0.76123046875 0.474609375 0.0947265625 0.09375
9 0.90380859375 0.46337890625 0.0947265625 0.0712890625
9 0.04736328125 0.61376953125 0.0947265625 0.0849609375
27 0.18994140625 0.6240234375 0.0947265625 0.10546875
6 0.33251953125 0.6142578125 0.0947265625 0.0859375
10 0.47509765625 0.619140625 0.0947265625 0.095703125
16 0.61865234375 0.61181640625 0.0947265625 0.0810546875
5 0.76123046875 0.611328125 0.0947265625 0.080078125
24 0.90380859375 0.62109375 0.0947265625 0.099609375
9 0.04736328125 0.77587890625 0.0947265625 0.1240234375
25 0.18994140625 0.75634765625 0.0947265625 0.0849609375
10 0.33251953125 0.76708984375 0.0947265625 0.1064453125
6 0.47509765625 0.75146484375 0.0947265625 0.0751953125
14 0.61865234375 0.76904296875 0.0947265625 0.1103515625
28 0.76123046875 0.7666015625 0.0947265625 0.10546875
2 0.90380859375 0.75830078125 0.0947265625 0.0888671875
14 0.04736328125 0.9111328125 0.0947265625 0.109375
5 0.18994140625 0.89306640625 0.0947265625 0.0732421875
15 0.33251953125 0.8974609375 0.0947265625 0.08203125
7 0.47509765625 0.8984375 0.0947265625 0.083984375
15 0.61865234375 0.89501953125 0.0947265625 0.0771484375
28 0.76123046875 0.90380859375 0.0947265625 0.0947265625
29 0.90380859375 0.91650390625 0.0947265625 0.1201171875
