32 0.04736328125 0.04833984375 0.0947265625 0.0966796875
31 0.18994140625 0.06103515625 0.0947265625 0.1220703125
2 0.33251953125 0.0546875 0.0947265625 0.109375
19 0.47509765625 0.04638671875 0.0947265625 0.0927734375
18 0.61865234375 0.0419921875 0.0947265625 0.083984375
6 0.76123046875 0.0458984375 0.0947265625 0.091796875
14 0.90380859375 0.0458984375 0.0947265625 0.091796875
31 0.04736328125 0.1982421875 0.0947265625 0.111328125
25 0.18994140625 0.18896484375 0.0947265625 0.0927734375
13 0.33251953125 0.19775390625 0.0947265625 0.1103515625
21 0.47509765625 0.18603515625 0.0947265625 0.0869140625
11 0.61865234375 0.18798828125 0.0947265625 0.0908203125
11 0.76123046875 0.20068359375 0.0947265625 0.1162109375
17 0.90380859375 0.18359375 0.0947265625 0.08203125
7 0.04736328125 0.33447265625 0.0947265625 0.0986328125
17 0.18994140625 0.32080078125 0.0947265625 0.0712890625
20 0.33251953125 0.3310546875 0.0947265625 0.091796875
26 0.47509765625 0.32763671875 0.0947265625 0.0849609375
1 0.61865234375 0.34228515625 0.0947265625 0.1142578125
32 0.76123046875 0.3310546875 0.0947265625 0.091796875
15 0.90380859375 0.32177734375 0.0947265625 0.0732421875
2 0.04736328125 0.47021484375 0.0947265625 0.0849609375
28 0.18994140625 0.47607421875 0.0947265625 0.0966796875
26 0.33251953125 0.484375 0.0947265625 0.11328125
10 0.47509765625 0.4736328125 0.0947265625 0.091796875
12 0.61865234375 0.48779296875 0.0947265625 0.1201171875
2 0.76123046875 0.48779296875 0.0947265625 0.1201171875
21 0.90380859375 0.46923828125 0.0947265625 0.0830078125
15 0.04736328125 0.60791015625 0.0947265625 0.0732421875
0 0.18994140625 0.61279296875 0.0947265625 0.0830078125
12 0.33251953125 0.630859375 0.0947265625 0.119140625
10 0.47509765625 0.6171875 0.0947265625 0.091796875
13 0.61865234375 0.6201171875 0.0947265625 0.09765625
3 0.76123046875 0.6220703125 0.0947265625 0.1015625
33 0.90380859375 0.61279296875 0.0947265625 0.0830078125
6 0.04736328125 0.7578125 0.0947265625 0.087890625
30 0.18994140625 0.75732421875 0.0947265625 0.0869140625
9 0.33251953125 0.7685546875 0.0947265625 0.109375
6 0.47509765625 0.759765625 0.0947265625 0.091796875
1 0.61865234375 0.76025390625 0.0947265625 0.0927734375
15 0.76123046875 0.76220703125 0.0947265625 0.0966796875
21 0.90380859375 0.7685546875 0.0947265625 0.109375
23 0.04736328125 0.89990234375 0.0947265625 0.0869140625
0 0.18994140625 0.900390625 0.0947265625 0.087890625
26 0.33251953125 0.9072265625 0.0947265625 0.1015625
29 0.47509765625 0.89501953125 0.0947265625 0.0771484375
32 0.61865234375 0.90478515625 0.0947265625 0.0966796875
11 0.76123046875 0.9033203125 0.0947265625 0.09375
24 0.90380859375 0.9111328125 0.0947265625 0.109375
