22 0.05517578125 0.04833984375 0.1103515625 0.0966796875
13 0.22119140625 0.068359375 0.1103515625 0.13671875
15 0.38818359375 0.05078125 0.1103515625 0.1015625
31 0.55517578125 0.052734375 0.1103515625 0.10546875
9 0.72119140625 0.06494140625 0.1103515625 0.1298828125
0 0.88818359375 0.046875 0.1103515625 0.09375
30 0.05517578125 0.2197265625 0.1103515625 0.107421875
26 0.22119140625 0.23681640625 0.1103515625 0.1416015625
14 0.38818359375 0.22998046875 0.1103515625 0.1279296875
30 0.55517578125 0.2236328125 0.1103515625 0.115234375
0 0.72119140625 0.22216796875 0.1103515625 0.1123046875
11 0.88818359375 0.21875 0.1103515625 0.10546875
27 0.05517578125 0.37890625 0.1103515625 0.091796875
32 0.22119140625 0.3837890625 0.1103515625 0.1015625
26 0.38818359375 0.38818359375 0.1103515625 0.1103515625
6 0.55517578125 0.40185546875 0.1103515625 0.1376953125
31 0.72119140625 0.39208984375 0.1103515625 0.1181640625
13 0.88818359375 0.390625 0.1103515625 0.115234375
17 0.05517578125 0.5576171875 0.1103515625 0.115234375
8 0.22119140625 0.5498046875 0.1103515625 0.099609375
7 0.38818359375 0.56591796875 0.1103515625 0.1318359375
0 0.55517578125 0.56103515625 0.1103515625 0.1220703125
3 0.72119140625 0.544921875 0.1103515625 0.08984375
28 0.88818359375 0.546875 0.1103515625 0.09375
23 0.05517578125 0.72119140625 0.1103515625 0.1103515625
25 0.22119140625 0.7236328125 0.1103515625 0.115234375
11 0.38818359375 0.724609375 0.1103515625 0.1171875
26 0.55517578125 0.712890625 0.1103515625 0.09375
15 0.72119140625 0.7119140625 0.1103515625 0.091796875
32 0.88818359375 0.72998046875 0.1103515625 0.1279296875
5 0.05517578125 0.8837890625 0.1103515625 0.1015625
31 0.22119140625 0.880859375 0.1103515625 0.095703125
9 0.38818359375 0.880859375 0.1103515625 0.095703125
3 0.55517578125 0.890625 0.1103515625 0.115234375
28 0.72119140625 0.87646484375 0.1103515625 0.0869140625
30 0.88818359375 0.89697265625 0.1103515625 0.1279296875
