6 0.06640625 0.0751953125 0.1328125 0.150390625
12 0.265625 0.07373046875 0.1328125 0.1474609375
16 0.4658203125 0.078125 0.1328125 0.15625
6 0.666015625 0.06201171875 0.1328125 0.1240234375
26 0.8662109375 0.0693359375 0.1328125 0.138671875
14 0.06640625 0.25537109375 0.1328125 0.1123046875
18 0.265625 0.2666015625 0.1328125 0.134765625
6 0.4658203125 0.26025390625 0.1328125 0.1220703125
2 0.666015625 0.263671875 0.1328125 0.12890625
33 0.8662109375 0.2626953125 0.1328125 0.126953125
29 0.06640625 0.47119140625 0.1328125 0.1435546875
17 0.265625 0.47900390625 0.1328125 0.1591796875
12 0.4658203125 0.4599609375 0.1328125 0.12109375
23 0.666015625 0.47265625 0.1328125 0.146484375
30 0.8662109375 0.46484375 0.1328125 0.130859375
2 0.06640625 0.65576171875 0.1328125 0.1123046875
18 0.265625 0.6689453125 0.1328125 0.138671875
7 0.4658203125 0.6513671875 0.1328125 0.103515625
19 0.666015625 0.67919921875 0.1328125 0.1591796875
8 0.8662109375 0.6591796875 0.1328125 0.119140625
14 0.06640625 0.86181640625 0.1328125 0.1240234375
5 0.265625 0.8515625 0.1328125 0.103515625
21 0.4658203125 0.86865234375 0.1328125 0.1376953125
4 0.666015625 0.86767578125 0.1328125 0.1357421875
0 0.8662109375 0.884765625 0.1328125 0.169921875
