13 0.06640625 0.0517578125 0.1328125 0.103515625
20 0.265625 0.08837890625 0.1328125 0.1767578125
0 0.4658203125 0.078125 0.1328125 0.15625
16 0.666015625 0.05126953125 0.1328125 0.1025390625
14 0.8662109375 0.06884765625 0.1328125 0.1376953125
22 0.06640625 0.2744140625 0.1328125 0.150390625
22 0.265625 0.27001953125 0.1328125 0.1416015625
29 0.4658203125 0.27001953125 0.1328125 0.1416015625
5 0.666015625 0.2529296875 0.1328125 0.107421875
32 0.8662109375 0.24951171875 0.1328125 0.1005859375
4 0.06640625 0.4775390625 0.1328125 0.15625
12 0.265625 0.45263671875 0.1328125 0.1064453125
23 0.4658203125 0.47119140625 0.1328125 0.1435546875
25 0.666015625 0.46044921875 0.1328125 0.1220703125
12 0.8662109375 0.46044921875 0.1328125 0.1220703125
6 0.06640625 0.67578125 0.1328125 0.15234375
33 0.265625 0.67236328125 0.1328125 0.1455078125
22 0.4658203125 0.65673828125 0.1328125 0.1142578125
23 0.666015625 0.6533203125 0.1328125 0.107421875
12 0.8662109375 0.68359375 0.1328125 0.16796875
20 0.06640625 0.86181640625 0.1328125 0.1240234375
12 0.265625 0.88818359375 0.1328125 0.1767578125
20 0.4658203125 0.8662109375 0.1328125 0.1328125
11 0.666015625 0.865234375 0.1328125 0.130859375
7 0.8662109375 0.85693359375 0.1328125 0.1142578125
