9 0.04736328125 0.0546875 0.0947265625 0.109375
28 0.18994140625 0.05517578125 0.0947265625 0.1103515625
7 0.33251953125 0.0595703125 0.0947265625 0.119140625
26 0.47509765625 0.04833984375 0.0947265625 0.0966796875
6 0.61865234375 0.0537109375 0.0947265625 0.107421875
25 0.76123046875 0.05126953125 0.0947265625 0.1025390625
9 0.90380859375 0.041015625 0.0947265625 0.08203125
15 0.04736328125 0.20068359375 0.0947265625 0.1162109375
12 0.18994140625 0.19091796875 0.0947265625 0.0966796875
21 0.33251953125 0.18505859375 0.0947265625 0.0849609375
23 0.47509765625 0.1982421875 0.0947265625 0.111328125
25 0.61865234375 0.17822265625 0.0947265625 0.0712890625
24 0.76123046875 0.18896484375 0.0947265625 0.0927734375
2 0.90380859375 0.18408203125 0.0947265625 0.0830078125
22 0.04736328125 0.33251953125 0.0947265625 0.0947265625
23 0.18994140625 0.3447265625 0.0947265625 0.119140625
2 0.33251953125 0.32568359375 0.0947265625 0.0810546875
22 0.47509765625 0.3408203125 0.0947265625 0.111328125
9 0.61865234375 0.32666015625 0.0947265625 0.0830078125
33 0.76123046875 0.33984375 0.0947265625 0.109375
31 0.90380859375 0.32568359375 0.0947265625 0.0810546875
19 0.04736328125 0.4833984375 0.0947265625 0.111328125
25 0.18994140625 0.46875 0.0947265625 0.08203125
3 0.33251953125 0.4873046875 0.0947265625 0.119140625
23 0.47509765625 0.46533203125 0.0947265625 0.0751953125
27 0.61865234375 0.4833984375 0.0947265625 0.111328125
6 0.76123046875 0.4833984375 0.0947265625 0.111328125
21 0.90380859375 0.46875 0.0947265625 0.08203125
18 0.04736328125 0.63330078125 0.0947265625 0.1240234375
9 0.18994140625 0.62109375 0.0947265625 0.099609375
26 0.33251953125 0.61767578125 0.0947265625 0.0927734375
18 0.47509765625 0.61279296875 0.0947265625 0.0830078125
5 0.61865234375 0.62255859375 0.0947265625 0.1025390625
25 0.76123046875 0.61572265625 0.0947265625 0.0888671875
0 0.90380859375 0.626953125 0.0947265625 0.111328125
33 0.04736328125 0.7646484375 0.0947265625 0.1015625
21 0.18994140625 0.7578125 0.0947265625 0.087890625
8 0.33251953125 0.75439453125 0.0947265625 0.0810546875
22 0.47509765625 0.76123046875 0.0947265625 0.0947265625
15 0.61865234375 0.7705078125 0.0947265625 0.11328125
28 0.76123046875 0.75341796875 0.0947265625 0.0791015625
12 0.90380859375 0.76953125 0.0947265625 0.111328125
17 0.04736328125 0.9150390625 0.0947265625 0.1171875
16 0.18994140625 0.91162109375 0.0947265625 0.1103515625
20 0.33251953125 0.9072265625 0.0947265625 0.1015625
11 0.47509765625 0.900390625 0.0947265625 0.087890625
9 0.61865234375 0.89404296875 0.0947265625 0.0751953125
10 0.76123046875 0.9111328125 0.0947265625 0.109375
29 0.90380859375 0.90673828125 0.0947265625 0.1005859375
