15 0.06640625 0.0693359375 0.1328125 0.138671875
33 0.265625 0.0732421875 0.1328125 0.146484375
10 0.4658203125 0.07763671875 0.1328125 0.1552734375
1 0.666015625 0.06103515625 0.1328125 0.1220703125
24 0.8662109375 0.064453125 0.1328125 0.12890625
5 0.06640625 0.28271484375 0.1328125 0.1669921875
23 0.265625 0.283203125 0.1328125 0.16796875
14 0.4658203125 0.2646484375 0.1328125 0.130859375
23 0.666015625 0.2763671875 0.1328125 0.154296875
8 0.8662109375 0.27197265625 0.1328125 0.1455078125
7 0.06640625 0.46337890625 0.1328125 0.1279296875
18 0.265625 0.478515625 0.1328125 0.158203125
14 0.4658203125 0.46875 0.1328125 0.138671875
26 0.666015625 0.46044921875 0.1328125 0.1220703125
11 0.8662109375 0.47021484375 0.1328125 0.1416015625
32 0.06640625 0.677734375 0.1328125 0.15625
16 0.265625 0.66064453125 0.1328125 0.1220703125
14 0.4658203125 0.66650390625 0.1328125 0.1337890625
21 0.666015625 0.67578125 0.1328125 0.15234375
32 0.8662109375 0.6533203125 0.1328125 0.107421875
11 0.06640625 0.87939453125 0.1328125 0.1591796875
33 0.265625 0.865234375 0.1328125 0.130859375
12 0.4658203125 0.86572265625 0.1328125 0.1318359375
14 0.666015625 0.8759765625 0.1328125 0.15234375
28 0.8662109375 0.87060546875 0.1328125 0.1416015625
