25 0.05517578125 0.068359375 0.1103515625 0.13671875
3 0.22119140625 0.06201171875 0.1103515625 0.1240234375
11 0.38818359375 0.06591796875 0.1103515625 0.1318359375
2 0.55517578125 0.0498046875 0.1103515625 0.099609375
5 0.72119140625 0.04443359375 0.1103515625 0.0888671875
1 0.88818359375 0.05126953125 0.1103515625 0.1025390625
10 0.05517578125 0.22509765625 0.1103515625 0.1181640625
12 0.22119140625 0.22998046875 0.1103515625 0.1279296875
17 0.38818359375 0.2099609375 0.1103515625 0.087890625
8 0.55517578125 0.2109375 0.1103515625 0.08984375
19 0.72119140625 0.20751953125 0.1103515625 0.0830078125
33 0.88818359375 0.212890625 0.1103515625 0.09375
19 0.05517578125 0.3916015625 0.1103515625 0.1171875
19 0.22119140625 0.3828125 0.1103515625 0.099609375
10 0.38818359375 0.3828125 0.1103515625 0.099609375
11 0.55517578125 0.3828125 0.1103515625 0.099609375
22 0.72119140625 0.3896484375 0.1103515625 0.11328125
25 0.88818359375 0.384765625 0.1103515625 0.103515625
26 0.05517578125 0.548828125 0.1103515625 0.09765625
5 0.22119140625 0.56884765625 0.1103515625 0.1376953125
10 0.38818359375 0.5654296875 0.1103515625 0.130859375
28 0.55517578125 0.54296875 0.1103515625 0.0859375
19 0.72119140625 0.568359375 0.1103515625 0.13671875
2 0.88818359375 0.56103515625 0.1103515625 0.1220703125
7 0.05517578125 0.720703125 0.1103515625 0.109375
31 0.22119140625 0.71337890625 0.1103515625 0.0947265625
28 0.38818359375 0.71875 0.1103515625 0.10546875
22 0.55517578125 0.71484375 0.1103515625 0.09765625
24 0.72119140625 0.70947265625 0.1103515625 0.0869140625
25 0.88818359375 0.72509765625 0.1103515625 0.1181640625
25 0.05517578125 0.89013671875 0.1103515625 0.1142578125
15 0.22119140625 0.89453125 0.1103515625 0.123046875
15 0.38818359375 0.88916015625 0.1103515625 0.1123046875
6 0.55517578125 0.8779296875 0.1103515625 0.08984375
13 0.72119140625 0.89501953125 0.1103515625 0.1240234375
21 0.88818359375 0.9013671875 0.1103515625 0.13671875
