14 0.0830078125 0.06494140625 0.166015625 0.1298828125
11 0.3330078125 0.072265625 0.166015625 0.14453125
26 0.5830078125 0.06884765625 0.166015625 0.1376953125
17 0.8330078125 0.09765625 0.166015625 0.1953125
31 0.0830078125 0.32373046875 0.166015625 0.1474609375
28 0.3330078125 0.337890625 0.166015625 0.17578125
4 0.5830078125 0.337890625 0.166015625 0.17578125
28 0.8330078125 0.3271484375 0.166015625 0.154296875
4 0.0830078125 0.56494140625 0.166015625 0.1298828125
4 0.3330078125 0.5791015625 0.166015625 0.158203125
20 0.5830078125 0.583984375 0.166015625 0.16796875
20 0.8330078125 0.6083984375 0.166015625 0.216796875
6 0.0830078125 0.8359375 0.166015625 0.171875
18 0.3330078125 0.837890625 0.166015625 0.17578125
15 0.5830078125 0.83447265625 0.166015625 0.1689453125
23 0.8330078125 0.8369140625 0.166015625 0.173828125
