1 0.05517578125 0.0556640625 0.1103515625 0.111328125
4 0.22119140625 0.05517578125 0.1103515625 0.1103515625
21 0.38818359375 0.0625 0.1103515625 0.125
17 0.55517578125 0.044921875 0.1103515625 0.08984375
2 0.72119140625 0.04296875 0.1103515625 0.0859375
22 0.88818359375 0.04833984375 0.1103515625 0.0966796875
26 0.05517578125 0.2275390625 0.1103515625 0.123046875
31 0.22119140625 0.2333984375 0.1103515625 0.134765625
22 0.38818359375 0.23583984375 0.1103515625 0.1396484375
12 0.55517578125 0.2099609375 0.1103515625 0.087890625
26 0.72119140625 0.216796875 0.1103515625 0.1015625
18 0.88818359375 0.23583984375 0.1103515625 0.1396484375
33 0.05517578125 0.396484375 0.1103515625 0.126953125
0 0.22119140625 0.39501953125 0.1103515625 0.1240234375
8 0.38818359375 0.39990234375 0.1103515625 0.1337890625
17 0.55517578125 0.39453125 0.1103515625 0.123046875
8 0.72119140625 0.390625 0.1103515625 0.115234375
7 0.88818359375 0.39208984375 0.1103515625 0.1181640625
27 0.05517578125 0.5673828125 0.1103515625 0.134765625
6 0.22119140625 0.5478515625 0.1103515625 0.095703125
10 0.38818359375 0.546875 0.1103515625 0.09375
1 0.55517578125 0.55517578125 0.1103515625 0.1103515625
29 0.72119140625 0.55419921875 0.1103515625 0.1083984375
11 0.88818359375 0.552734375 0.1103515625 0.10546875
1 0.05517578125 0.734375 0.1103515625 0.13671875
20 0.22119140625 0.708984375 0.1103515625 0.0859375
13 0.38818359375 0.72314453125 0.1103515625 0.1142578125
11 0.55517578125 0.7138671875 0.1103515625 0.095703125
5 0.72119140625 0.71142578125 0.1103515625 0.0908203125
10 0.88818359375 0.7158203125 0.1103515625 0.099609375
23 0.05517578125 0.8857421875 0.1103515625 0.10546875
19 0.22119140625 0.88427734375 0.1103515625 0.1025390625
25 0.38818359375 0.888671875 0.1103515625 0.111328125
17 0.55517578125 0.88623046875 0.1103515625 0.1064453125
26 0.72119140625 0.89111328125 0.1103515625 0.1162109375
26 0.88818359375 0.87451171875 0.1103515625 0.0830078125
