31 0.05517578125 0.06005859375 0.1103515625 0.1201171875
12 0.22119140625 0.0546875 0.1103515625 0.109375
7 0.38818359375 0.0615234375 0.1103515625 0.123046875
7 0.55517578125 0.05859375 0.1103515625 0.1171875
32 0.72119140625 0.0654296875 0.1103515625 0.130859375
11 0.88818359375 0.0498046875 0.1103515625 0.099609375
22 0.05517578125 0.22265625 0.1103515625 0.11328125
23 0.22119140625 0.2255859375 0.1103515625 0.119140625
2 0.38818359375 0.23291015625 0.1103515625 0.1337890625
12 0.55517578125 0.216796875 0.1103515625 0.1015625
13 0.72119140625 0.20947265625 0.1103515625 0.0869140625
16 0.88818359375 0.22314453125 0.1103515625 0.1142578125
4 0.05517578125 0.39990234375 0.1103515625 0.1337890625
20 0.22119140625 0.39990234375 0.1103515625 0.1337890625
33 0.38818359375 0.3818359375 0.1103515625 0.09765625
19 0.55517578125 0.39306640625 0.1103515625 0.1201171875
14 0.72119140625 0.3955078125 0.1103515625 0.125
29 0.88818359375 0.38671875 0.1103515625 0.107421875
2 0.05517578125 0.544921875 0.1103515625 0.08984375
27 0.22119140625 0.544921875 0.1103515625 0.08984375
2 0.38818359375 0.568359375 0.1103515625 0.13671875
33 0.55517578125 0.54833984375 0.1103515625 0.0966796875
10 0.72119140625 0.552734375 0.1103515625 0.10546875
23 0.88818359375 0.55859375 0.1103515625 0.1171875
12 0.05517578125 0.724609375 0.1103515625 0.1171875
32 0.22119140625 0.72412109375 0.1103515625 0.1162109375
3 0.38818359375 0.740234375 0.1103515625 0.1484375
26 0.55517578125 0.7314453125 0.1103515625 0.130859375
31 0.72119140625 0.720703125 0.1103515625 0.109375
1 0.88818359375 0.7275390625 0.1103515625 0.123046875
17 0.05517578125 0.89892578125 0.1103515625 0.1318359375
26 0.22119140625 0.8857421875 0.1103515625 0.10546875
31 0.38818359375 0.8828125 0.1103515625 0.099609375
20 0.55517578125 0.90380859375 0.1103515625 0.1416015625
25 0.72119140625 0.8837890625 0.1103515625 0.1015625
19 0.88818359375 0.87451171875 0.1103515625 0.0830078125
