29 0.04150390625 0.04736328125 0.0830078125 0.0947265625
25 0.16650390625 0.0400390625 0.0830078125 0.080078125
7 0.29150390625 0.03662109375 0.0830078125 0.0732421875
28 0.41650390625 0.04150390625 0.0830078125 0.0830078125
8 0.54150390625 0.0361328125 0.0830078125 0.072265625
12 0.66650390625 0.033203125 0.0830078125 0.06640625
2 0.79150390625 0.03955078125 0.0830078125 0.0791015625
32 0.91650390625 0.04931640625 0.0830078125 0.0986328125
23 0.04150390625 0.1689453125 0.0830078125 0.087890625
5 0.16650390625 0.166015625 0.0830078125 0.08203125
12 0.29150390625 0.17138671875 0.0830078125 0.0927734375
26 0.41650390625 0.1767578125 0.0830078125 0.103515625
7 0.54150390625 0.166015625 0.0830078125 0.08203125
0 0.66650390625 0.16015625 0.0830078125 0.0703125
32 0.79150390625 0.16552734375 0.0830078125 0.0810546875
9 0.91650390625 0.16015625 0.0830078125 0.0703125
8 0.04150390625 0.29443359375 0.0830078125 0.0888671875
32 0.16650390625 0.287109375 0.0830078125 0.07421875
14 0.29150390625 0.2919921875 0.0830078125 0.083984375
15 0.41650390625 0.30078125 0.0830078125 0.1015625
2 0.54150390625 0.29345703125 0.0830078125 0.0869140625
0 0.66650390625 0.30224609375 0.0830078125 0.1044921875
23 0.79150390625 0.29736328125 0.0830078125 0.0947265625
8 0.91650390625 0.2880859375 0.0830078125 0.076171875
26 0.04150390625 0.41259765625 0.0830078125 0.0751953125
24 0.16650390625 0.40966796875 0.0830078125 0.0693359375
8 0.29150390625 0.40625 0.0830078125 0.0625
29 0.41650390625 0.42919921875 0.0830078125 0.1083984375
32 0.54150390625 0.4091796875 0.0830078125 0.068359375
10 0.66650390625 0.412109375 0.0830078125 0.07421875
14 0.79150390625 0.4072265625 0.0830078125 0.064453125
8 0.91650390625 0.416015625 0.0830078125 0.08203125
16 0.04150390625 0.54638671875 0.0830078125 0.0927734375
12 0.16650390625 0.541015625 0.0830078125 0.08203125
25 0.29150390625 0.54248046875 0.0830078125 0.0849609375
6 0.41650390625 0.53515625 0.0830078125 0.0703125
5 0.54150390625 0.5419921875 0.0830078125 0.083984375
0 0.66650390625 0.54443359375 0.0830078125 0.0888671875
16 0.79150390625 0.537109375 0.0830078125 0.07421875
17 0.91650390625 0.544921875 0.0830078125 0.08984375
3 0.04150390625 0.66650390625 0.0830078125 0.0830078125
0 0.16650390625 0.6572265625 0.0830078125 0.064453125
13 0.29150390625 0.6669921875 0.0830078125 0.083984375
29 0.41650390625 0.66259765625 0.0830078125 0.0751953125
11 0.54150390625 0.6669921875 0.0830078125 0.083984375
1 0.66650390625 0.66552734375 0.0830078125 0.0810546875
17 0.79150390625 0.6572265625 0.0830078125 0.064453125
29 0.91650390625 0.6806640625 0.0830078125 0.111328125
10 0.04150390625 0.787109375 0.0830078125 0.07421875
24 0.16650390625 0.7890625 0.0830078125 0.078125
11 0.29150390625 0.791015625 0.0830078125 0.08203125
19 0.41650390625 0.7861328125 0.0830078125 0.072265625
32 0.54150390625 0.79736328125 0.0830078125 0.0947265625
9 0.66650390625 0.7861328125 0.0830078125 0.072265625
15 0.79150390625 0.79296875 0.0830078125 0.0859375
31 0.91650390625 0.7822265625 0.0830078125 0.064453125
27 0.04150390625 0.9130859375 0.0830078125 0.076171875
32 0.16650390625 0.92431640625 0.0830078125 0.0986328125
5 0.29150390625 0.90625 0.0830078125 0.0625
0 0.41650390625 0.91748046875 0.0830078125 0.0849609375
6 0.54150390625 0.92041015625 0.0830078125 0.0908203125
33 0.66650390625 0.90966796875 0.0830078125 0.0693359375
7 0.79150390625 0.916015625 0.0830078125 0.08203125
19 0.91650390625 0.908203125 0.0830078125 0.06640625
