11 0.0830078125 0.08642578125 0.166015625 0.1728515625
11 0.3330078125 0.095703125 0.166015625 0.19140625
24 0.5830078125 0.107421875 0.166015625 0.21484375
13 0.8330078125 0.09326171875 0.166015625 0.1865234375
3 0.0830078125 0.3486328125 0.166015625 0.197265625
2 0.3330078125 0.31689453125 0.166015625 0.1337890625
30 0.5830078125 0.3427734375 0.166015625 0.185546875
18 0.8330078125 0.33837890625 0.166015625 0.1767578125
0 0.0830078125 0.60205078125 0.166015625 0.2041015625
24 0.3330078125 0.58837890625 0.166015625 0.1767578125
19 0.5830078125 0.60498046875 0.166015625 0.2099609375
0 0.8330078125 0.591796875 0.166015625 0.18359375
19 0.0830078125 0.81201171875 0.166015625 0.1240234375
7 0.3330078125 0.83544921875 0.166015625 0.1708984375
31 0.5830078125 0.81494140625 0.166015625 0.1298828125
29 0.8330078125 0.82275390625 0.166015625 0.1455078125
