15 0.05517578125 0.068359375 0.1103515625 0.13671875
22 0.22119140625 0.06396484375 0.1103515625 0.1279296875
23 0.38818359375 0.0537109375 0.1103515625 0.107421875
8 0.55517578125 0.04150390625 0.1103515625 0.0830078125
6 0.72119140625 0.04296875 0.1103515625 0.0859375
11 0.88818359375 0.04248046875 0.1103515625 0.0849609375
4 0.05517578125 0.22314453125 0.1103515625 0.1142578125
5 0.22119140625 0.2373046875 0.1103515625 0.142578125
27 0.38818359375 0.22509765625 0.1103515625 0.1181640625
8 0.55517578125 0.2314453125 0.1103515625 0.130859375
31 0.72119140625 0.2236328125 0.1103515625 0.115234375
30 0.88818359375 0.2216796875 0.1103515625 0.111328125
24 0.05517578125 0.376953125 0.1103515625 0.087890625
21 0.22119140625 0.384765625 0.1103515625 0.103515625
29 0.38818359375 0.38818359375 0.1103515625 0.1103515625
4 0.55517578125 0.37646484375 0.1103515625 0.0869140625
17 0.72119140625 0.39892578125 0.1103515625 0.1318359375
22 0.88818359375 0.39697265625 0.1103515625 0.1279296875
32 0.05517578125 0.568359375 0.1103515625 0.13671875
22 0.22119140625 0.548828125 0.1103515625 0.09765625
15 0.38818359375 0.56494140625 0.1103515625 0.1298828125
13 0.55517578125 0.55615234375 0.1103515625 0.1123046875
16 0.72119140625 0.54443359375 0.1103515625 0.0888671875
14 0.88818359375 0.56494140625 0.1103515625 0.1298828125
29 0.05517578125 0.72119140625 0.1103515625 0.1103515625
21 0.22119140625 0.71142578125 0.1103515625 0.0908203125
22 0.38818359375 0.72509765625 0.1103515625 0.1181640625
20 0.55517578125 0.7255859375 0.1103515625 0.119140625
13 0.72119140625 0.7275390625 0.1103515625 0.123046875
17 0.88818359375 0.7158203125 0.1103515625 0.099609375
18 0.05517578125 0.896484375 0.1103515625 0.126953125
20 0.22119140625 0.876953125 0.1103515625 0.087890625
27 0.38818359375 0.8779296875 0.1103515625 0.08984375
26 0.55517578125 0.890625 0.1103515625 0.115234375
19 0.72119140625 0.8857421875 0.1103515625 0.10546875
17 0.88818359375 0.8984375 0.1103515625 0.130859375
