6 0.0830078125 0.06884765625 0.166015625 0.1376953125
27 0.3330078125 0.09375 0.166015625 0.1875
18 0.5830078125 0.103515625 0.166015625 0.20703125
31 0.8330078125 0.09326171875 0.166015625 0.1865234375
11 0.0830078125 0.3193359375 0.166015625 0.138671875
17 0.3330078125 0.3193359375 0.166015625 0.138671875
33 0.5830078125 0.31396484375 0.166015625 0.1279296875
25 0.8330078125 0.32666015625 0.166015625 0.1533203125
18 0.0830078125 0.56494140625 0.166015625 0.1298828125
22 0.3330078125 0.56201171875 0.166015625 0.1240234375
5 0.5830078125 0.57470703125 0.166015625 0.1494140625
25 0.8330078125 0.58056640625 0.166015625 0.1611328125
6 0.0830078125 0.82861328125 0.166015625 0.1572265625
12 0.3330078125 0.837890625 0.166015625 0.17578125
33 0.5830078125 0.82080078125 0.166015625 0.1416015625
3 0.8330078125 0.84521484375 0.166015625 0.1904296875
