32 0.04736328125 0.0478515625 0.0947265625 0.095703125
6 0.18994140625 0.05078125 0.0947265625 0.1015625
30 0.33251953125 0.03564453125 0.0947265625 0.0712890625
15 0.47509765625 0.04443359375 0.0947265625 0.0888671875
33 0.61865234375 0.052734375 0.0947265625 0.10546875
32 0.76123046875 0.04248046875 0.0947265625 0.0849609375
33 0.90380859375 0.03955078125 0.0947265625 0.0791015625
30 0.04736328125 0.19384765625 0.0947265625 0.1025390625
23 0.18994140625 0.18701171875 0.0947265625 0.0888671875
13 0.33251953125 0.20458984375 0.0947265625 0.1240234375
1 0.47509765625 0.19091796875 0.0947265625 0.0966796875
16 0.61865234375 0.197265625 0.0947265625 0.109375
26 0.76123046875 0.18505859375 0.0947265625 0.0849609375
14 0.90380859375 0.197265625 0.0947265625 0.109375
27 0.04736328125 0.333984375 0.0947265625 0.09765625
16 0.18994140625 0.3271484375 0.0947265625 0.083984375
14 0.33251953125 0.33203125 0.0947265625 0.09375
13 0.47509765625 0.328125 0.0947265625 0.0859375
14 0.61865234375 0.341796875 0.0947265625 0.11328125
11 0.76123046875 0.3349609375 0.0947265625 0.099609375
31 0.90380859375 0.3271484375 0.0947265625 0.083984375
13 0.04736328125 0.4873046875 0.0947265625 0.119140625
32 0.18994140625 0.46875 0.0947265625 0.08203125
27 0.33251953125 0.4638671875 0.0947265625 0.072265625
27 0.47509765625 0.46923828125 0.0947265625 0.0830078125
19 0.61865234375 0.46630859375 0.0947265625 0.0771484375
29 0.76123046875 0.4765625 0.0947265625 0.09765625
21 0.90380859375 0.4765625 0.0947265625 0.09765625
16 0.04736328125 0.6142578125 0.0947265625 0.0859375
29 0.18994140625 0.6220703125 0.0947265625 0.1015625
9 0.33251953125 0.61474609375 0.0947265625 0.0869140625
25 0.47509765625 0.615234375 0.0947265625 0.087890625
31 0.61865234375 0.6103515625 0.0947265625 0.078125
15 0.76123046875 0.61376953125 0.0947265625 0.0849609375
22 0.90380859375 0.61376953125 0.0947265625 0.0849609375
3 0.04736328125 0.7646484375 0.0947265625 0.1015625
16 0.18994140625 0.7705078125 0.0947265625 0.11328125
16 0.33251953125 0.76904296875 0.0947265625 0.1103515625
19 0.47509765625 0.75439453125 0.0947265625 0.0810546875
20 0.61865234375 0.7724609375 0.0947265625 0.1171875
3 0.76123046875 0.76171875 0.0947265625 0.095703125
27 0.90380859375 0.7705078125 0.0947265625 0.11328125
31 0.04736328125 0.89404296875 0.0947265625 0.0751953125
3 0.18994140625 0.90771484375 0.0947265625 0.1025390625
24 0.33251953125 0.9072265625 0.0947265625 0.1015625
21 0.47509765625 0.9052734375 0.0947265625 0.09765625
9 0.61865234375 0.912109375 0.0947265625 0.111328125
1 0.76123046875 0.90380859375 0.0947265625 0.0947265625
12 0.90380859375 0.9111328125 0.0947265625 0.109375
