29 0.04736328125 0.05810546875 0.0947265625 0.1162109375
16 0.18994140625 0.041015625 0.0947265625 0.08203125
20 0.33251953125 0.03857421875 0.0947265625 0.0771484375
22 0.47509765625 0.03662109375 0.0947265625 0.0732421875
19 0.61865234375 0.04833984375 0.0947265625 0.0966796875
21 0.76123046875 0.0458984375 0.0947265625 0.091796875
22 0.90380859375 0.0478515625 0.0947265625 0.095703125
8 0.04736328125 0.19921875 0.0947265625 0.11328125
25 0.18994140625 0.1865234375 0.0947265625 0.087890625
8 0.33251953125 0.18896484375 0.0947265625 0.0927734375
32 0.47509765625 0.17919921875 0.0947265625 0.0732421875
10 0.61865234375 0.18798828125 0.0947265625 0.0908203125
33 0.76123046875 0.18310546875 0.0947265625 0.0810546875
0 0.90380859375 0.19775390625 0.0947265625 0.1103515625
1 0.04736328125 0.3388671875 0.0947265625 0.107421875
24 0.18994140625 0.34326171875 0.0947265625 0.1162109375
13 0.33251953125 0.32958984375 0.0947265625 0.0888671875
2 0.47509765625 0.32861328125 0.0947265625 0.0869140625
11 0.61865234375 0.3291015625 0.0947265625 0.087890625
3 0.76123046875 0.3291015625 0.0947265625 0.087890625
22 0.90380859375 0.34375 0.0947265625 0.1171875
13 0.04736328125 0.48046875 0.0947265625 0.10546875
1 0.18994140625 0.4794921875 0.0947265625 0.103515625
1 0.33251953125 0.4697265625 0.0947265625 0.083984375
29 0.47509765625 0.47509765625 0.0947265625 0.0947265625
30 0.61865234375 0.47314453125 0.0947265625 0.0908203125
28 0.76123046875 0.4833984375 0.0947265625 0.111328125
17 0.90380859375 0.4677734375 0.0947265625 0.080078125
24 0.04736328125 0.62060546875 0.0947265625 0.0986328125
3 0.18994140625 0.6142578125 0.0947265625 0.0859375
8 0.33251953125 0.62255859375 0.0947265625 0.1025390625
32 0.47509765625 0.62158203125 0.0947265625 0.1005859375
7 0.61865234375 0.62060546875 0.0947265625 0.0986328125
29 0.76123046875 0.60888671875 0.0947265625 0.0751953125
17 0.90380859375 0.61474609375 0.0947265625 0.0869140625
27 0.04736328125 0.75830078125 0.0947265625 0.0888671875
32 0.18994140625 0.75634765625 0.0947265625 0.0849609375
2 0.33251953125 0.75244140625 0.0947265625 0.0771484375
21 0.47509765625 0.759765625 0.0947265625 0.091796875
10 0.61865234375 0.7607421875 0.0947265625 0.09375
10 0.76123046875 0.755859375 0.0947265625 0.083984375
29 0.90380859375 0.75830078125 0.0947265625 0.0888671875
23 0.04736328125 0.89306640625 0.0947265625 0.0732421875
18 0.18994140625 0.91015625 0.0947265625 0.107421875
6 0.33251953125 0.90625 0.0947265625 0.099609375
10 0.47509765625 0.89599609375 0.0947265625 0.0791015625
22 0.61865234375 0.89306640625 0.0947265625 0.0732421875
1 0.76123046875 0.9072265625 0.0947265625 0.1015625
9 0.90380859375 0.9091796875 0.0947265625 0.10546875
