7 0.06640625 0.08837890625 0.1328125 0.1767578125
5 0.265625 0.07275390625 0.1328125 0.1455078125
10 0.4658203125 0.08642578125 0.1328125 0.1728515625
19 0.666015625 0.0517578125 0.1328125 0.103515625
9 0.8662109375 0.06689453125 0.1328125 0.1337890625
13 0.06640625 0.27294921875 0.1328125 0.1474609375
3 0.265625 0.2626953125 0.1328125 0.126953125
17 0.4658203125 0.2666015625 0.1328125 0.134765625
13 0.666015625 0.26123046875 0.1328125 0.1240234375
26 0.8662109375 0.26318359375 0.1328125 0.1279296875
18 0.06640625 0.46484375 0.1328125 0.130859375
31 0.265625 0.4755859375 0.1328125 0.15234375
20 0.4658203125 0.474609375 0.1328125 0.150390625
29 0.666015625 0.46240234375 0.1328125 0.1259765625
22 0.8662109375 0.47119140625 0.1328125 0.1435546875
5 0.06640625 0.6533203125 0.1328125 0.107421875
2 0.265625 0.6767578125 0.1328125 0.154296875
8 0.4658203125 0.66455078125 0.1328125 0.1298828125
9 0.666015625 0.66845703125 0.1328125 0.1376953125
4 0.8662109375 0.65625 0.1328125 0.11328125
32 0.06640625 0.85595703125 0.1328125 0.1123046875
13 0.265625 0.8671875 0.1328125 0.134765625
19 0.4658203125 0.85107421875 0.1328125 0.1025390625
5 0.666015625 0.8759765625 0.1328125 0.15234375
32 0.8662109375 0.85009765625 0.1328125 0.1005859375
