10 0.0830078125 0.091796875 0.166015625 0.18359375
27 0.3330078125 0.0810546875 0.166015625 0.162109375
5 0.5830078125 0.0634765625 0.166015625 0.126953125
28 0.8330078125 0.06982421875 0.166015625 0.1396484375
10 0.0830078125 0.34521484375 0.166015625 0.1904296875
16 0.3330078125 0.349609375 0.166015625 0.19921875
12 0.5830078125 0.341796875 0.166015625 0.18359375
3 0.8330078125 0.34521484375 0.166015625 0.1904296875
12 0.0830078125 0.572265625 0.166015625 0.14453125
11 0.3330078125 0.59130859375 0.166015625 0.1826171875
10 0.5830078125 0.572265625 0.166015625 0.14453125
5 0.8330078125 0.580078125 0.166015625 0.16015625
28 0.0830078125 0.82666015625 0.166015625 0.1533203125
19 0.3330078125 0.826171875 0.166015625 0.15234375
20 0.5830078125 0.81640625 0.166015625 0.1328125
3 0.8330078125 0.826171875 0.166015625 0.15234375
