27 0.06640625 0.05859375 0.1328125 0.1171875
14 0.265625 0.0693359375 0.1328125 0.138671875
4 0.4658203125 0.06787109375 0.1328125 0.1357421875
15 0.666015625 0.076171875 0.1328125 0.15234375
20 0.8662109375 0.0654296875 0.1328125 0.130859375
22 0.06640625 0.26953125 0.1328125 0.140625
4 0.265625 0.25 0.1328125 0.1015625
33 0.4658203125 0.26708984375 0.1328125 0.1357421875
2 0.666015625 0.2646484375 0.1328125 0.130859375
17 0.8662109375 0.283203125 0.1328125 0.16796875
30 0.06640625 0.48291015625 0.1328125 0.1669921875
15 0.265625 0.45849609375 0.1328125 0.1181640625
1 0.4658203125 0.46826171875 0.1328125 0.1376953125
27 0.666015625 0.44970703125 0.1328125 0.1005859375
5 0.8662109375 0.48193359375 0.1328125 0.1650390625
28 0.06640625 0.66015625 0.1328125 0.12109375
7 0.265625 0.66650390625 0.1328125 0.1337890625
19 0.4658203125 0.67578125 0.1328125 0.15234375
10 0.666015625 0.67919921875 0.1328125 0.1591796875
9 0.8662109375 0.67529296875 0.1328125 0.1513671875
24 0.06640625 0.87158203125 0.1328125 0.1435546875
22 0.265625 0.857421875 0.1328125 0.115234375
6 0.4658203125 0.85546875 0.1328125 0.111328125
18 0.666015625 0.859375 0.1328125 0.119140625
29 0.8662109375 0.8642578125 0.1328125 0.12890625
