9 0.04736328125 0.05712890625 0.0947265625 0.1142578125
13 0.18994140625 0.03662109375 0.0947265625 0.0732421875
28 0.33251953125 0.03759765625 0.0947265625 0.0751953125
15 0.47509765625 0.04296875 0.0947265625 0.0859375
20 0.61865234375 0.04736328125 0.0947265625 0.0947265625
3 0.76123046875 0.05078125 0.0947265625 0.1015625
0 0.90380859375 0.04736328125 0.0947265625 0.0947265625
4 0.04736328125 0.18994140625 0.0947265625 0.0947265625
12 0.18994140625 0.1962890625 0.0947265625 0.107421875
26 0.33251953125 0.19384765625 0.0947265625 0.1025390625
32 0.47509765625 0.18701171875 0.0947265625 0.0888671875
18 0.61865234375 0.18408203125 0.0947265625 0.0830078125
13 0.76123046875 0.189453125 0.0947265625 0.09375
19 0.90380859375 0.18505859375 0.0947265625 0.0849609375
17 0.04736328125 0.33837890625 0.0947265625 0.1064453125
32 0.18994140625 0.33056640625 0.0947265625 0.0908203125
25 0.33251953125 0.3291015625 0.0947265625 0.087890625
33 0.47509765625 0.33642578125 0.0947265625 0.1025390625
30 0.61865234375 0.34033203125 0.0947265625 0.1103515625
13 0.76123046875 0.32958984375 0.0947265625 0.0888671875
28 0.90380859375 0.3330078125 0.0947265625 0.095703125
20 0.04736328125 0.482421875 0.0947265625 0.109375
31 0.18994140625 0.48046875 0.0947265625 0.10546875
7 0.33251953125 0.46875 0.0947265625 0.08203125
30 0.47509765625 0.46875 0.0947265625 0.08203125
7 0.61865234375 0.484375 0.0947265625 0.11328125
14 0.76123046875 0.47021484375 0.0947265625 0.0849609375
29 0.90380859375 0.46337890625 0.0947265625 0.0712890625
3 0.04736328125 0.61083984375 0.0947265625 0.0791015625
14 0.18994140625 0.61962890625 0.0947265625 0.0966796875
33 0.33251953125 0.62841796875 0.0947265625 0.1142578125
6 0.47509765625 0.6337890625 0.0947265625 0.125
8 0.61865234375 0.62109375 0.0947265625 0.099609375
21 0.76123046875 0.623046875 0.0947265625 0.103515625
3 0.90380859375 0.6298828125 0.0947265625 0.1171875
3 0.04736328125 0.75048828125 0.0947265625 0.0732421875
16 0.18994140625 0.76953125 0.0947265625 0.111328125
12 0.33251953125 0.76708984375 0.0947265625 0.1064453125
8 0.47509765625 0.75830078125 0.0947265625 0.0888671875
10 0.61865234375 0.76318359375 0.0947265625 0.0986328125
6 0.76123046875 0.75146484375 0.0947265625 0.0751953125
4 0.90380859375 0.7509765625 0.0947265625 0.07421875
31 0.04736328125 0.9091796875 0.0947265625 0.10546875
26 0.18994140625 0.9013671875 0.0947265625 0.08984375
5 0.33251953125 0.908203125 0.0947265625 0.103515625
5 0.47509765625 0.90576171875 0.0947265625 0.0986328125
22 0.61865234375 0.90625 0.0947265625 0.099609375
0 0.76123046875 0.91015625 0.0947265625 0.107421875
14 0.90380859375 0.90673828125 0.0947265625 0.1005859375
