29 0.05517578125 0.05712890625 0.1103515625 0.1142578125
3 0.22119140625 0.048828125 0.1103515625 0.09765625
26 0.38818359375 0.0546875 0.1103515625 0.109375
6 0.55517578125 0.05712890625 0.1103515625 0.1142578125
21 0.72119140625 0.0498046875 0.1103515625 0.099609375
4 0.88818359375 0.068359375 0.1103515625 0.13671875
26 0.05517578125 0.21630859375 0.1103515625 0.1005859375
0 0.22119140625 0.228515625 0.1103515625 0.125
11 0.38818359375 0.2314453125 0.1103515625 0.130859375
32 0.55517578125 0.22216796875 0.1103515625 0.1123046875
11 0.72119140625 0.20947265625 0.1103515625 0.0869140625
0 0.88818359375 0.2294921875 0.1103515625 0.126953125
4 0.05517578125 0.38916015625 0.1103515625 0.1123046875
29 0.22119140625 0.39990234375 0.1103515625 0.1337890625
4 0.38818359375 0.384765625 0.1103515625 0.103515625
25 0.55517578125 0.3955078125 0.1103515625 0.125
6 0.72119140625 0.38818359375 0.1103515625 0.1103515625
15 0.88818359375 0.39697265625 0.1103515625 0.1279296875
25 0.05517578125 0.5517578125 0.1103515625 0.103515625
2 0.22119140625 0.55810546875 0.1103515625 0.1162109375
5 0.38818359375 0.5634765625 0.1103515625 0.126953125
16 0.55517578125 0.55859375 0.1103515625 0.1171875
9 0.72119140625 0.5458984375 0.1103515625 0.091796875
15 0.88818359375 0.552734375 0.1103515625 0.10546875
26 0.05517578125 0.7138671875 0.1103515625 0.095703125
13 0.22119140625 0.72802734375 0.1103515625 0.1240234375
11 0.38818359375 0.7158203125 0.1103515625 0.099609375
19 0.55517578125 0.72802734375 0.1103515625 0.1240234375
17 0.72119140625 0.73828125 0.1103515625 0.14453125
30 0.88818359375 0.71484375 0.1103515625 0.09765625
10 0.05517578125 0.87744140625 0.1103515625 0.0888671875
16 0.22119140625 0.89111328125 0.1103515625 0.1162109375
29 0.38818359375 0.89990234375 0.1103515625 0.1337890625
15 0.55517578125 0.8798828125 0.1103515625 0.09375
8 0.72119140625 0.88916015625 0.1103515625 0.1123046875
27 0.88818359375 0.89404296875 0.1103515625 0.1220703125
