31 0.04736328125 0.041015625 0.0947265625 0.08203125
23 0.18994140625 0.04736328125 0.0947265625 0.0947265625
0 0.33251953125 0.05517578125 0.0947265625 0.1103515625
7 0.47509765625 0.04150390625 0.0947265625 0.0830078125
21 0.61865234375 0.03662109375 0.0947265625 0.0732421875
2 0.76123046875 0.04345703125 0.0947265625 0.0869140625
29 0.90380859375 0.04150390625 0.0947265625 0.0830078125
23 0.04736328125 0.1826171875 0.0947265625 0.080078125
9 0.18994140625 0.20068359375 0.0947265625 0.1162109375
27 0.33251953125 0.18994140625 0.0947265625 0.0947265625
19 0.47509765625 0.18115234375 0.0947265625 0.0771484375
0 0.61865234375 0.18798828125 0.0947265625 0.0908203125
7 0.76123046875 0.19091796875 0.0947265625 0.0966796875
5 0.90380859375 0.1982421875 0.0947265625 0.111328125
16 0.04736328125 0.3291015625 0.0947265625 0.087890625
27 0.18994140625 0.326171875 0.0947265625 0.08203125
17 0.33251953125 0.3349609375 0.0947265625 0.099609375
24 0.47509765625 0.32275390625 0.0947265625 0.0751953125
26 0.61865234375 0.33056640625 0.0947265625 0.0908203125
3 0.76123046875 0.337890625 0.0947265625 0.10546875
8 0.90380859375 0.3232421875 0.0947265625 0.076171875
15 0.04736328125 0.47607421875 0.0947265625 0.0966796875
23 0.18994140625 0.46923828125 0.0947265625 0.0830078125
4 0.33251953125 0.4833984375 0.0947265625 0.111328125
7 0.47509765625 0.4833984375 0.0947265625 0.111328125
17 0.61865234375 0.482421875 0.0947265625 0.109375
10 0.76123046875 0.47705078125 0.0947265625 0.0986328125
16 0.90380859375 0.462890625 0.0947265625 0.0703125
26 0.04736328125 0.60791015625 0.0947265625 0.0732421875
25 0.18994140625 0.61767578125 0.0947265625 0.0927734375
29 0.33251953125 0.62109375 0.0947265625 0.099609375
5 0.47509765625 0.60791015625 0.0947265625 0.0732421875
15 0.61865234375 0.61279296875 0.0947265625 0.0830078125
9 0.76123046875 0.623046875 0.0947265625 0.103515625
9 0.90380859375 0.6083984375 0.0947265625 0.07421875
21 0.04736328125 0.763671875 0.0947265625 0.099609375
4 0.18994140625 0.76123046875 0.0947265625 0.0947265625
18 0.33251953125 0.76025390625 0.0947265625 0.0927734375
4 0.47509765625 0.765625 0.0947265625 0.103515625
28 0.61865234375 0.7734375 0.0947265625 0.119140625
21 0.76123046875 0.75830078125 0.0947265625 0.0888671875
32 0.90380859375 0.759765625 0.0947265625 0.091796875
5 0.04736328125 0.8935546875 0.0947265625 0.07421875
7 0.18994140625 0.9150390625 0.0947265625 0.1171875
12 0.33251953125 0.9013671875 0.0947265625 0.08984375
32 0.47509765625 0.89453125 0.0947265625 0.076171875
12 0.61865234375 0.90673828125 0.0947265625 0.1005859375
19 0.76123046875 0.9111328125 0.0947265625 0.109375
27 0.90380859375 0.9091796875 0.0947265625 0.10546875
