11 0.04736328125 0.05126953125 0.0947265625 0.1025390625
2 0.18994140625 0.04931640625 0.0947265625 0.0986328125
26 0.33251953125 0.0498046875 0.0947265625 0.099609375
30 0.47509765625 0.0478515625 0.0947265625 0.095703125
31 0.61865234375 0.05859375 0.0947265625 0.1171875
27 0.76123046875 0.04931640625 0.0947265625 0.0986328125
23 0.90380859375 0.0546875 0.0947265625 0.109375
23 0.04736328125 0.1806640625 0.0947265625 0.076171875
17 0.18994140625 0.19775390625 0.0947265625 0.1103515625
2 0.33251953125 0.1943359375 0.0947265625 0.103515625
25 0.47509765625 0.1884765625 0.0947265625 0.091796875
11 0.61865234375 0.1923828125 0.0947265625 0.099609375
27 0.76123046875 0.1962890625 0.0947265625 0.107421875
16 0.90380859375 0.18994140625 0.0947265625 0.0947265625
19 0.04736328125 0.322265625 0.0947265625 0.07421875
23 0.18994140625 0.32666015625 0.0947265625 0.0830078125
30 0.33251953125 0.3330078125 0.0947265625 0.095703125
15 0.47509765625 0.3447265625 0.0947265625 0.119140625
10 0.61865234375 0.3291015625 0.0947265625 0.087890625
2 0.76123046875 0.337890625 0.0947265625 0.10546875
2 0.90380859375 0.341796875 0.0947265625 0.11328125
0 0.04736328125 0.48095703125 0.0947265625 0.1064453125
24 0.18994140625 0.46435546875 0.0947265625 0.0732421875
10 0.33251953125 0.47119140625 0.0947265625 0.0869140625
25 0.47509765625 0.48095703125 0.0947265625 0.1064453125
6 0.61865234375 0.4912109375 0.0947265625 0.126953125
6 0.76123046875 0.4736328125 0.0947265625 0.091796875
12 0.90380859375 0.48876953125 0.0947265625 0.1220703125
18 0.04736328125 0.6240234375 0.0947265625 0.10546875
28 0.18994140625 0.62939453125 0.0947265625 0.1162109375
1 0.33251953125 0.60888671875 0.0947265625 0.0751953125
4 0.47509765625 0.6171875 0.0947265625 0.091796875
18 0.61865234375 0.61572265625 0.0947265625 0.0888671875
15 0.76123046875 0.61279296875 0.0947265625 0.0830078125
9 0.90380859375 0.6162109375 0.0947265625 0.08984375
8 0.04736328125 0.7685546875 0.0947265625 0.109375
31 0.18994140625 0.7509765625 0.0947265625 0.07421875
13 0.33251953125 0.7626953125 0.0947265625 0.09765625
24 0.47509765625 0.759765625 0.0947265625 0.091796875
30 0.61865234375 0.75341796875 0.0947265625 0.0791015625
21 0.76123046875 0.75830078125 0.0947265625 0.0888671875
17 0.90380859375 0.76220703125 0.0947265625 0.0966796875
30 0.04736328125 0.900390625 0.0947265625 0.087890625
23 0.18994140625 0.896484375 0.0947265625 0.080078125
22 0.33251953125 0.90625 0.0947265625 0.099609375
23 0.47509765625 0.91162109375 0.0947265625 0.1103515625
6 0.61865234375 0.916015625 0.0947265625 0.119140625
13 0.76123046875 0.9150390625 0.0947265625 0.1171875
4 0.90380859375 0.89794921875 0.0947265625 0.0830078125
