2 0.04150390625 0.0341796875 0.0830078125 0.068359375
12 0.16650390625 0.0400390625 0.0830078125 0.080078125
3 0.29150390625 0.0341796875 0.0830078125 0.068359375
29 0.41650390625 0.0400390625 0.0830078125 0.080078125
14 0.54150390625 0.04736328125 0.0830078125 0.0947265625
13 0.66650390625 0.0361328125 0.0830078125 0.072265625
26 0.79150390625 0.037109375 0.0830078125 0.07421875
26 0.91650390625 0.04638671875 0.0830078125 0.0927734375
28 0.04150390625 0.1669921875 0.0830078125 0.083984375
4 0.16650390625 0.171875 0.0830078125 0.09375
24 0.29150390625 0.1728515625 0.0830078125 0.095703125
26 0.41650390625 0.1796875 0.0830078125 0.109375
25 0.54150390625 0.17138671875 0.0830078125 0.0927734375
22 0.66650390625 0.17919921875 0.0830078125 0.1083984375
29 0.79150390625 0.17822265625 0.0830078125 0.1064453125
30 0.91650390625 0.15673828125 0.0830078125 0.0634765625
6 0.04150390625 0.28564453125 0.0830078125 0.0712890625
16 0.16650390625 0.2822265625 0.0830078125 0.064453125
14 0.29150390625 0.3046875 0.0830078125 0.109375
4 0.41650390625 0.30078125 0.0830078125 0.1015625
25 0.54150390625 0.29052734375 0.0830078125 0.0810546875
2 0.66650390625 0.29248046875 0.0830078125 0.0849609375
15 0.79150390625 0.29736328125 0.0830078125 0.0947265625
0 0.91650390625 0.28125 0.0830078125 0.0625
5 0.04150390625 0.41064453125 0.0830078125 0.0712890625
12 0.16650390625 0.42431640625 0.0830078125 0.0986328125
19 0.29150390625 0.41943359375 0.0830078125 0.0888671875
21 0.41650390625 0.41259765625 0.0830078125 0.0751953125
32 0.54150390625 0.42724609375 0.0830078125 0.1044921875
25 0.66650390625 0.4091796875 0.0830078125 0.068359375
17 0.79150390625 0.41845703125 0.0830078125 0.0869140625
16 0.91650390625 0.40869140625 0.0830078125 0.0673828125
2 0.04150390625 0.5400390625 0.0830078125 0.080078125
28 0.16650390625 0.54638671875 0.0830078125 0.0927734375
7 0.29150390625 0.5380859375 0.0830078125 0.076171875
9 0.41650390625 0.53564453125 0.0830078125 0.0712890625
26 0.54150390625 0.5400390625 0.0830078125 0.080078125
17 0.66650390625 0.54052734375 0.0830078125 0.0810546875
33 0.79150390625 0.54296875 0.0830078125 0.0859375
8 0.91650390625 0.5322265625 0.0830078125 0.064453125
24 0.04150390625 0.658203125 0.0830078125 0.06640625
0 0.16650390625 0.65771484375 0.0830078125 0.0654296875
26 0.29150390625 0.669921875 0.0830078125 0.08984375
0 0.41650390625 0.669921875 0.0830078125 0.08984375
31 0.54150390625 0.67138671875 0.0830078125 0.0927734375
33 0.66650390625 0.669921875 0.0830078125 0.08984375
0 0.79150390625 0.6669921875 0.0830078125 0.083984375
22 0.91650390625 0.6689453125 0.0830078125 0.087890625
25 0.04150390625 0.80419921875 0.0830078125 0.1083984375
33 0.16650390625 0.79248046875 0.0830078125 0.0849609375
32 0.29150390625 0.7919921875 0.0830078125 0.083984375
16 0.41650390625 0.7880859375 0.0830078125 0.076171875
27 0.54150390625 0.7890625 0.0830078125 0.078125
14 0.66650390625 0.794921875 0.0830078125 0.08984375
25 0.79150390625 0.78662109375 0.0830078125 0.0732421875
16 0.91650390625 0.79638671875 0.0830078125 0.0927734375
8 0.04150390625 0.9072265625 0.0830078125 0.064453125
33 0.16650390625 0.90966796875 0.0830078125 0.0693359375
29 0.29150390625 0.9072265625 0.0830078125 0.064453125
3 0.41650390625 0.9091796875 0.0830078125 0.068359375
2 0.54150390625 0.91943359375 0.0830078125 0.0888671875
2 0.66650390625 0.91015625 0.0830078125 0.0703125
27 0.79150390625 0.92138671875 0.0830078125 0.0927734375
8 0.91650390625 0.91552734375 0.0830078125 0.0810546875
