7 0.05517578125 0.0615234375 0.1103515625 0.123046875
6 0.22119140625 0.05908203125 0.1103515625 0.1181640625
15 0.38818359375 0.05615234375 0.1103515625 0.1123046875
12 0.55517578125 0.0654296875 0.1103515625 0.130859375
32 0.72119140625 0.0478515625 0.1103515625 0.095703125
22 0.88818359375 0.05908203125 0.1103515625 0.1181640625
12 0.05517578125 0.22119140625 0.1103515625 0.1103515625
11 0.22119140625 0.23291015625 0.1103515625 0.1337890625
25 0.38818359375 0.2138671875 0.1103515625 0.095703125
22 0.55517578125 0.240234375 0.1103515625 0.1484375
8 0.72119140625 0.23486328125 0.1103515625 0.1376953125
21 0.88818359375 0.22314453125 0.1103515625 0.1142578125
24 0.05517578125 0.39306640625 0.1103515625 0.1201171875
2 0.22119140625 0.39794921875 0.1103515625 0.1298828125
1 0.38818359375 0.38916015625 0.1103515625 0.1123046875
21 0.55517578125 0.39892578125 0.1103515625 0.1318359375
2 0.72119140625 0.3916015625 0.1103515625 0.1171875
22 0.88818359375 0.4013671875 0.1103515625 0.13671875
0 0.05517578125 0.56591796875 0.1103515625 0.1318359375
8 0.22119140625 0.56494140625 0.1103515625 0.1298828125
8 0.38818359375 0.56982421875 0.1103515625 0.1396484375
6 0.55517578125 0.5517578125 0.1103515625 0.103515625
22 0.72119140625 0.5625 0.1103515625 0.125
0 0.88818359375 0.5576171875 0.1103515625 0.115234375
21 0.05517578125 0.71630859375 0.1103515625 0.1005859375
4 0.22119140625 0.72216796875 0.1103515625 0.1123046875
16 0.38818359375 0.7109375 0.1103515625 0.08984375
23 0.55517578125 0.72314453125 0.1103515625 0.1142578125
24 0.72119140625 0.7119140625 0.1103515625 0.091796875
2 0.88818359375 0.71875 0.1103515625 0.10546875
2 0.05517578125 0.88720703125 0.1103515625 0.1083984375
14 0.22119140625 0.880859375 0.1103515625 0.095703125
28 0.38818359375 0.8984375 0.1103515625 0.130859375
27 0.55517578125 0.90185546875 0.1103515625 0.1376953125
23 0.72119140625 0.9013671875 0.1103515625 0.13671875
29 0.88818359375 0.8759765625 0.1103515625 0.0859375
