28 0.05517578125 0.0537109375 0.1103515625 0.107421875
13 0.22119140625 0.05517578125 0.1103515625 0.1103515625
8 0.38818359375 0.0478515625 0.1103515625 0.095703125
31 0.55517578125 0.0732421875 0.1103515625 0.146484375
16 0.72119140625 0.06884765625 0.1103515625 0.1376953125
19 0.88818359375 0.0595703125 0.1103515625 0.119140625
0 0.05517578125 0.21826171875 0.1103515625 0.1044921875
11 0.22119140625 0.22314453125 0.1103515625 0.1142578125
16 0.38818359375 0.234375 0.1103515625 0.13671875
4 0.55517578125 0.2109375 0.1103515625 0.08984375
18 0.72119140625 0.22705078125 0.1103515625 0.1220703125
2 0.88818359375 0.2099609375 0.1103515625 0.087890625
1 0.05517578125 0.39697265625 0.1103515625 0.1279296875
13 0.22119140625 0.38818359375 0.1103515625 0.1103515625
31 0.38818359375 0.390625 0.1103515625 0.115234375
0 0.55517578125 0.39208984375 0.1103515625 0.1181640625
20 0.72119140625 0.3916015625 0.1103515625 0.1171875
1 0.88818359375 0.396484375 0.1103515625 0.126953125
0 0.05517578125 0.5576171875 0.1103515625 0.115234375
9 0.22119140625 0.5517578125 0.1103515625 0.103515625
31 0.38818359375 0.544921875 0.1103515625 0.08984375
25 0.55517578125 0.546875 0.1103515625 0.09375
17 0.72119140625 0.56396484375 0.1103515625 0.1279296875
21 0.88818359375 0.55615234375 0.1103515625 0.1123046875
12 0.05517578125 0.73583984375 0.1103515625 0.1396484375
2 0.22119140625 0.73291015625 0.1103515625 0.1337890625
11 0.38818359375 0.7275390625 0.1103515625 0.123046875
18 0.55517578125 0.72119140625 0.1103515625 0.1103515625
14 0.72119140625 0.7333984375 0.1103515625 0.134765625
10 0.88818359375 0.7177734375 0.1103515625 0.103515625
14 0.05517578125 0.8759765625 0.1103515625 0.0859375
13 0.22119140625 0.88720703125 0.1103515625 0.1083984375
32 0.38818359375 0.875 0.1103515625 0.083984375
23 0.55517578125 0.89306640625 0.1103515625 0.1201171875
16 0.72119140625 0.875 0.1103515625 0.083984375
25 0.88818359375 0.88427734375 0.1103515625 0.1025390625
