15 0.04736328125 0.04736328125 0.0947265625 0.0947265625
20 0.18994140625 0.03759765625 0.0947265625 0.0751953125
4 0.33251953125 0.046875 0.0947265625 0.09375
0 0.47509765625 0.056640625 0.0947265625 0.11328125
27 0.61865234375 0.0439453125 0.0947265625 0.087890625
18 0.76123046875 0.03857421875 0.0947265625 0.0771484375
17 0.90380859375 0.041015625 0.0947265625 0.08203125
10 0.04736328125 0.181640625 0.0947265625 0.078125
14 0.18994140625 0.18701171875 0.0947265625 0.0888671875
16 0.33251953125 0.1923828125 0.0947265625 0.099609375
1 0.47509765625 0.197265625 0.0947265625 0.109375
7 0.61865234375 0.19287109375 0.0947265625 0.1005859375
13 0.76123046875 0.19140625 0.0947265625 0.09765625
27 0.90380859375 0.1884765625 0.0947265625 0.091796875
3 0.04736328125 0.3349609375 0.0947265625 0.099609375
5 0.18994140625 0.34033203125 0.0947265625 0.1103515625
12 0.33251953125 0.32470703125 0.0947265625 0.0791015625
17 0.47509765625 0.3388671875 0.0947265625 0.107421875
9 0.61865234375 0.33203125 0.0947265625 0.09375
16 0.76123046875 0.333984375 0.0947265625 0.09765625
19 0.90380859375 0.3447265625 0.0947265625 0.119140625
31 0.04736328125 0.47021484375 0.0947265625 0.0849609375
17 0.18994140625 0.4833984375 0.0947265625 0.111328125
3 0.33251953125 0.4833984375 0.0947265625 0.111328125
19 0.47509765625 0.4755859375 0.0947265625 0.095703125
0 0.61865234375 0.4736328125 0.0947265625 0.091796875
1 0.76123046875 0.4873046875 0.0947265625 0.119140625
9 0.90380859375 0.47705078125 0.0947265625 0.0986328125
20 0.04736328125 0.63134765625 0.0947265625 0.1201171875
5 0.18994140625 0.626953125 0.0947265625 0.111328125
11 0.33251953125 0.61474609375 0.0947265625 0.0869140625
32 0.47509765625 0.625 0.0947265625 0.107421875
4 0.61865234375 0.6162109375 0.0947265625 0.08984375
13 0.76123046875 0.61279296875 0.0947265625 0.0830078125
6 0.90380859375 0.60791015625 0.0947265625 0.0732421875
26 0.04736328125 0.7763671875 0.0947265625 0.125
5 0.18994140625 0.76025390625 0.0947265625 0.0927734375
14 0.33251953125 0.7734375 0.0947265625 0.119140625
4 0.47509765625 0.7607421875 0.0947265625 0.09375
24 0.61865234375 0.763671875 0.0947265625 0.099609375
11 0.76123046875 0.7626953125 0.0947265625 0.09765625
9 0.90380859375 0.77197265625 0.0947265625 0.1162109375
32 0.04736328125 0.912109375 0.0947265625 0.111328125
16 0.18994140625 0.91845703125 0.0947265625 0.1240234375
9 0.33251953125 0.90673828125 0.0947265625 0.1005859375
23 0.47509765625 0.90380859375 0.0947265625 0.0947265625
9 0.61865234375 0.90234375 0.0947265625 0.091796875
21 0.76123046875 0.9013671875 0.0947265625 0.08984375
18 0.90380859375 0.900390625 0.0947265625 0.087890625
