24 0.04736328125 0.04345703125 0.0947265625 0.0869140625
19 0.18994140625 0.04736328125 0.0947265625 0.0947265625
12 0.33251953125 0.03857421875 0.0947265625 0.0771484375
7 0.47509765625 0.0556640625 0.0947265625 0.111328125
18 0.61865234375 0.03759765625 0.0947265625 0.0751953125
10 0.76123046875 0.0419921875 0.0947265625 0.083984375
4 0.90380859375 0.05859375 0.0947265625 0.1171875
17 0.04736328125 0.1953125 0.0947265625 0.10546875
0 0.18994140625 0.1787109375 0.0947265625 0.072265625
9 0.33251953125 0.201171875 0.0947265625 0.1171875
27 0.47509765625 0.19189453125 0.0947265625 0.0986328125
28 0.61865234375 0.1953125 0.0947265625 0.10546875
16 0.76123046875 0.19921875 0.0947265625 0.11328125
31 0.90380859375 0.18505859375 0.0947265625 0.0849609375
31 0.04736328125 0.322265625 0.0947265625 0.07421875
16 0.18994140625 0.337890625 0.0947265625 0.10546875
24 0.33251953125 0.3349609375 0.0947265625 0.099609375
25 0.47509765625 0.34521484375 0.0947265625 0.1201171875
32 0.61865234375 0.32080078125 0.0947265625 0.0712890625
10 0.76123046875 0.34326171875 0.0947265625 0.1162109375
27 0.90380859375 0.341796875 0.0947265625 0.11328125
6 0.04736328125 0.466796875 0.0947265625 0.078125
4 0.18994140625 0.46728515625 0.0947265625 0.0791015625
30 0.33251953125 0.4736328125 0.0947265625 0.091796875
8 0.47509765625 0.47900390625 0.0947265625 0.1025390625
3 0.61865234375 0.478515625 0.0947265625 0.1015625
1 0.76123046875 0.47802734375 0.0947265625 0.1005859375
9 0.90380859375 0.4755859375 0.0947265625 0.095703125
15 0.04736328125 0.6259765625 0.0947265625 0.109375
27 0.18994140625 0.61328125 0.0947265625 0.083984375
0 0.33251953125 0.63134765625 0.0947265625 0.1201171875
5 0.47509765625 0.607421875 0.0947265625 0.072265625
17 0.61865234375 0.60888671875 0.0947265625 0.0751953125
31 0.76123046875 0.623046875 0.0947265625 0.103515625
24 0.90380859375 0.6123046875 0.0947265625 0.08203125
22 0.04736328125 0.7666015625 0.0947265625 0.10546875
8 0.18994140625 0.755859375 0.0947265625 0.083984375
22 0.33251953125 0.76904296875 0.0947265625 0.1103515625
11 0.47509765625 0.75341796875 0.0947265625 0.0791015625
20 0.61865234375 0.76220703125 0.0947265625 0.0966796875
27 0.76123046875 0.75732421875 0.0947265625 0.0869140625
29 0.90380859375 0.759765625 0.0947265625 0.091796875
10 0.04736328125 0.9072265625 0.0947265625 0.1015625
12 0.18994140625 0.90673828125 0.0947265625 0.1005859375
3 0.33251953125 0.9033203125 0.0947265625 0.09375
5 0.47509765625 0.89892578125 0.0947265625 0.0849609375
19 0.61865234375 0.91162109375 0.0947265625 0.1103515625
25 0.76123046875 0.9052734375 0.0947265625 0.09765625
16 0.90380859375 0.8974609375 0.0947265625 0.08203125
