28 0.06640625 0.05419921875 0.1328125 0.1083984375
6 0.265625 0.06591796875 0.1328125 0.1318359375
16 0.4658203125 0.06640625 0.1328125 0.1328125
24 0.666015625 0.06103515625 0.1328125 0.1220703125
20 0.8662109375 0.0654296875 0.1328125 0.130859375
15 0.06640625 0.275390625 0.1328125 0.15234375
6 0.265625 0.2509765625 0.1328125 0.103515625
0 0.4658203125 0.2685546875 0.1328125 0.138671875
18 0.666015625 0.26025390625 0.1328125 0.1220703125
31 0.8662109375 0.26220703125 0.1328125 0.1259765625
16 0.06640625 0.458984375 0.1328125 0.119140625
10 0.265625 0.4755859375 0.1328125 0.15234375
1 0.4658203125 0.46826171875 0.1328125 0.1376953125
12 0.666015625 0.45068359375 0.1328125 0.1025390625
33 0.8662109375 0.47119140625 0.1328125 0.1435546875
13 0.06640625 0.6748046875 0.1328125 0.150390625
16 0.265625 0.658203125 0.1328125 0.1171875
17 0.4658203125 0.6708984375 0.1328125 0.142578125
31 0.666015625 0.67578125 0.1328125 0.15234375
23 0.8662109375 0.65576171875 0.1328125 0.1123046875
11 0.06640625 0.87353515625 0.1328125 0.1474609375
22 0.265625 0.8564453125 0.1328125 0.11328125
21 0.4658203125 0.87548828125 0.1328125 0.1513671875
30 0.666015625 0.859375 0.1328125 0.119140625
10 0.8662109375 0.85791015625 0.1328125 0.1162109375
