31 0.06640625 0.0546875 0.1328125 0.109375
13 0.265625 0.0556640625 0.1328125 0.111328125
25 0.4658203125 0.05419921875 0.1328125 0.1083984375
11 0.666015625 0.0693359375 0.1328125 0.138671875
12 0.8662109375 0.0810546875 0.1328125 0.162109375
3 0.06640625 0.2578125 0.1328125 0.1171875
21 0.265625 0.2744140625 0.1328125 0.150390625
26 0.4658203125 0.25048828125 0.1328125 0.1025390625
30 0.666015625 0.26806640625 0.1328125 0.1376953125
24 0.8662109375 0.255859375 0.1328125 0.11328125
19 0.06640625 0.474609375 0.1328125 0.150390625
2 0.265625 0.45263671875 0.1328125 0.1064453125
19 0.4658203125 0.47314453125 0.1328125 0.1474609375
6 0.666015625 0.470703125 0.1328125 0.142578125
12 0.8662109375 0.4775390625 0.1328125 0.15625
6 0.06640625 0.67333984375 0.1328125 0.1474609375
25 0.265625 0.6806640625 0.1328125 0.162109375
26 0.4658203125 0.67529296875 0.1328125 0.1513671875
29 0.666015625 0.6728515625 0.1328125 0.146484375
32 0.8662109375 0.64990234375 0.1328125 0.1005859375
26 0.06640625 0.8837890625 0.1328125 0.16796875
30 0.265625 0.86181640625 0.1328125 0.1240234375
31 0.4658203125 0.86767578125 0.1328125 0.1357421875
31 0.666015625 0.86962890625 0.1328125 0.1396484375
26 0.8662109375 0.87060546875 0.1328125 0.1416015625
