32 0.04736328125 0.04248046875 0.0947265625 0.0849609375
5 0.18994140625 0.03955078125 0.0947265625 0.0791015625
33 0.33251953125 0.04248046875 0.0947265625 0.0849609375
2 0.47509765625 0.05859375 0.0947265625 0.1171875
6 0.61865234375 0.04736328125 0.0947265625 0.0947265625
30 0.76123046875 0.04541015625 0.0947265625 0.0908203125
30 0.90380859375 0.048828125 0.0947265625 0.09765625
0 0.04736328125 0.20068359375 0.0947265625 0.1162109375
25 0.18994140625 0.18798828125 0.0947265625 0.0908203125
23 0.33251953125 0.1884765625 0.0947265625 0.091796875
33 0.47509765625 0.18701171875 0.0947265625 0.0888671875
4 0.61865234375 0.17919921875 0.0947265625 0.0732421875
15 0.76123046875 0.1787109375 0.0947265625 0.072265625
13 0.90380859375 0.19189453125 0.0947265625 0.0986328125
1 0.04736328125 0.34521484375 0.0947265625 0.1201171875
20 0.18994140625 0.33837890625 0.0947265625 0.1064453125
20 0.33251953125 0.34521484375 0.0947265625 0.1201171875
3 0.47509765625 0.33056640625 0.0947265625 0.0908203125
20 0.61865234375 0.34521484375 0.0947265625 0.1201171875
33 0.76123046875 0.34521484375 0.0947265625 0.1201171875
24 0.90380859375 0.33642578125 0.0947265625 0.1025390625
29 0.04736328125 0.46875 0.0947265625 0.08203125
23 0.18994140625 0.4736328125 0.0947265625 0.091796875
29 0.33251953125 0.46337890625 0.0947265625 0.0712890625
28 0.47509765625 0.4912109375 0.0947265625 0.126953125
31 0.61865234375 0.478515625 0.0947265625 0.1015625
29 0.76123046875 0.4794921875 0.0947265625 0.103515625
31 0.90380859375 0.48779296875 0.0947265625 0.1201171875
31 0.04736328125 0.6171875 0.0947265625 0.091796875
25 0.18994140625 0.6123046875 0.0947265625 0.08203125
1 0.33251953125 0.6240234375 0.0947265625 0.10546875
11 0.47509765625 0.61279296875 0.0947265625 0.0830078125
26 0.61865234375 0.6171875 0.0947265625 0.091796875
4 0.76123046875 0.61083984375 0.0947265625 0.0791015625
19 0.90380859375 0.607421875 0.0947265625 0.072265625
30 0.04736328125 0.75146484375 0.0947265625 0.0751953125
32 0.18994140625 0.76416015625 0.0947265625 0.1005859375
33 0.33251953125 0.76904296875 0.0947265625 0.1103515625
17 0.47509765625 0.76318359375 0.0947265625 0.0986328125
13 0.61865234375 0.75341796875 0.0947265625 0.0791015625
0 0.76123046875 0.7666015625 0.0947265625 0.10546875
3 0.90380859375 0.767578125 0.0947265625 0.107421875
20 0.04736328125 0.900390625 0.0947265625 0.087890625
21 0.18994140625 0.91650390625 0.0947265625 0.1201171875
33 0.33251953125 0.9072265625 0.0947265625 0.1015625
17 0.47509765625 0.89599609375 0.0947265625 0.0791015625
11 0.61865234375 0.896484375 0.0947265625 0.080078125
24 0.76123046875 0.9150390625 0.0947265625 0.1171875
26 0.90380859375 0.8974609375 0.0947265625 0.08203125
