5 0.05517578125 0.068359375 0.1103515625 0.13671875
20 0.22119140625 0.05810546875 0.1103515625 0.1162109375
19 0.38818359375 0.05078125 0.1103515625 0.1015625
17 0.55517578125 0.05029296875 0.1103515625 0.1005859375
1 0.72119140625 0.0498046875 0.1103515625 0.099609375
5 0.88818359375 0.04296875 0.1103515625 0.0859375
29 0.05517578125 0.2294921875 0.1103515625 0.126953125
33 0.22119140625 0.22998046875 0.1103515625 0.1279296875
9 0.38818359375 0.21044921875 0.1103515625 0.0888671875
23 0.55517578125 0.22119140625 0.1103515625 0.1103515625
26 0.72119140625 0.2158203125 0.1103515625 0.099609375
32 0.88818359375 0.208984375 0.1103515625 0.0859375
28 0.05517578125 0.39892578125 0.1103515625 0.1318359375
4 0.22119140625 0.3916015625 0.1103515625 0.1171875
16 0.38818359375 0.39697265625 0.1103515625 0.1279296875
11 0.55517578125 0.38916015625 0.1103515625 0.1123046875
13 0.72119140625 0.39892578125 0.1103515625 0.1318359375
20 0.88818359375 0.38525390625 0.1103515625 0.1044921875
33 0.05517578125 0.57080078125 0.1103515625 0.1416015625
22 0.22119140625 0.5556640625 0.1103515625 0.111328125
26 0.38818359375 0.54296875 0.1103515625 0.0859375
7 0.55517578125 0.55615234375 0.1103515625 0.1123046875
6 0.72119140625 0.54296875 0.1103515625 0.0859375
21 0.88818359375 0.55615234375 0.1103515625 0.1123046875
22 0.05517578125 0.72509765625 0.1103515625 0.1181640625
2 0.22119140625 0.73583984375 0.1103515625 0.1396484375
14 0.38818359375 0.72705078125 0.1103515625 0.1220703125
11 0.55517578125 0.72705078125 0.1103515625 0.1220703125
16 0.72119140625 0.7333984375 0.1103515625 0.134765625
8 0.88818359375 0.70947265625 0.1103515625 0.0869140625
18 0.05517578125 0.892578125 0.1103515625 0.119140625
5 0.22119140625 0.896484375 0.1103515625 0.126953125
21 0.38818359375 0.8984375 0.1103515625 0.130859375
4 0.55517578125 0.89794921875 0.1103515625 0.1298828125
0 0.72119140625 0.89453125 0.1103515625 0.123046875
19 0.88818359375 0.8798828125 0.1103515625 0.09375
