5 0.0830078125 0.09912109375 0.166015625 0.1982421875
24 0.3330078125 0.08642578125 0.166015625 0.1728515625
24 0.5830078125 0.06591796875 0.166015625 0.1318359375
11 0.8330078125 0.08984375 0.166015625 0.1796875
11 0.0830078125 0.3486328125 0.166015625 0.197265625
14 0.3330078125 0.35205078125 0.166015625 0.2041015625
25 0.5830078125 0.314453125 0.166015625 0.12890625
3 0.8330078125 0.31884765625 0.166015625 0.1376953125
14 0.0830078125 0.5986328125 0.166015625 0.197265625
24 0.3330078125 0.58203125 0.166015625 0.1640625
27 0.5830078125 0.56689453125 0.166015625 0.1337890625
16 0.8330078125 0.5791015625 0.166015625 0.158203125
15 0.0830078125 0.81787109375 0.166015625 0.1357421875
17 0.3330078125 0.8359375 0.166015625 0.171875
23 0.5830078125 0.83447265625 0.166015625 0.1689453125
23 0.8330078125 0.8310546875 0.166015625 0.162109375
