9 0.04736328125 0.04248046875 0.0947265625 0.0849609375
5 0.18994140625 0.056640625 0.0947265625 0.11328125
11 0.33251953125 0.0537109375 0.0947265625 0.107421875
33 0.47509765625 0.03515625 0.0947265625 0.0703125
29 0.61865234375 0.0546875 0.0947265625 0.109375
10 0.76123046875 0.05029296875 0.0947265625 0.1005859375
13 0.90380859375 0.03955078125 0.0947265625 0.0791015625
20 0.04736328125 0.19287109375 0.0947265625 0.1005859375
18 0.18994140625 0.1865234375 0.0947265625 0.087890625
8 0.33251953125 0.1884765625 0.0947265625 0.091796875
9 0.47509765625 0.18798828125 0.0947265625 0.0908203125
11 0.61865234375 0.19580078125 0.0947265625 0.1064453125
32 0.76123046875 0.18408203125 0.0947265625 0.0830078125
29 0.90380859375 0.19140625 0.0947265625 0.09765625
32 0.04736328125 0.34375 0.0947265625 0.1171875
16 0.18994140625 0.3359375 0.0947265625 0.1015625
0 0.33251953125 0.34716796875 0.0947265625 0.1240234375
19 0.47509765625 0.34375 0.0947265625 0.1171875
23 0.61865234375 0.33251953125 0.0947265625 0.0947265625
17 0.76123046875 0.3310546875 0.0947265625 0.091796875
14 0.90380859375 0.32763671875 0.0947265625 0.0849609375
5 0.04736328125 0.47607421875 0.0947265625 0.0966796875
1 0.18994140625 0.47509765625 0.0947265625 0.0947265625
26 0.33251953125 0.47119140625 0.0947265625 0.0869140625
12 0.47509765625 0.47509765625 0.0947265625 0.0947265625
20 0.61865234375 0.482421875 0.0947265625 0.109375
9 0.76123046875 0.47607421875 0.0947265625 0.0966796875
7 0.90380859375 0.47705078125 0.0947265625 0.0986328125
17 0.04736328125 0.6279296875 0.0947265625 0.11328125
19 0.18994140625 0.625 0.0947265625 0.107421875
28 0.33251953125 0.61865234375 0.0947265625 0.0947265625
6 0.47509765625 0.61181640625 0.0947265625 0.0810546875
17 0.61865234375 0.60986328125 0.0947265625 0.0771484375
5 0.76123046875 0.6259765625 0.0947265625 0.109375
30 0.90380859375 0.615234375 0.0947265625 0.087890625
3 0.04736328125 0.75634765625 0.0947265625 0.0849609375
12 0.18994140625 0.755859375 0.0947265625 0.083984375
15 0.33251953125 0.7724609375 0.0947265625 0.1171875
3 0.47509765625 0.7666015625 0.0947265625 0.10546875
6 0.61865234375 0.75927734375 0.0947265625 0.0908203125
20 0.76123046875 0.759765625 0.0947265625 0.091796875
20 0.90380859375 0.7685546875 0.0947265625 0.109375
28 0.04736328125 0.9091796875 0.0947265625 0.10546875
6 0.18994140625 0.900390625 0.0947265625 0.087890625
26 0.33251953125 0.89697265625 0.0947265625 0.0810546875
1 0.47509765625 0.90625 0.0947265625 0.099609375
23 0.61865234375 0.91650390625 0.0947265625 0.1201171875
7 0.76123046875 0.90625 0.0947265625 0.099609375
8 0.90380859375 0.89453125 0.0947265625 0.076171875
