6 0.05517578125 0.0654296875 0.1103515625 0.130859375
28 0.22119140625 0.05859375 0.1103515625 0.1171875
13 0.38818359375 0.05712890625 0.1103515625 0.1142578125
28 0.55517578125 0.06494140625 0.1103515625 0.1298828125
4 0.72119140625 0.06201171875 0.1103515625 0.1240234375
8 0.88818359375 0.0498046875 0.1103515625 0.099609375
26 0.05517578125 0.23193359375 0.1103515625 0.1318359375
25 0.22119140625 0.20947265625 0.1103515625 0.0869140625
30 0.38818359375 0.2177734375 0.1103515625 0.103515625
29 0.55517578125 0.234375 0.1103515625 0.13671875
5 0.72119140625 0.23291015625 0.1103515625 0.1337890625
30 0.88818359375 0.23583984375 0.1103515625 0.1396484375
12 0.05517578125 0.39306640625 0.1103515625 0.1201171875
33 0.22119140625 0.3857421875 0.1103515625 0.10546875
20 0.38818359375 0.3779296875 0.1103515625 0.08984375
6 0.55517578125 0.4013671875 0.1103515625 0.13671875
19 0.72119140625 0.396484375 0.1103515625 0.126953125
1 0.88818359375 0.3837890625 0.1103515625 0.1015625
33 0.05517578125 0.57080078125 0.1103515625 0.1416015625
18 0.22119140625 0.5625 0.1103515625 0.125
26 0.38818359375 0.56005859375 0.1103515625 0.1201171875
13 0.55517578125 0.56396484375 0.1103515625 0.1279296875
11 0.72119140625 0.544921875 0.1103515625 0.08984375
14 0.88818359375 0.568359375 0.1103515625 0.13671875
8 0.05517578125 0.708984375 0.1103515625 0.0859375
28 0.22119140625 0.73095703125 0.1103515625 0.1298828125
8 0.38818359375 0.72216796875 0.1103515625 0.1123046875
21 0.55517578125 0.71044921875 0.1103515625 0.0888671875
3 0.72119140625 0.73828125 0.1103515625 0.14453125
6 0.88818359375 0.7109375 0.1103515625 0.08984375
18 0.05517578125 0.8876953125 0.1103515625 0.109375
33 0.22119140625 0.880859375 0.1103515625 0.095703125
6 0.38818359375 0.90380859375 0.1103515625 0.1416015625
29 0.55517578125 0.89013671875 0.1103515625 0.1142578125
14 0.72119140625 0.8818359375 0.1103515625 0.09765625
20 0.88818359375 0.87451171875 0.1103515625 0.0830078125
