29 0.06640625 0.05712890625 0.1328125 0.1142578125
15 0.265625 0.07568359375 0.1328125 0.1513671875
28 0.4658203125 0.06201171875 0.1328125 0.1240234375
9 0.666015625 0.05078125 0.1328125 0.1015625
10 0.8662109375 0.07177734375 0.1328125 0.1435546875
10 0.06640625 0.25439453125 0.1328125 0.1103515625
11 0.265625 0.27734375 0.1328125 0.15625
14 0.4658203125 0.263671875 0.1328125 0.12890625
8 0.666015625 0.28564453125 0.1328125 0.1728515625
20 0.8662109375 0.28759765625 0.1328125 0.1767578125
11 0.06640625 0.478515625 0.1328125 0.158203125
12 0.265625 0.458984375 0.1328125 0.119140625
31 0.4658203125 0.46337890625 0.1328125 0.1279296875
27 0.666015625 0.45263671875 0.1328125 0.1064453125
7 0.8662109375 0.47900390625 0.1328125 0.1591796875
4 0.06640625 0.65625 0.1328125 0.11328125
29 0.265625 0.6845703125 0.1328125 0.169921875
17 0.4658203125 0.6748046875 0.1328125 0.150390625
2 0.666015625 0.65478515625 0.1328125 0.1103515625
23 0.8662109375 0.6650390625 0.1328125 0.130859375
26 0.06640625 0.86181640625 0.1328125 0.1240234375
17 0.265625 0.87890625 0.1328125 0.158203125
10 0.4658203125 0.8583984375 0.1328125 0.1171875
33 0.666015625 0.85888671875 0.1328125 0.1181640625
24 0.8662109375 0.86083984375 0.1328125 0.1220703125
