31 0.04150390625 0.046875 0.0830078125 0.09375
3 0.16650390625 0.0390625 0.0830078125 0.078125
13 0.29150390625 0.03173828125 0.0830078125 0.0634765625
5 0.41650390625 0.05029296875 0.0830078125 0.1005859375
7 0.54150390625 0.04931640625 0.0830078125 0.0986328125
20 0.66650390625 0.044921875 0.0830078125 0.08984375
14 0.79150390625 0.0341796875 0.0830078125 0.068359375
9 0.91650390625 0.03857421875 0.0830078125 0.0771484375
8 0.04150390625 0.17529296875 0.0830078125 0.1005859375
10 0.16650390625 0.17138671875 0.0830078125 0.0927734375
10 0.29150390625 0.17138671875 0.0830078125 0.0927734375
20 0.41650390625 0.17138671875 0.0830078125 0.0927734375
26 0.54150390625 0.17431640625 0.0830078125 0.0986328125
7 0.66650390625 0.1669921875 0.0830078125 0.083984375
21 0.79150390625 0.166015625 0.0830078125 0.08203125
6 0.91650390625 0.16064453125 0.0830078125 0.0712890625
9 0.04150390625 0.287109375 0.0830078125 0.07421875
2 0.16650390625 0.29736328125 0.0830078125 0.0947265625
24 0.29150390625 0.287109375 0.0830078125 0.07421875
16 0.41650390625 0.296875 0.0830078125 0.09375
10 0.54150390625 0.29052734375 0.0830078125 0.0810546875
20 0.66650390625 0.28466796875 0.0830078125 0.0693359375
13 0.79150390625 0.2890625 0.0830078125 0.078125
23 0.91650390625 0.294921875 0.0830078125 0.08984375
4 0.04150390625 0.4267578125 0.0830078125 0.103515625
31 0.16650390625 0.419921875 0.0830078125 0.08984375
12 0.29150390625 0.41455078125 0.0830078125 0.0791015625
23 0.41650390625 0.41259765625 0.0830078125 0.0751953125
18 0.54150390625 0.41748046875 0.0830078125 0.0849609375
22 0.66650390625 0.41259765625 0.0830078125 0.0751953125
22 0.79150390625 0.41845703125 0.0830078125 0.0869140625
26 0.91650390625 0.4267578125 0.0830078125 0.103515625
29 0.04150390625 0.53564453125 0.0830078125 0.0712890625
7 0.16650390625 0.55224609375 0.0830078125 0.1044921875
30 0.29150390625 0.55419921875 0.0830078125 0.1083984375
8 0.41650390625 0.53515625 0.0830078125 0.0703125
4 0.54150390625 0.54296875 0.0830078125 0.0859375
22 0.66650390625 0.54638671875 0.0830078125 0.0927734375
19 0.79150390625 0.5400390625 0.0830078125 0.080078125
27 0.91650390625 0.5341796875 0.0830078125 0.068359375
23 0.04150390625 0.6591796875 0.0830078125 0.068359375
14 0.16650390625 0.67529296875 0.0830078125 0.1005859375
23 0.29150390625 0.66064453125 0.0830078125 0.0712890625
24 0.41650390625 0.65966796875 0.0830078125 0.0693359375
0 0.54150390625 0.673828125 0.0830078125 0.09765625
8 0.66650390625 0.66748046875 0.0830078125 0.0849609375
19 0.79150390625 0.66162109375 0.0830078125 0.0732421875
8 0.91650390625 0.66845703125 0.0830078125 0.0869140625
31 0.04150390625 0.79296875 0.0830078125 0.0859375
26 0.16650390625 0.78369140625 0.0830078125 0.0673828125
9 0.29150390625 0.798828125 0.0830078125 0.09765625
19 0.41650390625 0.78369140625 0.0830078125 0.0673828125
28 0.54150390625 0.7900390625 0.0830078125 0.080078125
23 0.66650390625 0.791015625 0.0830078125 0.08203125
33 0.79150390625 0.7978515625 0.0830078125 0.095703125
28 0.91650390625 0.79150390625 0.0830078125 0.0830078125
32 0.04150390625 0.92822265625 0.0830078125 0.1064453125
0 0.16650390625 0.908203125 0.0830078125 0.06640625
13 0.29150390625 0.916015625 0.0830078125 0.08203125
32 0.41650390625 0.92919921875 0.0830078125 0.1083984375
4 0.54150390625 0.9130859375 0.0830078125 0.076171875
3 0.66650390625 0.92138671875 0.0830078125 0.0927734375
24 0.79150390625 0.912109375 0.0830078125 0.07421875
0 0.91650390625 0.9296875 0.0830078125 0.109375
