6 0.05517578125 0.06005859375 0.1103515625 0.1201171875
15 0.22119140625 0.06396484375 0.1103515625 0.1279296875
9 0.38818359375 0.05322265625 0.1103515625 0.1064453125
0 0.55517578125 0.068359375 0.1103515625 0.13671875
19 0.72119140625 0.072265625 0.1103515625 0.14453125
17 0.88818359375 0.0673828125 0.1103515625 0.134765625
6 0.05517578125 0.2373046875 0.1103515625 0.142578125
7 0.22119140625 0.2236328125 0.1103515625 0.115234375
26 0.38818359375 0.23583984375 0.1103515625 0.1396484375
3 0.55517578125 0.22607421875 0.1103515625 0.1201171875
12 0.72119140625 0.224609375 0.1103515625 0.1171875
9 0.88818359375 0.2314453125 0.1103515625 0.130859375
2 0.05517578125 0.396484375 0.1103515625 0.126953125
21 0.22119140625 0.3828125 0.1103515625 0.099609375
8 0.38818359375 0.39404296875 0.1103515625 0.1220703125
8 0.55517578125 0.39453125 0.1103515625 0.123046875
30 0.72119140625 0.380859375 0.1103515625 0.095703125
12 0.88818359375 0.3818359375 0.1103515625 0.09765625
5 0.05517578125 0.5458984375 0.1103515625 0.091796875
33 0.22119140625 0.55517578125 0.1103515625 0.1103515625
16 0.38818359375 0.56396484375 0.1103515625 0.1279296875
14 0.55517578125 0.54248046875 0.1103515625 0.0849609375
20 0.72119140625 0.55224609375 0.1103515625 0.1044921875
2 0.88818359375 0.56396484375 0.1103515625 0.1279296875
5 0.05517578125 0.7109375 0.1103515625 0.08984375
1 0.22119140625 0.73681640625 0.1103515625 0.1416015625
4 0.38818359375 0.7294921875 0.1103515625 0.126953125
20 0.55517578125 0.7275390625 0.1103515625 0.123046875
12 0.72119140625 0.7138671875 0.1103515625 0.095703125
2 0.88818359375 0.72412109375 0.1103515625 0.1162109375
30 0.05517578125 0.8798828125 0.1103515625 0.09375
15 0.22119140625 0.8779296875 0.1103515625 0.08984375
29 0.38818359375 0.88671875 0.1103515625 0.107421875
22 0.55517578125 0.8818359375 0.1103515625 0.09765625
27 0.72119140625 0.87646484375 0.1103515625 0.0869140625
27 0.88818359375 0.89208984375 0.1103515625 0.1181640625
