17 0.04150390625 0.04736328125 0.0830078125 0.0947265625
9 0.16650390625 0.046875 0.0830078125 0.09375
25 0.29150390625 0.0322265625 0.0830078125 0.064453125
27 0.41650390625 0.037109375 0.0830078125 0.07421875
18 0.54150390625 0.04541015625 0.0830078125 0.0908203125
29 0.66650390625 0.04345703125 0.0830078125 0.0869140625
32 0.79150390625 0.0439453125 0.0830078125 0.087890625
18 0.91650390625 0.0341796875 0.0830078125 0.068359375
20 0.04150390625 0.1572265625 0.0830078125 0.064453125
0 0.16650390625 0.17041015625 0.0830078125 0.0908203125
26 0.29150390625 0.1689453125 0.0830078125 0.087890625
26 0.41650390625 0.1650390625 0.0830078125 0.080078125
31 0.54150390625 0.16015625 0.0830078125 0.0703125
0 0.66650390625 0.1650390625 0.0830078125 0.080078125
25 0.79150390625 0.16796875 0.0830078125 0.0859375
6 0.91650390625 0.16943359375 0.0830078125 0.0888671875
3 0.04150390625 0.2978515625 0.0830078125 0.095703125
33 0.16650390625 0.2841796875 0.0830078125 0.068359375
18 0.29150390625 0.287109375 0.0830078125 0.07421875
20 0.41650390625 0.2900390625 0.0830078125 0.080078125
25 0.54150390625 0.287109375 0.0830078125 0.07421875
21 0.66650390625 0.3017578125 0.0830078125 0.103515625
31 0.79150390625 0.29150390625 0.0830078125 0.0830078125
18 0.91650390625 0.29638671875 0.0830078125 0.0927734375
3 0.04150390625 0.42041015625 0.0830078125 0.0908203125
6 0.16650390625 0.41796875 0.0830078125 0.0859375
25 0.29150390625 0.408203125 0.0830078125 0.06640625
33 0.41650390625 0.412109375 0.0830078125 0.07421875
4 0.54150390625 0.41552734375 0.0830078125 0.0810546875
15 0.66650390625 0.412109375 0.0830078125 0.07421875
25 0.79150390625 0.42578125 0.0830078125 0.1015625
25 0.91650390625 0.41650390625 0.0830078125 0.0830078125
7 0.04150390625 0.5390625 0.0830078125 0.078125
10 0.16650390625 0.53955078125 0.0830078125 0.0791015625
9 0.29150390625 0.53173828125 0.0830078125 0.0634765625
29 0.41650390625 0.54931640625 0.0830078125 0.0986328125
2 0.54150390625 0.5380859375 0.0830078125 0.076171875
3 0.66650390625 0.5380859375 0.0830078125 0.076171875
24 0.79150390625 0.537109375 0.0830078125 0.07421875
14 0.91650390625 0.54052734375 0.0830078125 0.0810546875
9 0.04150390625 0.6767578125 0.0830078125 0.103515625
23 0.16650390625 0.66015625 0.0830078125 0.0703125
24 0.29150390625 0.6591796875 0.0830078125 0.068359375
24 0.41650390625 0.67529296875 0.0830078125 0.1005859375
8 0.54150390625 0.67138671875 0.0830078125 0.0927734375
5 0.66650390625 0.67431640625 0.0830078125 0.0986328125
9 0.79150390625 0.67431640625 0.0830078125 0.0986328125
18 0.91650390625 0.66845703125 0.0830078125 0.0869140625
1 0.04150390625 0.79150390625 0.0830078125 0.0830078125
22 0.16650390625 0.7880859375 0.0830078125 0.076171875
2 0.29150390625 0.7880859375 0.0830078125 0.076171875
4 0.41650390625 0.79248046875 0.0830078125 0.0849609375
8 0.54150390625 0.79443359375 0.0830078125 0.0888671875
19 0.66650390625 0.78173828125 0.0830078125 0.0634765625
22 0.79150390625 0.78564453125 0.0830078125 0.0712890625
22 0.91650390625 0.79638671875 0.0830078125 0.0927734375
3 0.04150390625 0.91455078125 0.0830078125 0.0791015625
6 0.16650390625 0.9306640625 0.0830078125 0.111328125
10 0.29150390625 0.91796875 0.0830078125 0.0859375
33 0.41650390625 0.9150390625 0.0830078125 0.080078125
9 0.54150390625 0.90673828125 0.0830078125 0.0634765625
0 0.66650390625 0.908203125 0.0830078125 0.06640625
12 0.79150390625 0.91943359375 0.0830078125 0.0888671875
11 0.91650390625 0.91845703125 0.0830078125 0.0869140625
