17 0.05517578125 0.06689453125 0.1103515625 0.1337890625
4 0.22119140625 0.052734375 0.1103515625 0.10546875
29 0.38818359375 0.0595703125 0.1103515625 0.119140625
29 0.55517578125 0.0419921875 0.1103515625 0.083984375
5 0.72119140625 0.068359375 0.1103515625 0.13671875
26 0.88818359375 0.04443359375 0.1103515625 0.0888671875
31 0.05517578125 0.22998046875 0.1103515625 0.1279296875
1 0.22119140625 0.21484375 0.1103515625 0.09765625
14 0.38818359375 0.2294921875 0.1103515625 0.126953125
11 0.55517578125 0.234375 0.1103515625 0.13671875
25 0.72119140625 0.22705078125 0.1103515625 0.1220703125
18 0.88818359375 0.21484375 0.1103515625 0.09765625
13 0.05517578125 0.3828125 0.1103515625 0.099609375
31 0.22119140625 0.39111328125 0.1103515625 0.1162109375
18 0.38818359375 0.38037109375 0.1103515625 0.0947265625
30 0.55517578125 0.38916015625 0.1103515625 0.1123046875
13 0.72119140625 0.39892578125 0.1103515625 0.1318359375
6 0.88818359375 0.3984375 0.1103515625 0.130859375
20 0.05517578125 0.56982421875 0.1103515625 0.1396484375
23 0.22119140625 0.5615234375 0.1103515625 0.123046875
13 0.38818359375 0.5498046875 0.1103515625 0.099609375
29 0.55517578125 0.56005859375 0.1103515625 0.1201171875
31 0.72119140625 0.56103515625 0.1103515625 0.1220703125
16 0.88818359375 0.55908203125 0.1103515625 0.1181640625
24 0.05517578125 0.7177734375 0.1103515625 0.103515625
20 0.22119140625 0.7119140625 0.1103515625 0.091796875
2 0.38818359375 0.72607421875 0.1103515625 0.1201171875
32 0.55517578125 0.724609375 0.1103515625 0.1171875
19 0.72119140625 0.720703125 0.1103515625 0.109375
9 0.88818359375 0.7333984375 0.1103515625 0.134765625
20 0.05517578125 0.87890625 0.1103515625 0.091796875
27 0.22119140625 0.8759765625 0.1103515625 0.0859375
12 0.38818359375 0.8779296875 0.1103515625 0.08984375
27 0.55517578125 0.8828125 0.1103515625 0.099609375
0 0.72119140625 0.8857421875 0.1103515625 0.10546875
30 0.88818359375 0.8779296875 0.1103515625 0.08984375
