7 0.0830078125 0.076171875 0.166015625 0.15234375
31 0.3330078125 0.0859375 0.166015625 0.171875
18 0.5830078125 0.10498046875 0.166015625 0.2099609375
32 0.8330078125 0.07666015625 0.166015625 0.1533203125
1 0.0830078125 0.3251953125 0.166015625 0.150390625
11 0.3330078125 0.32080078125 0.166015625 0.1416015625
28 0.5830078125 0.3359375 0.166015625 0.171875
11 0.8330078125 0.33544921875 0.166015625 0.1708984375
19 0.0830078125 0.5810546875 0.166015625 0.162109375
9 0.3330078125 0.57861328125 0.166015625 0.1572265625
21 0.5830078125 0.59033203125 0.166015625 0.1806640625
22 0.8330078125 0.57080078125 0.166015625 0.1416015625
12 0.0830078125 0.82421875 0.166015625 0.1484375
8 0.3330078125 0.8486328125 0.166015625 0.197265625
12 0.5830078125 0.822265625 0.166015625 0.14453125
8 0.8330078125 0.82373046875 0.166015625 0.1474609375
