29 0.05517578125 0.056640625 0.1103515625 0.11328125
19 0.22119140625 0.0537109375 0.1103515625 0.107421875
16 0.38818359375 0.0537109375 0.1103515625 0.107421875
20 0.55517578125 0.06396484375 0.1103515625 0.1279296875
8 0.72119140625 0.06201171875 0.1103515625 0.1240234375
4 0.88818359375 0.046875 0.1103515625 0.09375
14 0.05517578125 0.23828125 0.1103515625 0.14453125
9 0.22119140625 0.220703125 0.1103515625 0.109375
32 0.38818359375 0.22998046875 0.1103515625 0.1279296875
18 0.55517578125 0.21875 0.1103515625 0.10546875
30 0.72119140625 0.212890625 0.1103515625 0.09375
3 0.88818359375 0.21484375 0.1103515625 0.09765625
16 0.05517578125 0.39794921875 0.1103515625 0.1298828125
2 0.22119140625 0.39453125 0.1103515625 0.123046875
22 0.38818359375 0.37841796875 0.1103515625 0.0908203125
18 0.55517578125 0.3857421875 0.1103515625 0.10546875
5 0.72119140625 0.3828125 0.1103515625 0.099609375
22 0.88818359375 0.37646484375 0.1103515625 0.0869140625
31 0.05517578125 0.54638671875 0.1103515625 0.0927734375
32 0.22119140625 0.556640625 0.1103515625 0.11328125
13 0.38818359375 0.54296875 0.1103515625 0.0859375
19 0.55517578125 0.546875 0.1103515625 0.09375
12 0.72119140625 0.5576171875 0.1103515625 0.115234375
13 0.88818359375 0.546875 0.1103515625 0.09375
14 0.05517578125 0.73095703125 0.1103515625 0.1298828125
24 0.22119140625 0.72802734375 0.1103515625 0.1240234375
14 0.38818359375 0.72705078125 0.1103515625 0.1220703125
11 0.55517578125 0.71142578125 0.1103515625 0.0908203125
23 0.72119140625 0.72802734375 0.1103515625 0.1240234375
31 0.88818359375 0.71142578125 0.1103515625 0.0908203125
26 0.05517578125 0.8759765625 0.1103515625 0.0859375
1 0.22119140625 0.88818359375 0.1103515625 0.1103515625
12 0.38818359375 0.8798828125 0.1103515625 0.09375
27 0.55517578125 0.8779296875 0.1103515625 0.08984375
11 0.72119140625 0.89892578125 0.1103515625 0.1318359375
22 0.88818359375 0.8876953125 0.1103515625 0.109375
