24 0.05517578125 0.0634765625 0.1103515625 0.126953125
24 0.22119140625 0.05078125 0.1103515625 0.1015625
11 0.38818359375 0.04296875 0.1103515625 0.0859375
28 0.55517578125 0.04150390625 0.1103515625 0.0830078125
26 0.72119140625 0.06982421875 0.1103515625 0.1396484375
3 0.88818359375 0.05615234375 0.1103515625 0.1123046875
6 0.05517578125 0.20947265625 0.1103515625 0.0869140625
6 0.22119140625 0.2138671875 0.1103515625 0.095703125
30 0.38818359375 0.21630859375 0.1103515625 0.1005859375
8 0.55517578125 0.21826171875 0.1103515625 0.1044921875
22 0.72119140625 0.22314453125 0.1103515625 0.1142578125
1 0.88818359375 0.228515625 0.1103515625 0.125
32 0.05517578125 0.38671875 0.1103515625 0.107421875
16 0.22119140625 0.3955078125 0.1103515625 0.125
12 0.38818359375 0.38671875 0.1103515625 0.107421875
16 0.55517578125 0.3876953125 0.1103515625 0.109375
10 0.72119140625 0.38623046875 0.1103515625 0.1064453125
31 0.88818359375 0.38330078125 0.1103515625 0.1005859375
10 0.05517578125 0.5732421875 0.1103515625 0.146484375
18 0.22119140625 0.5498046875 0.1103515625 0.099609375
33 0.38818359375 0.5595703125 0.1103515625 0.119140625
17 0.55517578125 0.5654296875 0.1103515625 0.130859375
4 0.72119140625 0.54833984375 0.1103515625 0.0966796875
9 0.88818359375 0.55078125 0.1103515625 0.1015625
17 0.05517578125 0.716796875 0.1103515625 0.1015625
33 0.22119140625 0.7158203125 0.1103515625 0.099609375
31 0.38818359375 0.73193359375 0.1103515625 0.1318359375
27 0.55517578125 0.7109375 0.1103515625 0.08984375
25 0.72119140625 0.7080078125 0.1103515625 0.083984375
18 0.88818359375 0.7275390625 0.1103515625 0.123046875
4 0.05517578125 0.88916015625 0.1103515625 0.1123046875
30 0.22119140625 0.8916015625 0.1103515625 0.1171875
20 0.38818359375 0.880859375 0.1103515625 0.095703125
20 0.55517578125 0.9013671875 0.1103515625 0.13671875
6 0.72119140625 0.8837890625 0.1103515625 0.1015625
30 0.88818359375 0.896484375 0.1103515625 0.126953125
