1 0.04736328125 0.05126953125 0.0947265625 0.1025390625
7 0.18994140625 0.04345703125 0.0947265625 0.0869140625
9 0.33251953125 0.0419921875 0.0947265625 0.083984375
9 0.47509765625 0.05810546875 0.0947265625 0.1162109375
18 0.61865234375 0.0498046875 0.0947265625 0.099609375
32 0.76123046875 0.0517578125 0.0947265625 0.103515625
31 0.90380859375 0.06201171875 0.0947265625 0.1240234375
12 0.04736328125 0.18310546875 0.0947265625 0.0810546875
18 0.18994140625 0.1943359375 0.0947265625 0.103515625
30 0.33251953125 0.19189453125 0.0947265625 0.0986328125
21 0.47509765625 0.19775390625 0.0947265625 0.1103515625
13 0.61865234375 0.18408203125 0.0947265625 0.0830078125
4 0.76123046875 0.1943359375 0.0947265625 0.103515625
20 0.90380859375 0.20263671875 0.0947265625 0.1201171875
5 0.04736328125 0.3330078125 0.0947265625 0.095703125
10 0.18994140625 0.34326171875 0.0947265625 0.1162109375
16 0.33251953125 0.328125 0.0947265625 0.0859375
13 0.47509765625 0.326171875 0.0947265625 0.08203125
30 0.61865234375 0.3251953125 0.0947265625 0.080078125
10 0.76123046875 0.3203125 0.0947265625 0.0703125
19 0.90380859375 0.3369140625 0.0947265625 0.103515625
10 0.04736328125 0.48876953125 0.0947265625 0.1220703125
23 0.18994140625 0.4794921875 0.0947265625 0.103515625
16 0.33251953125 0.47509765625 0.0947265625 0.0947265625
22 0.47509765625 0.4736328125 0.0947265625 0.091796875
12 0.61865234375 0.4833984375 0.0947265625 0.111328125
14 0.76123046875 0.46533203125 0.0947265625 0.0751953125
18 0.90380859375 0.48486328125 0.0947265625 0.1142578125
11 0.04736328125 0.60888671875 0.0947265625 0.0751953125
7 0.18994140625 0.63134765625 0.0947265625 0.1201171875
20 0.33251953125 0.61279296875 0.0947265625 0.0830078125
27 0.47509765625 0.61328125 0.0947265625 0.083984375
18 0.61865234375 0.6171875 0.0947265625 0.091796875
31 0.76123046875 0.61865234375 0.0947265625 0.0947265625
30 0.90380859375 0.6123046875 0.0947265625 0.08203125
4 0.04736328125 0.7548828125 0.0947265625 0.08203125
24 0.18994140625 0.75341796875 0.0947265625 0.0791015625
11 0.33251953125 0.76220703125 0.0947265625 0.0966796875
9 0.47509765625 0.76513671875 0.0947265625 0.1025390625
27 0.61865234375 0.76318359375 0.0947265625 0.0986328125
5 0.76123046875 0.75146484375 0.0947265625 0.0751953125
29 0.90380859375 0.7626953125 0.0947265625 0.09765625
8 0.04736328125 0.89599609375 0.0947265625 0.0791015625
16 0.18994140625 0.900390625 0.0947265625 0.087890625
12 0.33251953125 0.9111328125 0.0947265625 0.109375
5 0.47509765625 0.90234375 0.0947265625 0.091796875
28 0.61865234375 0.9150390625 0.0947265625 0.1171875
27 0.76123046875 0.89892578125 0.0947265625 0.0849609375
1 0.90380859375 0.89453125 0.0947265625 0.076171875
