12 0.05517578125 0.04541015625 0.1103515625 0.0908203125
21 0.22119140625 0.07080078125 0.1103515625 0.1416015625
25 0.38818359375 0.06591796875 0.1103515625 0.1318359375
26 0.55517578125 0.0458984375 0.1103515625 0.091796875
6 0.72119140625 0.05712890625 0.1103515625 0.1142578125
9 0.88818359375 0.05908203125 0.1103515625 0.1181640625
6 0.05517578125 0.2314453125 0.1103515625 0.130859375
32 0.22119140625 0.2119140625 0.1103515625 0.091796875
7 0.38818359375 0.2177734375 0.1103515625 0.103515625
29 0.55517578125 0.21728515625 0.1103515625 0.1025390625
18 0.72119140625 0.21044921875 0.1103515625 0.0888671875
8 0.88818359375 0.2119140625 0.1103515625 0.091796875
15 0.05517578125 0.392578125 0.1103515625 0.119140625
29 0.22119140625 0.3955078125 0.1103515625 0.125
17 0.38818359375 0.40185546875 0.1103515625 0.1376953125
33 0.55517578125 0.37890625 0.1103515625 0.091796875
18 0.72119140625 0.3984375 0.1103515625 0.130859375
24 0.88818359375 0.38818359375 0.1103515625 0.1103515625
13 0.05517578125 0.55615234375 0.1103515625 0.1123046875
20 0.22119140625 0.568359375 0.1103515625 0.13671875
1 0.38818359375 0.55517578125 0.1103515625 0.1103515625
19 0.55517578125 0.5595703125 0.1103515625 0.119140625
8 0.72119140625 0.5654296875 0.1103515625 0.130859375
4 0.88818359375 0.5498046875 0.1103515625 0.099609375
2 0.05517578125 0.71337890625 0.1103515625 0.0947265625
25 0.22119140625 0.72216796875 0.1103515625 0.1123046875
28 0.38818359375 0.7158203125 0.1103515625 0.099609375
10 0.55517578125 0.72607421875 0.1103515625 0.1201171875
4 0.72119140625 0.7109375 0.1103515625 0.08984375
18 0.88818359375 0.7294921875 0.1103515625 0.126953125
3 0.05517578125 0.88134765625 0.1103515625 0.0966796875
18 0.22119140625 0.8798828125 0.1103515625 0.09375
8 0.38818359375 0.89892578125 0.1103515625 0.1318359375
30 0.55517578125 0.88916015625 0.1103515625 0.1123046875
31 0.72119140625 0.896484375 0.1103515625 0.126953125
15 0.88818359375 0.90283203125 0.1103515625 0.1396484375
