24 0.04736328125 0.048828125 0.0947265625 0.09765625
6 0.18994140625 0.056640625 0.0947265625 0.11328125
5 0.33251953125 0.05517578125 0.0947265625 0.1103515625
14 0.47509765625 0.0478515625 0.0947265625 0.095703125
5 0.61865234375 0.06005859375 0.0947265625 0.1201171875
19 0.76123046875 0.04248046875 0.0947265625 0.0849609375
30 0.90380859375 0.0458984375 0.0947265625 0.091796875
13 0.04736328125 0.18603515625 0.0947265625 0.0869140625
11 0.18994140625 0.1923828125 0.0947265625 0.099609375
23 0.33251953125 0.18701171875 0.0947265625 0.0888671875
18 0.47509765625 0.18408203125 0.0947265625 0.0830078125
1 0.61865234375 0.19140625 0.0947265625 0.09765625
22 0.76123046875 0.18603515625 0.0947265625 0.0869140625
32 0.90380859375 0.20068359375 0.0947265625 0.1162109375
15 0.04736328125 0.3251953125 0.0947265625 0.080078125
32 0.18994140625 0.337890625 0.0947265625 0.10546875
5 0.33251953125 0.32080078125 0.0947265625 0.0712890625
19 0.47509765625 0.3232421875 0.0947265625 0.076171875
28 0.61865234375 0.33056640625 0.0947265625 0.0908203125
21 0.76123046875 0.33984375 0.0947265625 0.109375
7 0.90380859375 0.3408203125 0.0947265625 0.111328125
29 0.04736328125 0.47021484375 0.0947265625 0.0849609375
2 0.18994140625 0.46533203125 0.0947265625 0.0751953125
32 0.33251953125 0.47412109375 0.0947265625 0.0927734375
0 0.47509765625 0.46875 0.0947265625 0.08203125
0 0.61865234375 0.470703125 0.0947265625 0.0859375
33 0.76123046875 0.470703125 0.0947265625 0.0859375
8 0.90380859375 0.47509765625 0.0947265625 0.0947265625
12 0.04736328125 0.6171875 0.0947265625 0.091796875
29 0.18994140625 0.6142578125 0.0947265625 0.0859375
4 0.33251953125 0.61328125 0.0947265625 0.083984375
13 0.47509765625 0.6123046875 0.0947265625 0.08203125
9 0.61865234375 0.61376953125 0.0947265625 0.0849609375
15 0.76123046875 0.6171875 0.0947265625 0.091796875
31 0.90380859375 0.630859375 0.0947265625 0.119140625
33 0.04736328125 0.75390625 0.0947265625 0.080078125
27 0.18994140625 0.75048828125 0.0947265625 0.0732421875
23 0.33251953125 0.7509765625 0.0947265625 0.07421875
17 0.47509765625 0.75927734375 0.0947265625 0.0908203125
17 0.61865234375 0.75732421875 0.0947265625 0.0869140625
33 0.76123046875 0.7568359375 0.0947265625 0.0859375
2 0.90380859375 0.76708984375 0.0947265625 0.1064453125
11 0.04736328125 0.8974609375 0.0947265625 0.08203125
16 0.18994140625 0.892578125 0.0947265625 0.072265625
26 0.33251953125 0.89501953125 0.0947265625 0.0771484375
23 0.47509765625 0.912109375 0.0947265625 0.111328125
16 0.61865234375 0.90673828125 0.0947265625 0.1005859375
26 0.76123046875 0.9052734375 0.0947265625 0.09765625
21 0.90380859375 0.89794921875 0.0947265625 0.0830078125
