7 0.05517578125 0.06689453125 0.1103515625 0.1337890625
3 0.22119140625 0.04443359375 0.1103515625 0.0888671875
9 0.38818359375 0.056640625 0.1103515625 0.11328125
7 0.55517578125 0.046875 0.1103515625 0.09375
21 0.72119140625 0.0732421875 0.1103515625 0.146484375
13 0.88818359375 0.04296875 0.1103515625 0.0859375
28 0.05517578125 0.22314453125 0.1103515625 0.1142578125
6 0.22119140625 0.220703125 0.1103515625 0.109375
28 0.38818359375 0.20947265625 0.1103515625 0.0869140625
0 0.55517578125 0.240234375 0.1103515625 0.1484375
25 0.72119140625 0.21142578125 0.1103515625 0.0908203125
0 0.88818359375 0.22509765625 0.1103515625 0.1181640625
11 0.05517578125 0.3828125 0.1103515625 0.099609375
1 0.22119140625 0.39208984375 0.1103515625 0.1181640625
28 0.38818359375 0.3779296875 0.1103515625 0.08984375
31 0.55517578125 0.38916015625 0.1103515625 0.1123046875
25 0.72119140625 0.390625 0.1103515625 0.115234375
5 0.88818359375 0.3916015625 0.1103515625 0.1171875
10 0.05517578125 0.5546875 0.1103515625 0.109375
32 0.22119140625 0.5576171875 0.1103515625 0.115234375
31 0.38818359375 0.5537109375 0.1103515625 0.107421875
5 0.55517578125 0.55615234375 0.1103515625 0.1123046875
27 0.72119140625 0.5478515625 0.1103515625 0.095703125
0 0.88818359375 0.5595703125 0.1103515625 0.119140625
28 0.05517578125 0.7138671875 0.1103515625 0.095703125
22 0.22119140625 0.71826171875 0.1103515625 0.1044921875
7 0.38818359375 0.72998046875 0.1103515625 0.1279296875
2 0.55517578125 0.708984375 0.1103515625 0.0859375
24 0.72119140625 0.7158203125 0.1103515625 0.099609375
15 0.88818359375 0.73486328125 0.1103515625 0.1376953125
30 0.05517578125 0.89501953125 0.1103515625 0.1240234375
15 0.22119140625 0.8779296875 0.1103515625 0.08984375
10 0.38818359375 0.8779296875 0.1103515625 0.08984375
8 0.55517578125 0.87890625 0.1103515625 0.091796875
32 0.72119140625 0.89697265625 0.1103515625 0.1279296875
25 0.88818359375 0.89697265625 0.1103515625 0.1279296875
