21 0.05517578125 0.06396484375 0.1103515625 0.1279296875
28 0.22119140625 0.0634765625 0.1103515625 0.126953125
19 0.38818359375 0.046875 0.1103515625 0.09375
21 0.55517578125 0.06884765625 0.1103515625 0.1376953125
28 0.72119140625 0.044921875 0.1103515625 0.08984375
13 0.88818359375 0.06103515625 0.1103515625 0.1220703125
28 0.05517578125 0.216796875 0.1103515625 0.1015625
27 0.22119140625 0.234375 0.1103515625 0.13671875
21 0.38818359375 0.21435546875 0.1103515625 0.0966796875
0 0.55517578125 0.2109375 0.1103515625 0.08984375
11 0.72119140625 0.23291015625 0.1103515625 0.1337890625
23 0.88818359375 0.208984375 0.1103515625 0.0859375
0 0.05517578125 0.39697265625 0.1103515625 0.1279296875
2 0.22119140625 0.3955078125 0.1103515625 0.125
7 0.38818359375 0.37890625 0.1103515625 0.091796875
4 0.55517578125 0.3818359375 0.1103515625 0.09765625
1 0.72119140625 0.3759765625 0.1103515625 0.0859375
26 0.88818359375 0.38916015625 0.1103515625 0.1123046875
13 0.05517578125 0.5654296875 0.1103515625 0.130859375
15 0.22119140625 0.56884765625 0.1103515625 0.1376953125
9 0.38818359375 0.55908203125 0.1103515625 0.1181640625
15 0.55517578125 0.55517578125 0.1103515625 0.1103515625
23 0.72119140625 0.544921875 0.1103515625 0.08984375
29 0.88818359375 0.55517578125 0.1103515625 0.1103515625
31 0.05517578125 0.708984375 0.1103515625 0.0859375
12 0.22119140625 0.7197265625 0.1103515625 0.107421875
25 0.38818359375 0.72119140625 0.1103515625 0.1103515625
24 0.55517578125 0.7080078125 0.1103515625 0.083984375
9 0.72119140625 0.7177734375 0.1103515625 0.103515625
9 0.88818359375 0.72021484375 0.1103515625 0.1083984375
4 0.05517578125 0.8876953125 0.1103515625 0.109375
21 0.22119140625 0.8818359375 0.1103515625 0.09765625
15 0.38818359375 0.89404296875 0.1103515625 0.1220703125
10 0.55517578125 0.890625 0.1103515625 0.115234375
8 0.72119140625 0.90380859375 0.1103515625 0.1416015625
26 0.88818359375 0.88134765625 0.1103515625 0.0966796875
