14 0.0830078125 0.0693359375 0.166015625 0.138671875
14 0.3330078125 0.08544921875 0.166015625 0.1708984375
10 0.5830078125 0.08740234375 0.166015625 0.1748046875
13 0.8330078125 0.1005859375 0.166015625 0.201171875
33 0.0830078125 0.3193359375 0.166015625 0.138671875
14 0.3330078125 0.35205078125 0.166015625 0.2041015625
17 0.5830078125 0.31689453125 0.166015625 0.1337890625
16 0.8330078125 0.31787109375 0.166015625 0.1357421875
3 0.0830078125 0.56298828125 0.166015625 0.1259765625
11 0.3330078125 0.564453125 0.166015625 0.12890625
0 0.5830078125 0.58984375 0.166015625 0.1796875
7 0.8330078125 0.58251953125 0.166015625 0.1650390625
17 0.0830078125 0.85205078125 0.166015625 0.2041015625
3 0.3330078125 0.84521484375 0.166015625 0.1904296875
31 0.5830078125 0.81884765625 0.166015625 0.1376953125
8 0.8330078125 0.814453125 0.166015625 0.12890625
