7 0.06640625 0.06201171875 0.1328125 0.1240234375
4 0.265625 0.0634765625 0.1328125 0.126953125
10 0.4658203125 0.0517578125 0.1328125 0.103515625
33 0.666015625 0.05322265625 0.1328125 0.1064453125
30 0.8662109375 0.060546875 0.1328125 0.12109375
13 0.06640625 0.27880859375 0.1328125 0.1591796875
25 0.265625 0.2548828125 0.1328125 0.111328125
10 0.4658203125 0.25634765625 0.1328125 0.1142578125
2 0.666015625 0.27490234375 0.1328125 0.1513671875
15 0.8662109375 0.2568359375 0.1328125 0.115234375
0 0.06640625 0.451171875 0.1328125 0.103515625
14 0.265625 0.474609375 0.1328125 0.150390625
3 0.4658203125 0.451171875 0.1328125 0.103515625
26 0.666015625 0.470703125 0.1328125 0.142578125
12 0.8662109375 0.4658203125 0.1328125 0.1328125
18 0.06640625 0.6748046875 0.1328125 0.150390625
30 0.265625 0.67041015625 0.1328125 0.1416015625
15 0.4658203125 0.67919921875 0.1328125 0.1591796875
7 0.666015625 0.662109375 0.1328125 0.125
19 0.8662109375 0.6787109375 0.1328125 0.158203125
0 0.06640625 0.880859375 0.1328125 0.162109375
33 0.265625 0.8544921875 0.1328125 0.109375
13 0.4658203125 0.86767578125 0.1328125 0.1357421875
27 0.666015625 0.876953125 0.1328125 0.154296875
16 0.8662109375 0.8759765625 0.1328125 0.15234375
