14 0.0830078125 0.09033203125 0.166015625 0.1806640625
1 0.3330078125 0.0830078125 0.166015625 0.166015625
15 0.5830078125 0.0888671875 0.166015625 0.177734375
1 0.8330078125 0.09130859375 0.166015625 0.1826171875
20 0.0830078125 0.35205078125 0.166015625 0.2041015625
23 0.3330078125 0.32421875 0.166015625 0.1484375
20 0.5830078125 0.31298828125 0.166015625 0.1259765625
26 0.8330078125 0.3193359375 0.166015625 0.138671875
18 0.0830078125 0.5751953125 0.166015625 0.150390625
30 0.3330078125 0.60205078125 0.166015625 0.2041015625
5 0.5830078125 0.578125 0.166015625 0.15625
33 0.8330078125 0.591796875 0.166015625 0.18359375
8 0.0830078125 0.82763671875 0.166015625 0.1552734375
24 0.3330078125 0.8564453125 0.166015625 0.212890625
2 0.5830078125 0.814453125 0.166015625 0.12890625
31 0.8330078125 0.8310546875 0.166015625 0.162109375
