12 0.05517578125 0.052734375 0.1103515625 0.10546875
32 0.22119140625 0.04296875 0.1103515625 0.0859375
12 0.38818359375 0.05615234375 0.1103515625 0.1123046875
16 0.55517578125 0.07080078125 0.1103515625 0.1416015625
4 0.72119140625 0.04296875 0.1103515625 0.0859375
6 0.88818359375 0.0478515625 0.1103515625 0.095703125
21 0.05517578125 0.2275390625 0.1103515625 0.123046875
24 0.22119140625 0.20751953125 0.1103515625 0.0830078125
12 0.38818359375 0.2158203125 0.1103515625 0.099609375
4 0.55517578125 0.21484375 0.1103515625 0.09765625
6 0.72119140625 0.216796875 0.1103515625 0.1015625
18 0.88818359375 0.2197265625 0.1103515625 0.107421875
9 0.05517578125 0.39453125 0.1103515625 0.123046875
10 0.22119140625 0.380859375 0.1103515625 0.095703125
29 0.38818359375 0.38525390625 0.1103515625 0.1044921875
7 0.55517578125 0.37646484375 0.1103515625 0.0869140625
14 0.72119140625 0.39404296875 0.1103515625 0.1220703125
7 0.88818359375 0.37744140625 0.1103515625 0.0888671875
33 0.05517578125 0.5673828125 0.1103515625 0.134765625
28 0.22119140625 0.55517578125 0.1103515625 0.1103515625
27 0.38818359375 0.5517578125 0.1103515625 0.103515625
12 0.55517578125 0.54638671875 0.1103515625 0.0927734375
10 0.72119140625 0.55810546875 0.1103515625 0.1162109375
21 0.88818359375 0.5654296875 0.1103515625 0.130859375
29 0.05517578125 0.71337890625 0.1103515625 0.0947265625
0 0.22119140625 0.72802734375 0.1103515625 0.1240234375
25 0.38818359375 0.7109375 0.1103515625 0.08984375
18 0.55517578125 0.72265625 0.1103515625 0.11328125
12 0.72119140625 0.7109375 0.1103515625 0.08984375
11 0.88818359375 0.7314453125 0.1103515625 0.130859375
6 0.05517578125 0.88916015625 0.1103515625 0.1123046875
9 0.22119140625 0.884765625 0.1103515625 0.103515625
2 0.38818359375 0.88916015625 0.1103515625 0.1123046875
2 0.55517578125 0.90380859375 0.1103515625 0.1416015625
32 0.72119140625 0.8955078125 0.1103515625 0.125
29 0.88818359375 0.89013671875 0.1103515625 0.1142578125
