0 0.04150390625 0.044921875 0.0830078125 0.08984375
19 0.16650390625 0.04345703125 0.0830078125 0.0869140625
16 0.29150390625 0.037109375 0.0830078125 0.07421875
13 0.41650390625 0.04296875 0.0830078125 0.0859375
11 0.54150390625 0.03125 0.0830078125 0.0625
11 0.66650390625 0.048828125 0.0830078125 0.09765625
3 0.79150390625 0.04443359375 0.0830078125 0.0888671875
18 0.91650390625 0.0419921875 0.0830078125 0.083984375
23 0.04150390625 0.15673828125 0.0830078125 0.0634765625
17 0.16650390625 0.16552734375 0.0830078125 0.0810546875
26 0.29150390625 0.16015625 0.0830078125 0.0703125
19 0.41650390625 0.17236328125 0.0830078125 0.0947265625
2 0.54150390625 0.1611328125 0.0830078125 0.072265625
2 0.66650390625 0.17138671875 0.0830078125 0.0927734375
23 0.79150390625 0.17041015625 0.0830078125 0.0908203125
28 0.91650390625 0.162109375 0.0830078125 0.07421875
25 0.04150390625 0.283203125 0.0830078125 0.06640625
29 0.16650390625 0.28271484375 0.0830078125 0.0654296875
31 0.29150390625 0.287109375 0.0830078125 0.07421875
20 0.41650390625 0.29443359375 0.0830078125 0.0888671875
13 0.54150390625 0.28515625 0.0830078125 0.0703125
22 0.66650390625 0.29052734375 0.0830078125 0.0810546875
26 0.79150390625 0.28759765625 0.0830078125 0.0751953125
28 0.91650390625 0.29931640625 0.0830078125 0.0986328125
6 0.04150390625 0.42236328125 0.0830078125 0.0947265625
0 0.16650390625 0.42578125 0.0830078125 0.1015625
4 0.29150390625 0.41943359375 0.0830078125 0.0888671875
28 0.41650390625 0.4189453125 0.0830078125 0.087890625
11 0.54150390625 0.41796875 0.0830078125 0.0859375
29 0.66650390625 0.42431640625 0.0830078125 0.0986328125
7 0.79150390625 0.4091796875 0.0830078125 0.068359375
2 0.91650390625 0.42236328125 0.0830078125 0.0947265625
29 0.04150390625 0.5419921875 0.0830078125 0.083984375
7 0.16650390625 0.5322265625 0.0830078125 0.064453125
28 0.29150390625 0.5478515625 0.0830078125 0.095703125
2 0.41650390625 0.5361328125 0.0830078125 0.072265625
3 0.54150390625 0.54931640625 0.0830078125 0.0986328125
2 0.66650390625 0.55322265625 0.0830078125 0.1064453125
12 0.79150390625 0.55029296875 0.0830078125 0.1005859375
11 0.91650390625 0.537109375 0.0830078125 0.07421875
3 0.04150390625 0.6689453125 0.0830078125 0.087890625
9 0.16650390625 0.66015625 0.0830078125 0.0703125
17 0.29150390625 0.66552734375 0.0830078125 0.0810546875
21 0.41650390625 0.66015625 0.0830078125 0.0703125
11 0.54150390625 0.67578125 0.0830078125 0.1015625
8 0.66650390625 0.65966796875 0.0830078125 0.0693359375
19 0.79150390625 0.67431640625 0.0830078125 0.0986328125
12 0.91650390625 0.673828125 0.0830078125 0.09765625
3 0.04150390625 0.79931640625 0.0830078125 0.0986328125
32 0.16650390625 0.7919921875 0.0830078125 0.083984375
15 0.29150390625 0.7890625 0.0830078125 0.078125
0 0.41650390625 0.79052734375 0.0830078125 0.0810546875
4 0.54150390625 0.787109375 0.0830078125 0.07421875
4 0.66650390625 0.78955078125 0.0830078125 0.0791015625
29 0.79150390625 0.79638671875 0.0830078125 0.0927734375
18 0.91650390625 0.7880859375 0.0830078125 0.076171875
32 0.04150390625 0.91259765625 0.0830078125 0.0751953125
2 0.16650390625 0.92236328125 0.0830078125 0.0947265625
26 0.29150390625 0.91015625 0.0830078125 0.0703125
30 0.41650390625 0.90869140625 0.0830078125 0.0673828125
26 0.54150390625 0.912109375 0.0830078125 0.07421875
26 0.66650390625 0.90576171875 0.0830078125 0.0615234375
33 0.79150390625 0.91943359375 0.0830078125 0.0888671875
21 0.91650390625 0.90869140625 0.0830078125 0.0673828125
