19 0.05517578125 0.05859375 0.1103515625 0.1171875
8 0.22119140625 0.056640625 0.1103515625 0.11328125
9 0.38818359375 0.05712890625 0.1103515625 0.1142578125
5 0.55517578125 0.04150390625 0.1103515625 0.0830078125
16 0.72119140625 0.06005859375 0.1103515625 0.1201171875
14 0.88818359375 0.05908203125 0.1103515625 0.1181640625
1 0.05517578125 0.2294921875 0.1103515625 0.126953125
17 0.22119140625 0.22802734375 0.1103515625 0.1240234375
9 0.38818359375 0.2314453125 0.1103515625 0.130859375
25 0.55517578125 0.2333984375 0.1103515625 0.134765625
33 0.72119140625 0.20751953125 0.1103515625 0.0830078125
24 0.88818359375 0.22119140625 0.1103515625 0.1103515625
30 0.05517578125 0.38916015625 0.1103515625 0.1123046875
27 0.22119140625 0.3828125 0.1103515625 0.099609375
6 0.38818359375 0.3837890625 0.1103515625 0.1015625
11 0.55517578125 0.39208984375 0.1103515625 0.1181640625
25 0.72119140625 0.3916015625 0.1103515625 0.1171875
30 0.88818359375 0.3916015625 0.1103515625 0.1171875
31 0.05517578125 0.5478515625 0.1103515625 0.095703125
14 0.22119140625 0.546875 0.1103515625 0.09375
24 0.38818359375 0.5576171875 0.1103515625 0.115234375
2 0.55517578125 0.548828125 0.1103515625 0.09765625
32 0.72119140625 0.5419921875 0.1103515625 0.083984375
29 0.88818359375 0.572265625 0.1103515625 0.14453125
5 0.05517578125 0.73486328125 0.1103515625 0.1376953125
26 0.22119140625 0.7314453125 0.1103515625 0.130859375
8 0.38818359375 0.7373046875 0.1103515625 0.142578125
18 0.55517578125 0.72119140625 0.1103515625 0.1103515625
0 0.72119140625 0.720703125 0.1103515625 0.109375
33 0.88818359375 0.71435546875 0.1103515625 0.0966796875
8 0.05517578125 0.875 0.1103515625 0.083984375
19 0.22119140625 0.87939453125 0.1103515625 0.0927734375
15 0.38818359375 0.87646484375 0.1103515625 0.0869140625
13 0.55517578125 0.884765625 0.1103515625 0.103515625
10 0.72119140625 0.8828125 0.1103515625 0.099609375
27 0.88818359375 0.89453125 0.1103515625 0.123046875
