2 0.05517578125 0.04296875 0.1103515625 0.0859375
20 0.22119140625 0.04150390625 0.1103515625 0.0830078125
20 0.38818359375 0.04296875 0.1103515625 0.0859375
21 0.55517578125 0.0576171875 0.1103515625 0.115234375
27 0.72119140625 0.05615234375 0.1103515625 0.1123046875
6 0.88818359375 0.05908203125 0.1103515625 0.1181640625
8 0.05517578125 0.22216796875 0.1103515625 0.1123046875
0 0.22119140625 0.234375 0.1103515625 0.13671875
20 0.38818359375 0.23291015625 0.1103515625 0.1337890625
3 0.55517578125 0.22216796875 0.1103515625 0.1123046875
17 0.72119140625 0.2236328125 0.1103515625 0.115234375
29 0.88818359375 0.23095703125 0.1103515625 0.1298828125
0 0.05517578125 0.4013671875 0.1103515625 0.13671875
10 0.22119140625 0.3857421875 0.1103515625 0.10546875
10 0.38818359375 0.39111328125 0.1103515625 0.1162109375
30 0.55517578125 0.3857421875 0.1103515625 0.10546875
10 0.72119140625 0.3759765625 0.1103515625 0.0859375
10 0.88818359375 0.3857421875 0.1103515625 0.10546875
18 0.05517578125 0.55908203125 0.1103515625 0.1181640625
27 0.22119140625 0.57080078125 0.1103515625 0.1416015625
18 0.38818359375 0.56201171875 0.1103515625 0.1240234375
25 0.55517578125 0.5654296875 0.1103515625 0.130859375
12 0.72119140625 0.54638671875 0.1103515625 0.0927734375
4 0.88818359375 0.5732421875 0.1103515625 0.146484375
11 0.05517578125 0.7138671875 0.1103515625 0.095703125
27 0.22119140625 0.7314453125 0.1103515625 0.130859375
24 0.38818359375 0.73828125 0.1103515625 0.14453125
30 0.55517578125 0.7158203125 0.1103515625 0.099609375
21 0.72119140625 0.72265625 0.1103515625 0.11328125
9 0.88818359375 0.72119140625 0.1103515625 0.1103515625
10 0.05517578125 0.89501953125 0.1103515625 0.1240234375
2 0.22119140625 0.8916015625 0.1103515625 0.1171875
3 0.38818359375 0.90185546875 0.1103515625 0.1376953125
30 0.55517578125 0.880859375 0.1103515625 0.095703125
32 0.72119140625 0.88671875 0.1103515625 0.107421875
9 0.88818359375 0.88720703125 0.1103515625 0.1083984375
