24 0.06640625 0.06591796875 0.1328125 0.1318359375
4 0.265625 0.06640625 0.1328125 0.1328125
6 0.4658203125 0.0546875 0.1328125 0.109375
26 0.666015625 0.05615234375 0.1328125 0.1123046875
21 0.8662109375 0.0703125 0.1328125 0.140625
9 0.06640625 0.263671875 0.1328125 0.12890625
30 0.265625 0.26708984375 0.1328125 0.1357421875
7 0.4658203125 0.2578125 0.1328125 0.1171875
5 0.666015625 0.26806640625 0.1328125 0.1376953125
7 0.8662109375 0.2548828125 0.1328125 0.111328125
33 0.06640625 0.46484375 0.1328125 0.130859375
7 0.265625 0.46826171875 0.1328125 0.1376953125
23 0.4658203125 0.45947265625 0.1328125 0.1201171875
30 0.666015625 0.45703125 0.1328125 0.115234375
4 0.8662109375 0.4580078125 0.1328125 0.1171875
2 0.06640625 0.66845703125 0.1328125 0.1376953125
26 0.265625 0.66162109375 0.1328125 0.1240234375
10 0.4658203125 0.66748046875 0.1328125 0.1357421875
7 0.666015625 0.67333984375 0.1328125 0.1474609375
20 0.8662109375 0.66748046875 0.1328125 0.1357421875
10 0.06640625 0.86962890625 0.1328125 0.1396484375
16 0.265625 0.86865234375 0.1328125 0.1376953125
2 0.4658203125 0.86328125 0.1328125 0.126953125
32 0.666015625 0.86279296875 0.1328125 0.1259765625
16 0.8662109375 0.86376953125 0.1328125 0.1279296875
