20 0.06640625 0.056640625 0.1328125 0.11328125
3 0.265625 0.056640625 0.1328125 0.11328125
28 0.4658203125 0.0771484375 0.1328125 0.154296875
10 0.666015625 0.05126953125 0.1328125 0.1025390625
9 0.8662109375 0.05712890625 0.1328125 0.1142578125
30 0.06640625 0.27978515625 0.1328125 0.1611328125
10 0.265625 0.27197265625 0.1328125 0.1455078125
21 0.4658203125 0.2548828125 0.1328125 0.111328125
29 0.666015625 0.26806640625 0.1328125 0.1376953125
8 0.8662109375 0.27001953125 0.1328125 0.1416015625
14 0.06640625 0.46728515625 0.1328125 0.1357421875
21 0.265625 0.46630859375 0.1328125 0.1337890625
26 0.4658203125 0.4580078125 0.1328125 0.1171875
17 0.666015625 0.47900390625 0.1328125 0.1591796875
1 0.8662109375 0.47265625 0.1328125 0.146484375
6 0.06640625 0.6708984375 0.1328125 0.142578125
30 0.265625 0.662109375 0.1328125 0.125
27 0.4658203125 0.681640625 0.1328125 0.1640625
18 0.666015625 0.6591796875 0.1328125 0.119140625
13 0.8662109375 0.67333984375 0.1328125 0.1474609375
5 0.06640625 0.85546875 0.1328125 0.111328125
22 0.265625 0.87548828125 0.1328125 0.1513671875
16 0.4658203125 0.8505859375 0.1328125 0.1015625
1 0.666015625 0.85498046875 0.1328125 0.1103515625
31 0.8662109375 0.8505859375 0.1328125 0.1015625
