26 0.06640625 0.05859375 0.1328125 0.1171875
9 0.265625 0.06005859375 0.1328125 0.1201171875
19 0.4658203125 0.07080078125 0.1328125 0.1416015625
6 0.666015625 0.05126953125 0.1328125 0.1025390625
0 0.8662109375 0.07373046875 0.1328125 0.1474609375
15 0.06640625 0.25732421875 0.1328125 0.1162109375
10 0.265625 0.26171875 0.1328125 0.125
17 0.4658203125 0.26904296875 0.1328125 0.1396484375
22 0.666015625 0.2666015625 0.1328125 0.134765625
20 0.8662109375 0.25 0.1328125 0.1015625
24 0.06640625 0.4541015625 0.1328125 0.109375
15 0.265625 0.44921875 0.1328125 0.099609375
31 0.4658203125 0.47998046875 0.1328125 0.1611328125
6 0.666015625 0.46630859375 0.1328125 0.1337890625
6 0.8662109375 0.48193359375 0.1328125 0.1650390625
12 0.06640625 0.6845703125 0.1328125 0.169921875
1 0.265625 0.6552734375 0.1328125 0.111328125
4 0.4658203125 0.65625 0.1328125 0.11328125
32 0.666015625 0.67041015625 0.1328125 0.1416015625
9 0.8662109375 0.65087890625 0.1328125 0.1025390625
1 0.06640625 0.8623046875 0.1328125 0.125
23 0.265625 0.85107421875 0.1328125 0.1025390625
28 0.4658203125 0.88330078125 0.1328125 0.1669921875
13 0.666015625 0.85693359375 0.1328125 0.1142578125
1 0.8662109375 0.87353515625 0.1328125 0.1474609375
