3 0.04150390625 0.04296875 0.0830078125 0.0859375
8 0.16650390625 0.0400390625 0.0830078125 0.080078125
17 0.29150390625 0.04931640625 0.0830078125 0.0986328125
2 0.41650390625 0.046875 0.0830078125 0.09375
2 0.54150390625 0.0439453125 0.0830078125 0.087890625
14 0.66650390625 0.04248046875 0.0830078125 0.0849609375
16 0.79150390625 0.0380859375 0.0830078125 0.076171875
16 0.91650390625 0.03369140625 0.0830078125 0.0673828125
32 0.04150390625 0.16455078125 0.0830078125 0.0791015625
29 0.16650390625 0.1669921875 0.0830078125 0.083984375
0 0.29150390625 0.15673828125 0.0830078125 0.0634765625
0 0.41650390625 0.1640625 0.0830078125 0.078125
28 0.54150390625 0.17529296875 0.0830078125 0.1005859375
17 0.66650390625 0.16552734375 0.0830078125 0.0810546875
19 0.79150390625 0.17138671875 0.0830078125 0.0927734375
5 0.91650390625 0.16650390625 0.0830078125 0.0830078125
17 0.04150390625 0.29443359375 0.0830078125 0.0888671875
33 0.16650390625 0.2880859375 0.0830078125 0.076171875
20 0.29150390625 0.29541015625 0.0830078125 0.0908203125
3 0.41650390625 0.296875 0.0830078125 0.09375
27 0.54150390625 0.2900390625 0.0830078125 0.080078125
24 0.66650390625 0.29150390625 0.0830078125 0.0830078125
32 0.79150390625 0.283203125 0.0830078125 0.06640625
24 0.91650390625 0.29296875 0.0830078125 0.0859375
31 0.04150390625 0.4091796875 0.0830078125 0.068359375
31 0.16650390625 0.41259765625 0.0830078125 0.0751953125
24 0.29150390625 0.41650390625 0.0830078125 0.0830078125
3 0.41650390625 0.4228515625 0.0830078125 0.095703125
10 0.54150390625 0.42529296875 0.0830078125 0.1005859375
12 0.66650390625 0.4091796875 0.0830078125 0.068359375
33 0.79150390625 0.4306640625 0.0830078125 0.111328125
17 0.91650390625 0.408203125 0.0830078125 0.06640625
25 0.04150390625 0.54345703125 0.0830078125 0.0869140625
2 0.16650390625 0.54443359375 0.0830078125 0.0888671875
22 0.29150390625 0.55224609375 0.0830078125 0.1044921875
18 0.41650390625 0.5517578125 0.0830078125 0.103515625
25 0.54150390625 0.5439453125 0.0830078125 0.087890625
10 0.66650390625 0.53857421875 0.0830078125 0.0771484375
28 0.79150390625 0.54736328125 0.0830078125 0.0947265625
26 0.91650390625 0.537109375 0.0830078125 0.07421875
1 0.04150390625 0.6689453125 0.0830078125 0.087890625
23 0.16650390625 0.662109375 0.0830078125 0.07421875
0 0.29150390625 0.65966796875 0.0830078125 0.0693359375
14 0.41650390625 0.67578125 0.0830078125 0.1015625
27 0.54150390625 0.66455078125 0.0830078125 0.0791015625
2 0.66650390625 0.67724609375 0.0830078125 0.1044921875
22 0.79150390625 0.669921875 0.0830078125 0.08984375
16 0.91650390625 0.66064453125 0.0830078125 0.0712890625
19 0.04150390625 0.7841796875 0.0830078125 0.068359375
24 0.16650390625 0.79443359375 0.0830078125 0.0888671875
10 0.29150390625 0.78173828125 0.0830078125 0.0634765625
0 0.41650390625 0.79638671875 0.0830078125 0.0927734375
11 0.54150390625 0.80078125 0.0830078125 0.1015625
6 0.66650390625 0.79296875 0.0830078125 0.0859375
8 0.79150390625 0.79296875 0.0830078125 0.0859375
27 0.91650390625 0.79296875 0.0830078125 0.0859375
24 0.04150390625 0.9267578125 0.0830078125 0.103515625
0 0.16650390625 0.91015625 0.0830078125 0.0703125
16 0.29150390625 0.91357421875 0.0830078125 0.0771484375
2 0.41650390625 0.908203125 0.0830078125 0.06640625
28 0.54150390625 0.90771484375 0.0830078125 0.0654296875
12 0.66650390625 0.91796875 0.0830078125 0.0859375
33 0.79150390625 0.91552734375 0.0830078125 0.0810546875
4 0.91650390625 0.9189453125 0.0830078125 0.087890625
