23 0.06640625 0.07373046875 0.1328125 0.1474609375
23 0.265625 0.0693359375 0.1328125 0.138671875
2 0.4658203125 0.052734375 0.1328125 0.10546875
9 0.666015625 0.06591796875 0.1328125 0.1318359375
9 0.8662109375 0.056640625 0.1328125 0.11328125
29 0.06640625 0.2529296875 0.1328125 0.107421875
25 0.265625 0.26708984375 0.1328125 0.1357421875
12 0.4658203125 0.2685546875 0.1328125 0.138671875
14 0.666015625 0.26806640625 0.1328125 0.1376953125
23 0.8662109375 0.25390625 0.1328125 0.109375
7 0.06640625 0.46875 0.1328125 0.138671875
19 0.265625 0.46826171875 0.1328125 0.1376953125
22 0.4658203125 0.4599609375 0.1328125 0.12109375
25 0.666015625 0.451171875 0.1328125 0.103515625
16 0.8662109375 0.47119140625 0.1328125 0.1435546875
22 0.06640625 0.6845703125 0.1328125 0.169921875
22 0.265625 0.6787109375 0.1328125 0.158203125
23 0.4658203125 0.6806640625 0.1328125 0.162109375
13 0.666015625 0.66064453125 0.1328125 0.1220703125
30 0.8662109375 0.67333984375 0.1328125 0.1474609375
8 0.06640625 0.85693359375 0.1328125 0.1142578125
27 0.265625 0.873046875 0.1328125 0.146484375
7 0.4658203125 0.86767578125 0.1328125 0.1357421875
13 0.666015625 0.87060546875 0.1328125 0.1416015625
31 0.8662109375 0.8662109375 0.1328125 0.1328125
