22 0.0830078125 0.10595703125 0.166015625 0.2119140625
11 0.3330078125 0.10498046875 0.166015625 0.2099609375
16 0.5830078125 0.08251953125 0.166015625 0.1650390625
3 0.8330078125 0.06982421875 0.166015625 0.1396484375
10 0.0830078125 0.32666015625 0.166015625 0.1533203125
9 0.3330078125 0.33056640625 0.166015625 0.1611328125
6 0.5830078125 0.31640625 0.166015625 0.1328125
8 0.8330078125 0.32470703125 0.166015625 0.1494140625
4 0.0830078125 0.6005859375 0.166015625 0.201171875
11 0.3330078125 0.5693359375 0.166015625 0.138671875
14 0.5830078125 0.576171875 0.166015625 0.15234375
3 0.8330078125 0.5693359375 0.166015625 0.138671875
31 0.0830078125 0.82275390625 0.166015625 0.1455078125
7 0.3330078125 0.81787109375 0.166015625 0.1357421875
20 0.5830078125 0.84521484375 0.166015625 0.1904296875
14 0.8330078125 0.841796875 0.166015625 0.18359375
