21 0.05517578125 0.06689453125 0.1103515625 0.1337890625
20 0.22119140625 0.046875 0.1103515625 0.09375
13 0.38818359375 0.04541015625 0.1103515625 0.0908203125
15 0.55517578125 0.06396484375 0.1103515625 0.1279296875
30 0.72119140625 0.0732421875 0.1103515625 0.146484375
33 0.88818359375 0.0576171875 0.1103515625 0.115234375
17 0.05517578125 0.20947265625 0.1103515625 0.0869140625
24 0.22119140625 0.2197265625 0.1103515625 0.107421875
6 0.38818359375 0.2119140625 0.1103515625 0.091796875
7 0.55517578125 0.23291015625 0.1103515625 0.1337890625
10 0.72119140625 0.21337890625 0.1103515625 0.0947265625
0 0.88818359375 0.2158203125 0.1103515625 0.099609375
20 0.05517578125 0.38330078125 0.1103515625 0.1005859375
10 0.22119140625 0.3798828125 0.1103515625 0.09375
27 0.38818359375 0.38720703125 0.1103515625 0.1083984375
1 0.55517578125 0.40380859375 0.1103515625 0.1416015625
31 0.72119140625 0.37841796875 0.1103515625 0.0908203125
22 0.88818359375 0.388671875 0.1103515625 0.111328125
25 0.05517578125 0.55078125 0.1103515625 0.1015625
8 0.22119140625 0.56103515625 0.1103515625 0.1220703125
5 0.38818359375 0.56103515625 0.1103515625 0.1220703125
13 0.55517578125 0.5615234375 0.1103515625 0.123046875
23 0.72119140625 0.5654296875 0.1103515625 0.130859375
28 0.88818359375 0.5537109375 0.1103515625 0.107421875
32 0.05517578125 0.712890625 0.1103515625 0.09375
11 0.22119140625 0.716796875 0.1103515625 0.1015625
22 0.38818359375 0.7138671875 0.1103515625 0.095703125
10 0.55517578125 0.72265625 0.1103515625 0.11328125
0 0.72119140625 0.72265625 0.1103515625 0.11328125
1 0.88818359375 0.72265625 0.1103515625 0.11328125
12 0.05517578125 0.892578125 0.1103515625 0.119140625
4 0.22119140625 0.8876953125 0.1103515625 0.109375
33 0.38818359375 0.8798828125 0.1103515625 0.09375
14 0.55517578125 0.896484375 0.1103515625 0.126953125
24 0.72119140625 0.8857421875 0.1103515625 0.10546875
30 0.88818359375 0.87451171875 0.1103515625 0.0830078125
