13 0.05517578125 0.06689453125 0.1103515625 0.1337890625
22 0.22119140625 0.05517578125 0.1103515625 0.1103515625
28 0.38818359375 0.044921875 0.1103515625 0.08984375
4 0.55517578125 0.0498046875 0.1103515625 0.099609375
4 0.72119140625 0.0498046875 0.1103515625 0.099609375
6 0.88818359375 0.046875 0.1103515625 0.09375
5 0.05517578125 0.224609375 0.1103515625 0.1171875
4 0.22119140625 0.22802734375 0.1103515625 0.1240234375
28 0.38818359375 0.2294921875 0.1103515625 0.126953125
28 0.55517578125 0.21875 0.1103515625 0.10546875
22 0.72119140625 0.22216796875 0.1103515625 0.1123046875
15 0.88818359375 0.2216796875 0.1103515625 0.111328125
21 0.05517578125 0.396484375 0.1103515625 0.126953125
12 0.22119140625 0.38427734375 0.1103515625 0.1025390625
20 0.38818359375 0.37451171875 0.1103515625 0.0830078125
27 0.55517578125 0.3818359375 0.1103515625 0.09765625
9 0.72119140625 0.3984375 0.1103515625 0.130859375
7 0.88818359375 0.3828125 0.1103515625 0.099609375
17 0.05517578125 0.55322265625 0.1103515625 0.1064453125
15 0.22119140625 0.55712890625 0.1103515625 0.1142578125
30 0.38818359375 0.568359375 0.1103515625 0.13671875
15 0.55517578125 0.55908203125 0.1103515625 0.1181640625
5 0.72119140625 0.56884765625 0.1103515625 0.1376953125
30 0.88818359375 0.5712890625 0.1103515625 0.142578125
15 0.05517578125 0.7333984375 0.1103515625 0.134765625
14 0.22119140625 0.72216796875 0.1103515625 0.1123046875
15 0.38818359375 0.724609375 0.1103515625 0.1171875
21 0.55517578125 0.72314453125 0.1103515625 0.1142578125
18 0.72119140625 0.71923828125 0.1103515625 0.1064453125
30 0.88818359375 0.71044921875 0.1103515625 0.0888671875
10 0.05517578125 0.87744140625 0.1103515625 0.0888671875
33 0.22119140625 0.880859375 0.1103515625 0.095703125
7 0.38818359375 0.892578125 0.1103515625 0.119140625
7 0.55517578125 0.888671875 0.1103515625 0.111328125
31 0.72119140625 0.8837890625 0.1103515625 0.1015625
0 0.88818359375 0.8984375 0.1103515625 0.130859375
