9 0.04150390625 0.0546875 0.0830078125 0.109375
13 0.16650390625 0.0419921875 0.0830078125 0.083984375
8 0.29150390625 0.0419921875 0.0830078125 0.083984375
30 0.41650390625 0.04052734375 0.0830078125 0.0810546875
28 0.54150390625 0.03369140625 0.0830078125 0.0673828125
20 0.66650390625 0.04443359375 0.0830078125 0.0888671875
2 0.79150390625 0.0419921875 0.0830078125 0.083984375
18 0.91650390625 0.0361328125 0.0830078125 0.072265625
31 0.04150390625 0.1572265625 0.0830078125 0.064453125
14 0.16650390625 0.16748046875 0.0830078125 0.0849609375
9 0.29150390625 0.162109375 0.0830078125 0.07421875
6 0.41650390625 0.16064453125 0.0830078125 0.0712890625
0 0.54150390625 0.16552734375 0.0830078125 0.0810546875
4 0.66650390625 0.1669921875 0.0830078125 0.083984375
29 0.79150390625 0.16650390625 0.0830078125 0.0830078125
14 0.91650390625 0.17822265625 0.0830078125 0.1064453125
9 0.04150390625 0.2890625 0.0830078125 0.078125
6 0.16650390625 0.2900390625 0.0830078125 0.080078125
6 0.29150390625 0.29931640625 0.0830078125 0.0986328125
9 0.41650390625 0.29248046875 0.0830078125 0.0849609375
2 0.54150390625 0.29638671875 0.0830078125 0.0927734375
16 0.66650390625 0.287109375 0.0830078125 0.07421875
33 0.79150390625 0.28564453125 0.0830078125 0.0712890625
20 0.91650390625 0.29736328125 0.0830078125 0.0947265625
24 0.04150390625 0.41552734375 0.0830078125 0.0810546875
31 0.16650390625 0.412109375 0.0830078125 0.07421875
11 0.29150390625 0.42919921875 0.0830078125 0.1083984375
30 0.41650390625 0.41748046875 0.0830078125 0.0849609375
10 0.54150390625 0.408203125 0.0830078125 0.06640625
13 0.66650390625 0.41796875 0.0830078125 0.0859375
18 0.79150390625 0.42138671875 0.0830078125 0.0927734375
0 0.91650390625 0.4091796875 0.0830078125 0.068359375
7 0.04150390625 0.546875 0.0830078125 0.09375
2 0.16650390625 0.54541015625 0.0830078125 0.0908203125
2 0.29150390625 0.54638671875 0.0830078125 0.0927734375
16 0.41650390625 0.54052734375 0.0830078125 0.0810546875
27 0.54150390625 0.55419921875 0.0830078125 0.1083984375
30 0.66650390625 0.53173828125 0.0830078125 0.0634765625
15 0.79150390625 0.5380859375 0.0830078125 0.076171875
31 0.91650390625 0.55078125 0.0830078125 0.1015625
4 0.04150390625 0.66748046875 0.0830078125 0.0849609375
31 0.16650390625 0.6796875 0.0830078125 0.109375
4 0.29150390625 0.67822265625 0.0830078125 0.1064453125
14 0.41650390625 0.65966796875 0.0830078125 0.0693359375
5 0.54150390625 0.66015625 0.0830078125 0.0703125
14 0.66650390625 0.66357421875 0.0830078125 0.0771484375
26 0.79150390625 0.66357421875 0.0830078125 0.0771484375
9 0.91650390625 0.6650390625 0.0830078125 0.080078125
15 0.04150390625 0.787109375 0.0830078125 0.07421875
18 0.16650390625 0.787109375 0.0830078125 0.07421875
2 0.29150390625 0.78857421875 0.0830078125 0.0771484375
16 0.41650390625 0.7919921875 0.0830078125 0.083984375
25 0.54150390625 0.78173828125 0.0830078125 0.0634765625
12 0.66650390625 0.78759765625 0.0830078125 0.0751953125
33 0.79150390625 0.78076171875 0.0830078125 0.0615234375
19 0.91650390625 0.79296875 0.0830078125 0.0859375
19 0.04150390625 0.91748046875 0.0830078125 0.0849609375
27 0.16650390625 0.9091796875 0.0830078125 0.068359375
1 0.29150390625 0.91796875 0.0830078125 0.0859375
22 0.41650390625 0.916015625 0.0830078125 0.08203125
24 0.54150390625 0.9072265625 0.0830078125 0.064453125
3 0.66650390625 0.91552734375 0.0830078125 0.0810546875
21 0.79150390625 0.912109375 0.0830078125 0.07421875
21 0.91650390625 0.91357421875 0.0830078125 0.0771484375
