29 0.05517578125 0.05908203125 0.1103515625 0.1181640625
25 0.22119140625 0.04296875 0.1103515625 0.0859375
16 0.38818359375 0.0537109375 0.1103515625 0.107421875
28 0.55517578125 0.0595703125 0.1103515625 0.119140625
14 0.72119140625 0.04541015625 0.1103515625 0.0908203125
23 0.88818359375 0.04736328125 0.1103515625 0.0947265625
3 0.05517578125 0.2158203125 0.1103515625 0.099609375
29 0.22119140625 0.212890625 0.1103515625 0.09375
29 0.38818359375 0.21630859375 0.1103515625 0.1005859375
20 0.55517578125 0.22802734375 0.1103515625 0.1240234375
16 0.72119140625 0.21142578125 0.1103515625 0.0908203125
13 0.88818359375 0.2158203125 0.1103515625 0.099609375
7 0.05517578125 0.384765625 0.1103515625 0.103515625
23 0.22119140625 0.396484375 0.1103515625 0.126953125
17 0.38818359375 0.38916015625 0.1103515625 0.1123046875
18 0.55517578125 0.3779296875 0.1103515625 0.08984375
29 0.72119140625 0.40283203125 0.1103515625 0.1396484375
4 0.88818359375 0.3759765625 0.1103515625 0.0859375
8 0.05517578125 0.568359375 0.1103515625 0.13671875
33 0.22119140625 0.55078125 0.1103515625 0.1015625
29 0.38818359375 0.55517578125 0.1103515625 0.1103515625
33 0.55517578125 0.56005859375 0.1103515625 0.1201171875
27 0.72119140625 0.5458984375 0.1103515625 0.091796875
3 0.88818359375 0.5478515625 0.1103515625 0.095703125
31 0.05517578125 0.72705078125 0.1103515625 0.1220703125
31 0.22119140625 0.7255859375 0.1103515625 0.119140625
11 0.38818359375 0.72021484375 0.1103515625 0.1083984375
28 0.55517578125 0.7373046875 0.1103515625 0.142578125
16 0.72119140625 0.72412109375 0.1103515625 0.1162109375
17 0.88818359375 0.72509765625 0.1103515625 0.1181640625
20 0.05517578125 0.88720703125 0.1103515625 0.1083984375
9 0.22119140625 0.8916015625 0.1103515625 0.1171875
5 0.38818359375 0.890625 0.1103515625 0.115234375
30 0.55517578125 0.8828125 0.1103515625 0.099609375
14 0.72119140625 0.9013671875 0.1103515625 0.13671875
15 0.88818359375 0.900390625 0.1103515625 0.134765625
