24 0.04736328125 0.0439453125 0.0947265625 0.087890625
26 0.18994140625 0.0380859375 0.0947265625 0.076171875
2 0.33251953125 0.05712890625 0.0947265625 0.1142578125
11 0.47509765625 0.0546875 0.0947265625 0.109375
2 0.61865234375 0.0478515625 0.0947265625 0.095703125
20 0.76123046875 0.0537109375 0.0947265625 0.107421875
6 0.90380859375 0.04150390625 0.0947265625 0.0830078125
17 0.04736328125 0.18798828125 0.0947265625 0.0908203125
33 0.18994140625 0.17919921875 0.0947265625 0.0732421875
25 0.33251953125 0.1943359375 0.0947265625 0.103515625
23 0.47509765625 0.18408203125 0.0947265625 0.0830078125
28 0.61865234375 0.18310546875 0.0947265625 0.0810546875
21 0.76123046875 0.18505859375 0.0947265625 0.0849609375
0 0.90380859375 0.18701171875 0.0947265625 0.0888671875
4 0.04736328125 0.3369140625 0.0947265625 0.103515625
30 0.18994140625 0.34521484375 0.0947265625 0.1201171875
4 0.33251953125 0.32275390625 0.0947265625 0.0751953125
30 0.47509765625 0.33984375 0.0947265625 0.109375
32 0.61865234375 0.3388671875 0.0947265625 0.107421875
21 0.76123046875 0.3349609375 0.0947265625 0.099609375
10 0.90380859375 0.32275390625 0.0947265625 0.0751953125
7 0.04736328125 0.4833984375 0.0947265625 0.111328125
18 0.18994140625 0.47607421875 0.0947265625 0.0966796875
23 0.33251953125 0.4775390625 0.0947265625 0.099609375
3 0.47509765625 0.474609375 0.0947265625 0.09375
22 0.61865234375 0.46875 0.0947265625 0.08203125
20 0.76123046875 0.4755859375 0.0947265625 0.095703125
11 0.90380859375 0.47314453125 0.0947265625 0.0908203125
0 0.04736328125 0.6279296875 0.0947265625 0.11328125
22 0.18994140625 0.60888671875 0.0947265625 0.0751953125
21 0.33251953125 0.61279296875 0.0947265625 0.0830078125
7 0.47509765625 0.61962890625 0.0947265625 0.0966796875
2 0.61865234375 0.6240234375 0.0947265625 0.10546875
31 0.76123046875 0.62939453125 0.0947265625 0.1162109375
22 0.90380859375 0.625 0.0947265625 0.107421875
4 0.04736328125 0.75146484375 0.0947265625 0.0751953125
1 0.18994140625 0.7724609375 0.0947265625 0.1171875
29 0.33251953125 0.7548828125 0.0947265625 0.08203125
22 0.47509765625 0.7626953125 0.0947265625 0.09765625
15 0.61865234375 0.76171875 0.0947265625 0.095703125
12 0.76123046875 0.7626953125 0.0947265625 0.09765625
31 0.90380859375 0.76123046875 0.0947265625 0.0947265625
17 0.04736328125 0.9013671875 0.0947265625 0.08984375
14 0.18994140625 0.9111328125 0.0947265625 0.109375
21 0.33251953125 0.9091796875 0.0947265625 0.10546875
12 0.47509765625 0.89306640625 0.0947265625 0.0732421875
9 0.61865234375 0.8974609375 0.0947265625 0.08203125
2 0.76123046875 0.89892578125 0.0947265625 0.0849609375
10 0.90380859375 0.90234375 0.0947265625 0.091796875
