27 0.04150390625 0.0341796875 0.0830078125 0.068359375
22 0.16650390625 0.03857421875 0.0830078125 0.0771484375
21 0.29150390625 0.04443359375 0.0830078125 0.0888671875
14 0.41650390625 0.0390625 0.0830078125 0.078125
6 0.54150390625 0.04443359375 0.0830078125 0.0888671875
31 0.66650390625 0.0400390625 0.0830078125 0.080078125
32 0.79150390625 0.03173828125 0.0830078125 0.0634765625
13 0.91650390625 0.03759765625 0.0830078125 0.0751953125
8 0.04150390625 0.16845703125 0.0830078125 0.0869140625
16 0.16650390625 0.17138671875 0.0830078125 0.0927734375
24 0.29150390625 0.16650390625 0.0830078125 0.0830078125
23 0.41650390625 0.16943359375 0.0830078125 0.0888671875
5 0.54150390625 0.16259765625 0.0830078125 0.0751953125
15 0.66650390625 0.15673828125 0.0830078125 0.0634765625
12 0.79150390625 0.1728515625 0.0830078125 0.095703125
4 0.91650390625 0.16845703125 0.0830078125 0.0869140625
21 0.04150390625 0.2939453125 0.0830078125 0.087890625
22 0.16650390625 0.29443359375 0.0830078125 0.0888671875
32 0.29150390625 0.2900390625 0.0830078125 0.080078125
3 0.41650390625 0.29638671875 0.0830078125 0.0927734375
8 0.54150390625 0.3056640625 0.0830078125 0.111328125
15 0.66650390625 0.2880859375 0.0830078125 0.076171875
7 0.79150390625 0.291015625 0.0830078125 0.08203125
16 0.91650390625 0.29345703125 0.0830078125 0.0869140625
15 0.04150390625 0.41552734375 0.0830078125 0.0810546875
11 0.16650390625 0.41650390625 0.0830078125 0.0830078125
12 0.29150390625 0.40625 0.0830078125 0.0625
22 0.41650390625 0.41455078125 0.0830078125 0.0791015625
15 0.54150390625 0.42822265625 0.0830078125 0.1064453125
16 0.66650390625 0.423828125 0.0830078125 0.09765625
29 0.79150390625 0.4111328125 0.0830078125 0.072265625
20 0.91650390625 0.41552734375 0.0830078125 0.0810546875
26 0.04150390625 0.54345703125 0.0830078125 0.0869140625
30 0.16650390625 0.544921875 0.0830078125 0.08984375
26 0.29150390625 0.5390625 0.0830078125 0.078125
9 0.41650390625 0.54638671875 0.0830078125 0.0927734375
12 0.54150390625 0.537109375 0.0830078125 0.07421875
25 0.66650390625 0.5478515625 0.0830078125 0.095703125
29 0.79150390625 0.548828125 0.0830078125 0.09765625
14 0.91650390625 0.53955078125 0.0830078125 0.0791015625
0 0.04150390625 0.662109375 0.0830078125 0.07421875
13 0.16650390625 0.6650390625 0.0830078125 0.080078125
32 0.29150390625 0.66796875 0.0830078125 0.0859375
31 0.41650390625 0.669921875 0.0830078125 0.08984375
17 0.54150390625 0.671875 0.0830078125 0.09375
30 0.66650390625 0.67138671875 0.0830078125 0.0927734375
33 0.79150390625 0.66796875 0.0830078125 0.0859375
26 0.91650390625 0.65673828125 0.0830078125 0.0634765625
0 0.04150390625 0.78759765625 0.0830078125 0.0751953125
26 0.16650390625 0.7919921875 0.0830078125 0.083984375
21 0.29150390625 0.78173828125 0.0830078125 0.0634765625
13 0.41650390625 0.7841796875 0.0830078125 0.068359375
22 0.54150390625 0.796875 0.0830078125 0.09375
22 0.66650390625 0.8017578125 0.0830078125 0.103515625
5 0.79150390625 0.7880859375 0.0830078125 0.076171875
2 0.91650390625 0.79638671875 0.0830078125 0.0927734375
19 0.04150390625 0.90673828125 0.0830078125 0.0634765625
25 0.16650390625 0.92431640625 0.0830078125 0.0986328125
2 0.29150390625 0.92138671875 0.0830078125 0.0927734375
31 0.41650390625 0.92431640625 0.0830078125 0.0986328125
1 0.54150390625 0.9072265625 0.0830078125 0.064453125
19 0.66650390625 0.90625 0.0830078125 0.0625
32 0.79150390625 0.92138671875 0.0830078125 0.0927734375
22 0.91650390625 0.92236328125 0.0830078125 0.0947265625
