9 0.04150390625 0.04638671875 0.0830078125 0.0927734375
29 0.16650390625 0.04296875 0.0830078125 0.0859375
26 0.29150390625 0.04638671875 0.0830078125 0.0927734375
28 0.41650390625 0.04736328125 0.0830078125 0.0947265625
19 0.54150390625 0.03515625 0.0830078125 0.0703125
33 0.66650390625 0.03125 0.0830078125 0.0625
11 0.79150390625 0.04296875 0.0830078125 0.0859375
1 0.91650390625 0.03857421875 0.0830078125 0.0771484375
22 0.04150390625 0.15625 0.0830078125 0.0625
27 0.16650390625 0.1611328125 0.0830078125 0.072265625
30 0.29150390625 0.1630859375 0.0830078125 0.076171875
18 0.41650390625 0.166015625 0.0830078125 0.08203125
16 0.54150390625 0.17138671875 0.0830078125 0.0927734375
24 0.66650390625 0.16943359375 0.0830078125 0.0888671875
7 0.79150390625 0.16796875 0.0830078125 0.0859375
0 0.91650390625 0.1728515625 0.0830078125 0.095703125
18 0.04150390625 0.287109375 0.0830078125 0.07421875
20 0.16650390625 0.30078125 0.0830078125 0.1015625
14 0.29150390625 0.29638671875 0.0830078125 0.0927734375
26 0.41650390625 0.29345703125 0.0830078125 0.0869140625
31 0.54150390625 0.30029296875 0.0830078125 0.1005859375
30 0.66650390625 0.28271484375 0.0830078125 0.0654296875
15 0.79150390625 0.287109375 0.0830078125 0.07421875
31 0.91650390625 0.28857421875 0.0830078125 0.0771484375
1 0.04150390625 0.41650390625 0.0830078125 0.0830078125
6 0.16650390625 0.42236328125 0.0830078125 0.0947265625
5 0.29150390625 0.41552734375 0.0830078125 0.0810546875
12 0.41650390625 0.4228515625 0.0830078125 0.095703125
9 0.54150390625 0.41162109375 0.0830078125 0.0732421875
20 0.66650390625 0.42578125 0.0830078125 0.1015625
23 0.79150390625 0.42138671875 0.0830078125 0.0927734375
7 0.91650390625 0.412109375 0.0830078125 0.07421875
12 0.04150390625 0.53369140625 0.0830078125 0.0673828125
19 0.16650390625 0.5419921875 0.0830078125 0.083984375
2 0.29150390625 0.5517578125 0.0830078125 0.103515625
18 0.41650390625 0.546875 0.0830078125 0.09375
2 0.54150390625 0.5322265625 0.0830078125 0.064453125
30 0.66650390625 0.541015625 0.0830078125 0.08203125
4 0.79150390625 0.53564453125 0.0830078125 0.0712890625
17 0.91650390625 0.541015625 0.0830078125 0.08203125
21 0.04150390625 0.67041015625 0.0830078125 0.0908203125
13 0.16650390625 0.669921875 0.0830078125 0.08984375
33 0.29150390625 0.66015625 0.0830078125 0.0703125
6 0.41650390625 0.67578125 0.0830078125 0.1015625
22 0.54150390625 0.6650390625 0.0830078125 0.080078125
3 0.66650390625 0.66796875 0.0830078125 0.0859375
17 0.79150390625 0.67822265625 0.0830078125 0.1064453125
29 0.91650390625 0.67822265625 0.0830078125 0.1064453125
11 0.04150390625 0.7861328125 0.0830078125 0.072265625
10 0.16650390625 0.796875 0.0830078125 0.09375
20 0.29150390625 0.7919921875 0.0830078125 0.083984375
11 0.41650390625 0.79296875 0.0830078125 0.0859375
22 0.54150390625 0.7978515625 0.0830078125 0.095703125
14 0.66650390625 0.783203125 0.0830078125 0.06640625
28 0.79150390625 0.80029296875 0.0830078125 0.1005859375
5 0.91650390625 0.79638671875 0.0830078125 0.0927734375
33 0.04150390625 0.921875 0.0830078125 0.09375
17 0.16650390625 0.91845703125 0.0830078125 0.0869140625
22 0.29150390625 0.9267578125 0.0830078125 0.103515625
5 0.41650390625 0.92919921875 0.0830078125 0.1083984375
8 0.54150390625 0.90966796875 0.0830078125 0.0693359375
10 0.66650390625 0.91357421875 0.0830078125 0.0771484375
7 0.79150390625 0.90673828125 0.0830078125 0.0634765625
23 0.91650390625 0.91015625 0.0830078125 0.0703125
