10 0.04150390625 0.03955078125 0.0830078125 0.0791015625
30 0.16650390625 0.046875 0.0830078125 0.09375
12 0.29150390625 0.0419921875 0.0830078125 0.083984375
5 0.41650390625 0.04541015625 0.0830078125 0.0908203125
14 0.54150390625 0.04931640625 0.0830078125 0.0986328125
11 0.66650390625 0.04296875 0.0830078125 0.0859375
14 0.79150390625 0.05224609375 0.0830078125 0.1044921875
19 0.91650390625 0.04150390625 0.0830078125 0.0830078125
30 0.04150390625 0.158203125 0.0830078125 0.06640625
25 0.16650390625 0.1650390625 0.0830078125 0.080078125
29 0.29150390625 0.1591796875 0.0830078125 0.068359375
31 0.41650390625 0.16943359375 0.0830078125 0.0888671875
24 0.54150390625 0.16650390625 0.0830078125 0.0830078125
11 0.66650390625 0.166015625 0.0830078125 0.08203125
12 0.79150390625 0.1669921875 0.0830078125 0.083984375
24 0.91650390625 0.16552734375 0.0830078125 0.0810546875
2 0.04150390625 0.2900390625 0.0830078125 0.080078125
22 0.16650390625 0.2978515625 0.0830078125 0.095703125
19 0.29150390625 0.2939453125 0.0830078125 0.087890625
26 0.41650390625 0.298828125 0.0830078125 0.09765625
0 0.54150390625 0.29736328125 0.0830078125 0.0947265625
17 0.66650390625 0.30322265625 0.0830078125 0.1064453125
28 0.79150390625 0.28125 0.0830078125 0.0625
9 0.91650390625 0.294921875 0.0830078125 0.08984375
32 0.04150390625 0.421875 0.0830078125 0.09375
3 0.16650390625 0.421875 0.0830078125 0.09375
29 0.29150390625 0.42431640625 0.0830078125 0.0986328125
8 0.41650390625 0.4111328125 0.0830078125 0.072265625
18 0.54150390625 0.40869140625 0.0830078125 0.0673828125
24 0.66650390625 0.421875 0.0830078125 0.09375
31 0.79150390625 0.4267578125 0.0830078125 0.103515625
9 0.91650390625 0.40771484375 0.0830078125 0.0654296875
32 0.04150390625 0.53564453125 0.0830078125 0.0712890625
27 0.16650390625 0.53759765625 0.0830078125 0.0751953125
23 0.29150390625 0.54150390625 0.0830078125 0.0830078125
1 0.41650390625 0.54931640625 0.0830078125 0.0986328125
1 0.54150390625 0.54296875 0.0830078125 0.0859375
25 0.66650390625 0.54345703125 0.0830078125 0.0869140625
11 0.79150390625 0.541015625 0.0830078125 0.08203125
20 0.91650390625 0.5400390625 0.0830078125 0.080078125
11 0.04150390625 0.6689453125 0.0830078125 0.087890625
5 0.16650390625 0.662109375 0.0830078125 0.07421875
15 0.29150390625 0.67041015625 0.0830078125 0.0908203125
31 0.41650390625 0.66650390625 0.0830078125 0.0830078125
17 0.54150390625 0.66796875 0.0830078125 0.0859375
8 0.66650390625 0.67529296875 0.0830078125 0.1005859375
29 0.79150390625 0.66650390625 0.0830078125 0.0830078125
2 0.91650390625 0.66552734375 0.0830078125 0.0810546875
16 0.04150390625 0.787109375 0.0830078125 0.07421875
30 0.16650390625 0.78466796875 0.0830078125 0.0693359375
1 0.29150390625 0.8017578125 0.0830078125 0.103515625
29 0.41650390625 0.79638671875 0.0830078125 0.0927734375
27 0.54150390625 0.79931640625 0.0830078125 0.0986328125
5 0.66650390625 0.80224609375 0.0830078125 0.1044921875
6 0.79150390625 0.79248046875 0.0830078125 0.0849609375
16 0.91650390625 0.78173828125 0.0830078125 0.0634765625
18 0.04150390625 0.90673828125 0.0830078125 0.0634765625
27 0.16650390625 0.908203125 0.0830078125 0.06640625
11 0.29150390625 0.9228515625 0.0830078125 0.095703125
21 0.41650390625 0.90771484375 0.0830078125 0.0654296875
21 0.54150390625 0.916015625 0.0830078125 0.08203125
9 0.66650390625 0.9072265625 0.0830078125 0.064453125
17 0.79150390625 0.92041015625 0.0830078125 0.0908203125
10 0.91650390625 0.91259765625 0.0830078125 0.0751953125
