33 0.0830078125 0.06982421875 0.166015625 0.1396484375
23 0.3330078125 0.07861328125 0.166015625 0.1572265625
33 0.5830078125 0.08447265625 0.166015625 0.1689453125
16 0.8330078125 0.0859375 0.166015625 0.171875
0 0.0830078125 0.3408203125 0.166015625 0.181640625
3 0.3330078125 0.3505859375 0.166015625 0.201171875
26 0.5830078125 0.3369140625 0.166015625 0.173828125
9 0.8330078125 0.31298828125 0.166015625 0.1259765625
7 0.0830078125 0.57861328125 0.166015625 0.1572265625
7 0.3330078125 0.5791015625 0.166015625 0.158203125
18 0.5830078125 0.56201171875 0.166015625 0.1240234375
0 0.8330078125 0.591796875 0.166015625 0.18359375
31 0.0830078125 0.822265625 0.166015625 0.14453125
3 0.3330078125 0.81591796875 0.166015625 0.1318359375
25 0.5830078125 0.814453125 0.166015625 0.12890625
31 0.8330078125 0.83837890625 0.166015625 0.1767578125
