32 0.04736328125 0.046875 0.0947265625 0.09375
33 0.18994140625 0.05029296875 0.0947265625 0.1005859375
29 0.33251953125 0.037109375 0.0947265625 0.07421875
26 0.47509765625 0.05810546875 0.0947265625 0.1162109375
1 0.61865234375 0.06005859375 0.0947265625 0.1201171875
19 0.76123046875 0.0537109375 0.0947265625 0.107421875
19 0.90380859375 0.04736328125 0.0947265625 0.0947265625
1 0.04736328125 0.19775390625 0.0947265625 0.1103515625
9 0.18994140625 0.17822265625 0.0947265625 0.0712890625
11 0.33251953125 0.19970703125 0.0947265625 0.1142578125
12 0.47509765625 0.19775390625 0.0947265625 0.1103515625
18 0.61865234375 0.19921875 0.0947265625 0.11328125
22 0.76123046875 0.19287109375 0.0947265625 0.1005859375
3 0.90380859375 0.1884765625 0.0947265625 0.091796875
5 0.04736328125 0.3232421875 0.0947265625 0.076171875
4 0.18994140625 0.3310546875 0.0947265625 0.091796875
33 0.33251953125 0.3291015625 0.0947265625 0.087890625
15 0.47509765625 0.34228515625 0.0947265625 0.1142578125
32 0.61865234375 0.34375 0.0947265625 0.1171875
21 0.76123046875 0.33154296875 0.0947265625 0.0927734375
31 0.90380859375 0.3369140625 0.0947265625 0.103515625
19 0.04736328125 0.47119140625 0.0947265625 0.0869140625
26 0.18994140625 0.48583984375 0.0947265625 0.1162109375
20 0.33251953125 0.47802734375 0.0947265625 0.1005859375
26 0.47509765625 0.47021484375 0.0947265625 0.0849609375
10 0.61865234375 0.47021484375 0.0947265625 0.0849609375
23 0.76123046875 0.46728515625 0.0947265625 0.0791015625
11 0.90380859375 0.46435546875 0.0947265625 0.0732421875
31 0.04736328125 0.61474609375 0.0947265625 0.0869140625
18 0.18994140625 0.62109375 0.0947265625 0.099609375
22 0.33251953125 0.62060546875 0.0947265625 0.0986328125
8 0.47509765625 0.60986328125 0.0947265625 0.0771484375
30 0.61865234375 0.61572265625 0.0947265625 0.0888671875
21 0.76123046875 0.61572265625 0.0947265625 0.0888671875
12 0.90380859375 0.61962890625 0.0947265625 0.0966796875
18 0.04736328125 0.7685546875 0.0947265625 0.109375
21 0.18994140625 0.75048828125 0.0947265625 0.0732421875
4 0.33251953125 0.7734375 0.0947265625 0.119140625
20 0.47509765625 0.76025390625 0.0947265625 0.0927734375
20 0.61865234375 0.765625 0.0947265625 0.103515625
12 0.76123046875 0.76318359375 0.0947265625 0.0986328125
15 0.90380859375 0.7666015625 0.0947265625 0.10546875
6 0.04736328125 0.91650390625 0.0947265625 0.1201171875
28 0.18994140625 0.9013671875 0.0947265625 0.08984375
13 0.33251953125 0.9013671875 0.0947265625 0.08984375
13 0.47509765625 0.90625 0.0947265625 0.099609375
5 0.61865234375 0.90625 0.0947265625 0.099609375
26 0.76123046875 0.91357421875 0.0947265625 0.1142578125
22 0.90380859375 0.8974609375 0.0947265625 0.08203125
