32 0.04736328125 0.037109375 0.0947265625 0.07421875
16 0.18994140625 0.04541015625 0.0947265625 0.0908203125
29 0.33251953125 0.04638671875 0.0947265625 0.0927734375
30 0.47509765625 0.0556640625 0.0947265625 0.111328125
25 0.61865234375 0.0537109375 0.0947265625 0.107421875
10 0.76123046875 0.05078125 0.0947265625 0.1015625
15 0.90380859375 0.04736328125 0.0947265625 0.0947265625
3 0.04736328125 0.18603515625 0.0947265625 0.0869140625
21 0.18994140625 0.1865234375 0.0947265625 0.087890625
20 0.33251953125 0.18798828125 0.0947265625 0.0908203125
19 0.47509765625 0.1904296875 0.0947265625 0.095703125
16 0.61865234375 0.18115234375 0.0947265625 0.0771484375
19 0.76123046875 0.18359375 0.0947265625 0.08203125
14 0.90380859375 0.18212890625 0.0947265625 0.0791015625
31 0.04736328125 0.33642578125 0.0947265625 0.1025390625
33 0.18994140625 0.33642578125 0.0947265625 0.1025390625
0 0.33251953125 0.32666015625 0.0947265625 0.0830078125
12 0.47509765625 0.33056640625 0.0947265625 0.0908203125
20 0.61865234375 0.3349609375 0.0947265625 0.099609375
21 0.76123046875 0.337890625 0.0947265625 0.10546875
29 0.90380859375 0.3212890625 0.0947265625 0.072265625
5 0.04736328125 0.482421875 0.0947265625 0.109375
24 0.18994140625 0.4658203125 0.0947265625 0.076171875
2 0.33251953125 0.46337890625 0.0947265625 0.0712890625
23 0.47509765625 0.47412109375 0.0947265625 0.0927734375
18 0.61865234375 0.47265625 0.0947265625 0.08984375
26 0.76123046875 0.47412109375 0.0947265625 0.0927734375
28 0.90380859375 0.46337890625 0.0947265625 0.0712890625
25 0.04736328125 0.6064453125 0.0947265625 0.0703125
14 0.18994140625 0.61669921875 0.0947265625 0.0908203125
3 0.33251953125 0.62255859375 0.0947265625 0.1025390625
10 0.47509765625 0.6103515625 0.0947265625 0.078125
6 0.61865234375 0.62109375 0.0947265625 0.099609375
6 0.76123046875 0.62451171875 0.0947265625 0.1064453125
25 0.90380859375 0.6103515625 0.0947265625 0.078125
18 0.04736328125 0.7724609375 0.0947265625 0.1171875
6 0.18994140625 0.7724609375 0.0947265625 0.1171875
3 0.33251953125 0.7666015625 0.0947265625 0.10546875
12 0.47509765625 0.75048828125 0.0947265625 0.0732421875
33 0.61865234375 0.7607421875 0.0947265625 0.09375
18 0.76123046875 0.76220703125 0.0947265625 0.0966796875
32 0.90380859375 0.75634765625 0.0947265625 0.0849609375
4 0.04736328125 0.90625 0.0947265625 0.099609375
12 0.18994140625 0.91162109375 0.0947265625 0.1103515625
7 0.33251953125 0.90283203125 0.0947265625 0.0927734375
21 0.47509765625 0.91845703125 0.0947265625 0.1240234375
8 0.61865234375 0.9091796875 0.0947265625 0.10546875
29 0.76123046875 0.90771484375 0.0947265625 0.1025390625
14 0.90380859375 0.89892578125 0.0947265625 0.0849609375
