22 0.04150390625 0.037109375 0.0830078125 0.07421875
31 0.16650390625 0.03857421875 0.0830078125 0.0771484375
5 0.29150390625 0.0380859375 0.0830078125 0.076171875
8 0.41650390625 0.04443359375 0.0830078125 0.0888671875
3 0.54150390625 0.04736328125 0.0830078125 0.0947265625
21 0.66650390625 0.0380859375 0.0830078125 0.076171875
13 0.79150390625 0.0400390625 0.0830078125 0.080078125
3 0.91650390625 0.04736328125 0.0830078125 0.0947265625
10 0.04150390625 0.16943359375 0.0830078125 0.0888671875
14 0.16650390625 0.17724609375 0.0830078125 0.1044921875
22 0.29150390625 0.15625 0.0830078125 0.0625
19 0.41650390625 0.16796875 0.0830078125 0.0859375
14 0.54150390625 0.1630859375 0.0830078125 0.076171875
21 0.66650390625 0.1591796875 0.0830078125 0.068359375
5 0.79150390625 0.1767578125 0.0830078125 0.103515625
29 0.91650390625 0.1572265625 0.0830078125 0.064453125
5 0.04150390625 0.28515625 0.0830078125 0.0703125
14 0.16650390625 0.30029296875 0.0830078125 0.1005859375
12 0.29150390625 0.2880859375 0.0830078125 0.076171875
3 0.41650390625 0.30029296875 0.0830078125 0.1005859375
5 0.54150390625 0.287109375 0.0830078125 0.07421875
19 0.66650390625 0.294921875 0.0830078125 0.08984375
20 0.79150390625 0.2880859375 0.0830078125 0.076171875
11 0.91650390625 0.28271484375 0.0830078125 0.0654296875
0 0.04150390625 0.412109375 0.0830078125 0.07421875
8 0.16650390625 0.4169921875 0.0830078125 0.083984375
31 0.29150390625 0.42822265625 0.0830078125 0.1064453125
3 0.41650390625 0.4140625 0.0830078125 0.078125
29 0.54150390625 0.41455078125 0.0830078125 0.0791015625
24 0.66650390625 0.42822265625 0.0830078125 0.1064453125
19 0.79150390625 0.42724609375 0.0830078125 0.1044921875
19 0.91650390625 0.42529296875 0.0830078125 0.1005859375
15 0.04150390625 0.5478515625 0.0830078125 0.095703125
25 0.16650390625 0.5419921875 0.0830078125 0.083984375
8 0.29150390625 0.537109375 0.0830078125 0.07421875
8 0.41650390625 0.54931640625 0.0830078125 0.0986328125
7 0.54150390625 0.53173828125 0.0830078125 0.0634765625
31 0.66650390625 0.544921875 0.0830078125 0.08984375
9 0.79150390625 0.53271484375 0.0830078125 0.0654296875
31 0.91650390625 0.546875 0.0830078125 0.09375
4 0.04150390625 0.67529296875 0.0830078125 0.1005859375
7 0.16650390625 0.66845703125 0.0830078125 0.0869140625
19 0.29150390625 0.6630859375 0.0830078125 0.076171875
11 0.41650390625 0.67529296875 0.0830078125 0.1005859375
2 0.54150390625 0.67529296875 0.0830078125 0.1005859375
13 0.66650390625 0.66845703125 0.0830078125 0.0869140625
27 0.79150390625 0.658203125 0.0830078125 0.06640625
30 0.91650390625 0.66943359375 0.0830078125 0.0888671875
25 0.04150390625 0.7890625 0.0830078125 0.078125
29 0.16650390625 0.7939453125 0.0830078125 0.087890625
33 0.29150390625 0.79296875 0.0830078125 0.0859375
17 0.41650390625 0.78955078125 0.0830078125 0.0791015625
26 0.54150390625 0.80078125 0.0830078125 0.1015625
7 0.66650390625 0.79150390625 0.0830078125 0.0830078125
27 0.79150390625 0.78564453125 0.0830078125 0.0712890625
23 0.91650390625 0.7861328125 0.0830078125 0.072265625
0 0.04150390625 0.91552734375 0.0830078125 0.0810546875
24 0.16650390625 0.91845703125 0.0830078125 0.0869140625
1 0.29150390625 0.90966796875 0.0830078125 0.0693359375
0 0.41650390625 0.91845703125 0.0830078125 0.0869140625
26 0.54150390625 0.92138671875 0.0830078125 0.0927734375
16 0.66650390625 0.916015625 0.0830078125 0.08203125
3 0.79150390625 0.9130859375 0.0830078125 0.076171875
4 0.91650390625 0.92236328125 0.0830078125 0.0947265625
