5 0.04150390625 0.0419921875 0.0830078125 0.083984375
25 0.16650390625 0.0517578125 0.0830078125 0.103515625
20 0.29150390625 0.05419921875 0.0830078125 0.1083984375
19 0.41650390625 0.03759765625 0.0830078125 0.0751953125
30 0.54150390625 0.0517578125 0.0830078125 0.103515625
21 0.66650390625 0.0478515625 0.0830078125 0.095703125
22 0.79150390625 0.0341796875 0.0830078125 0.068359375
16 0.91650390625 0.04736328125 0.0830078125 0.0947265625
24 0.04150390625 0.162109375 0.0830078125 0.07421875
27 0.16650390625 0.1767578125 0.0830078125 0.103515625
32 0.29150390625 0.15771484375 0.0830078125 0.0654296875
10 0.41650390625 0.16259765625 0.0830078125 0.0751953125
6 0.54150390625 0.17236328125 0.0830078125 0.0947265625
13 0.66650390625 0.173828125 0.0830078125 0.09765625
18 0.79150390625 0.158203125 0.0830078125 0.06640625
29 0.91650390625 0.17919921875 0.0830078125 0.1083984375
33 0.04150390625 0.29150390625 0.0830078125 0.0830078125
29 0.16650390625 0.30029296875 0.0830078125 0.1005859375
5 0.29150390625 0.29638671875 0.0830078125 0.0927734375
15 0.41650390625 0.28955078125 0.0830078125 0.0791015625
11 0.54150390625 0.29638671875 0.0830078125 0.0927734375
18 0.66650390625 0.28955078125 0.0830078125 0.0791015625
24 0.79150390625 0.2861328125 0.0830078125 0.072265625
4 0.91650390625 0.291015625 0.0830078125 0.08203125
32 0.04150390625 0.4189453125 0.0830078125 0.087890625
20 0.16650390625 0.41943359375 0.0830078125 0.0888671875
16 0.29150390625 0.416015625 0.0830078125 0.08203125
4 0.41650390625 0.41943359375 0.0830078125 0.0888671875
14 0.54150390625 0.41357421875 0.0830078125 0.0771484375
32 0.66650390625 0.42041015625 0.0830078125 0.0908203125
24 0.79150390625 0.42919921875 0.0830078125 0.1083984375
6 0.91650390625 0.42529296875 0.0830078125 0.1005859375
16 0.04150390625 0.54443359375 0.0830078125 0.0888671875
10 0.16650390625 0.5478515625 0.0830078125 0.095703125
12 0.29150390625 0.5380859375 0.0830078125 0.076171875
16 0.41650390625 0.546875 0.0830078125 0.09375
31 0.54150390625 0.5517578125 0.0830078125 0.103515625
0 0.66650390625 0.55078125 0.0830078125 0.1015625
26 0.79150390625 0.55322265625 0.0830078125 0.1064453125
0 0.91650390625 0.54052734375 0.0830078125 0.0810546875
6 0.04150390625 0.6689453125 0.0830078125 0.087890625
22 0.16650390625 0.65625 0.0830078125 0.0625
29 0.29150390625 0.65576171875 0.0830078125 0.0615234375
10 0.41650390625 0.6796875 0.0830078125 0.109375
31 0.54150390625 0.65771484375 0.0830078125 0.0654296875
5 0.66650390625 0.65625 0.0830078125 0.0625
6 0.79150390625 0.66552734375 0.0830078125 0.0810546875
15 0.91650390625 0.662109375 0.0830078125 0.07421875
5 0.04150390625 0.79345703125 0.0830078125 0.0869140625
31 0.16650390625 0.7978515625 0.0830078125 0.095703125
32 0.29150390625 0.7861328125 0.0830078125 0.072265625
11 0.41650390625 0.78515625 0.0830078125 0.0703125
5 0.54150390625 0.787109375 0.0830078125 0.07421875
0 0.66650390625 0.7939453125 0.0830078125 0.087890625
32 0.79150390625 0.7890625 0.0830078125 0.078125
27 0.91650390625 0.79345703125 0.0830078125 0.0869140625
0 0.04150390625 0.90625 0.0830078125 0.0625
11 0.16650390625 0.91015625 0.0830078125 0.0703125
24 0.29150390625 0.9228515625 0.0830078125 0.095703125
14 0.41650390625 0.92041015625 0.0830078125 0.0908203125
31 0.54150390625 0.9150390625 0.0830078125 0.080078125
31 0.66650390625 0.9169921875 0.0830078125 0.083984375
15 0.79150390625 0.9267578125 0.0830078125 0.103515625
33 0.91650390625 0.92041015625 0.0830078125 0.0908203125
