0 0.0830078125 0.06396484375 0.166015625 0.1279296875
33 0.3330078125 0.06689453125 0.166015625 0.1337890625
30 0.5830078125 0.09375 0.166015625 0.1875
10 0.8330078125 0.09765625 0.166015625 0.1953125
25 0.0830078125 0.35205078125 0.166015625 0.2041015625
11 0.3330078125 0.328125 0.166015625 0.15625
19 0.5830078125 0.36083984375 0.166015625 0.2216796875
22 0.8330078125 0.31494140625 0.166015625 0.1298828125
14 0.0830078125 0.583984375 0.166015625 0.16796875
11 0.3330078125 0.568359375 0.166015625 0.13671875
25 0.5830078125 0.572265625 0.166015625 0.14453125
28 0.8330078125 0.58837890625 0.166015625 0.1767578125
25 0.0830078125 0.82666015625 0.166015625 0.1533203125
9 0.3330078125 0.8369140625 0.166015625 0.173828125
7 0.5830078125 0.84326171875 0.166015625 0.1865234375
15 0.8330078125 0.841796875 0.166015625 0.18359375
