5 0.06640625 0.0517578125 0.1328125 0.103515625
32 0.265625 0.07080078125 0.1328125 0.1416015625
5 0.4658203125 0.0517578125 0.1328125 0.103515625
32 0.666015625 0.0537109375 0.1328125 0.107421875
13 0.8662109375 0.0576171875 0.1328125 0.115234375
26 0.06640625 0.2685546875 0.1328125 0.138671875
2 0.265625 0.2802734375 0.1328125 0.162109375
22 0.4658203125 0.24951171875 0.1328125 0.1005859375
9 0.666015625 0.2626953125 0.1328125 0.126953125
15 0.8662109375 0.25341796875 0.1328125 0.1083984375
5 0.06640625 0.45068359375 0.1328125 0.1025390625
18 0.265625 0.4658203125 0.1328125 0.1328125
9 0.4658203125 0.46826171875 0.1328125 0.1376953125
19 0.666015625 0.4638671875 0.1328125 0.12890625
13 0.8662109375 0.4599609375 0.1328125 0.12109375
24 0.06640625 0.6640625 0.1328125 0.12890625
23 0.265625 0.6767578125 0.1328125 0.154296875
31 0.4658203125 0.6650390625 0.1328125 0.130859375
23 0.666015625 0.67041015625 0.1328125 0.1416015625
4 0.8662109375 0.66357421875 0.1328125 0.1279296875
6 0.06640625 0.876953125 0.1328125 0.154296875
1 0.265625 0.8681640625 0.1328125 0.13671875
11 0.4658203125 0.87109375 0.1328125 0.142578125
24 0.666015625 0.859375 0.1328125 0.119140625
16 0.8662109375 0.85107421875 0.1328125 0.1025390625
