0 0.04736328125 0.0498046875 0.0947265625 0.099609375
3 0.18994140625 0.06201171875 0.0947265625 0.1240234375
13 0.33251953125 0.0595703125 0.0947265625 0.119140625
18 0.47509765625 0.0498046875 0.0947265625 0.099609375
25 0.61865234375 0.04736328125 0.0947265625 0.0947265625
0 0.76123046875 0.04345703125 0.0947265625 0.0869140625
33 0.90380859375 0.04833984375 0.0947265625 0.0966796875
25 0.04736328125 0.19091796875 0.0947265625 0.0966796875
12 0.18994140625 0.18017578125 0.0947265625 0.0751953125
5 0.33251953125 0.1875 0.0947265625 0.08984375
32 0.47509765625 0.18701171875 0.0947265625 0.0888671875
0 0.61865234375 0.18994140625 0.0947265625 0.0947265625
13 0.76123046875 0.18994140625 0.0947265625 0.0947265625
19 0.90380859375 0.1875 0.0947265625 0.08984375
15 0.04736328125 0.3388671875 0.0947265625 0.107421875
19 0.18994140625 0.341796875 0.0947265625 0.11328125
28 0.33251953125 0.33251953125 0.0947265625 0.0947265625
0 0.47509765625 0.33837890625 0.0947265625 0.1064453125
11 0.61865234375 0.33837890625 0.0947265625 0.1064453125
30 0.76123046875 0.3349609375 0.0947265625 0.099609375
15 0.90380859375 0.341796875 0.0947265625 0.11328125
23 0.04736328125 0.47509765625 0.0947265625 0.0947265625
2 0.18994140625 0.46826171875 0.0947265625 0.0810546875
26 0.33251953125 0.48291015625 0.0947265625 0.1103515625
12 0.47509765625 0.47021484375 0.0947265625 0.0849609375
3 0.61865234375 0.474609375 0.0947265625 0.09375
4 0.76123046875 0.474609375 0.0947265625 0.09375
8 0.90380859375 0.47509765625 0.0947265625 0.0947265625
23 0.04736328125 0.625 0.0947265625 0.107421875
4 0.18994140625 0.615234375 0.0947265625 0.087890625
24 0.33251953125 0.61767578125 0.0947265625 0.0927734375
27 0.47509765625 0.61279296875 0.0947265625 0.0830078125
31 0.61865234375 0.60986328125 0.0947265625 0.0771484375
27 0.76123046875 0.6181640625 0.0947265625 0.09375
12 0.90380859375 0.61328125 0.0947265625 0.083984375
12 0.04736328125 0.755859375 0.0947265625 0.083984375
27 0.18994140625 0.765625 0.0947265625 0.103515625
33 0.33251953125 0.75146484375 0.0947265625 0.0751953125
18 0.47509765625 0.765625 0.0947265625 0.103515625
3 0.61865234375 0.763671875 0.0947265625 0.099609375
20 0.76123046875 0.751953125 0.0947265625 0.076171875
16 0.90380859375 0.765625 0.0947265625 0.103515625
6 0.04736328125 0.9189453125 0.0947265625 0.125
27 0.18994140625 0.9052734375 0.0947265625 0.09765625
1 0.33251953125 0.90966796875 0.0947265625 0.1064453125
12 0.47509765625 0.908203125 0.0947265625 0.103515625
13 0.61865234375 0.91650390625 0.0947265625 0.1201171875
20 0.76123046875 0.9111328125 0.0947265625 0.109375
17 0.90380859375 0.89892578125 0.0947265625 0.0849609375
