11 0.06640625 0.076171875 0.1328125 0.15234375
4 0.265625 0.05322265625 0.1328125 0.1064453125
20 0.4658203125 0.07080078125 0.1328125 0.1416015625
19 0.666015625 0.0634765625 0.1328125 0.126953125
4 0.8662109375 0.06884765625 0.1328125 0.1376953125
13 0.06640625 0.27099609375 0.1328125 0.1435546875
8 0.265625 0.2783203125 0.1328125 0.158203125
33 0.4658203125 0.26806640625 0.1328125 0.1376953125
0 0.666015625 0.2724609375 0.1328125 0.146484375
30 0.8662109375 0.267578125 0.1328125 0.13671875
20 0.06640625 0.48046875 0.1328125 0.162109375
25 0.265625 0.45654296875 0.1328125 0.1142578125
33 0.4658203125 0.45703125 0.1328125 0.115234375
31 0.666015625 0.474609375 0.1328125 0.150390625
20 0.8662109375 0.4755859375 0.1328125 0.15234375
29 0.06640625 0.6640625 0.1328125 0.12890625
10 0.265625 0.65380859375 0.1328125 0.1083984375
5 0.4658203125 0.65673828125 0.1328125 0.1142578125
32 0.666015625 0.6728515625 0.1328125 0.146484375
21 0.8662109375 0.6591796875 0.1328125 0.119140625
14 0.06640625 0.875 0.1328125 0.150390625
19 0.265625 0.86865234375 0.1328125 0.1376953125
19 0.4658203125 0.876953125 0.1328125 0.154296875
25 0.666015625 0.857421875 0.1328125 0.115234375
6 0.8662109375 0.86181640625 0.1328125 0.1240234375
