4 0.04736328125 0.03857421875 0.0947265625 0.0771484375
2 0.18994140625 0.041015625 0.0947265625 0.08203125
15 0.33251953125 0.04296875 0.0947265625 0.0859375
27 0.47509765625 0.056640625 0.0947265625 0.11328125
3 0.61865234375 0.056640625 0.0947265625 0.11328125
4 0.76123046875 0.0537109375 0.0947265625 0.107421875
1 0.90380859375 0.03955078125 0.0947265625 0.0791015625
11 0.04736328125 0.197265625 0.0947265625 0.109375
15 0.18994140625 0.19189453125 0.0947265625 0.0986328125
31 0.33251953125 0.1943359375 0.0947265625 0.103515625
5 0.47509765625 0.185546875 0.0947265625 0.0859375
14 0.61865234375 0.17919921875 0.0947265625 0.0732421875
0 0.76123046875 0.197265625 0.0947265625 0.109375
19 0.90380859375 0.18505859375 0.0947265625 0.0849609375
31 0.04736328125 0.337890625 0.0947265625 0.10546875
24 0.18994140625 0.3291015625 0.0947265625 0.087890625
13 0.33251953125 0.3291015625 0.0947265625 0.087890625
29 0.47509765625 0.33544921875 0.0947265625 0.1005859375
6 0.61865234375 0.337890625 0.0947265625 0.10546875
0 0.76123046875 0.33447265625 0.0947265625 0.0986328125
5 0.90380859375 0.34033203125 0.0947265625 0.1103515625
6 0.04736328125 0.466796875 0.0947265625 0.078125
15 0.18994140625 0.486328125 0.0947265625 0.1171875
3 0.33251953125 0.47119140625 0.0947265625 0.0869140625
3 0.47509765625 0.4833984375 0.0947265625 0.111328125
24 0.61865234375 0.470703125 0.0947265625 0.0859375
0 0.76123046875 0.47119140625 0.0947265625 0.0869140625
13 0.90380859375 0.484375 0.0947265625 0.11328125
15 0.04736328125 0.6123046875 0.0947265625 0.08203125
16 0.18994140625 0.6123046875 0.0947265625 0.08203125
4 0.33251953125 0.6259765625 0.0947265625 0.109375
23 0.47509765625 0.61669921875 0.0947265625 0.0908203125
21 0.61865234375 0.6298828125 0.0947265625 0.1171875
18 0.76123046875 0.61669921875 0.0947265625 0.0908203125
28 0.90380859375 0.63330078125 0.0947265625 0.1240234375
4 0.04736328125 0.75634765625 0.0947265625 0.0849609375
8 0.18994140625 0.76416015625 0.0947265625 0.1005859375
11 0.33251953125 0.75537109375 0.0947265625 0.0830078125
29 0.47509765625 0.76708984375 0.0947265625 0.1064453125
14 0.61865234375 0.75634765625 0.0947265625 0.0849609375
5 0.76123046875 0.76171875 0.0947265625 0.095703125
22 0.90380859375 0.76513671875 0.0947265625 0.1025390625
12 0.04736328125 0.90576171875 0.0947265625 0.0986328125
20 0.18994140625 0.9013671875 0.0947265625 0.08984375
20 0.33251953125 0.8994140625 0.0947265625 0.0859375
33 0.47509765625 0.90234375 0.0947265625 0.091796875
18 0.61865234375 0.90185546875 0.0947265625 0.0908203125
33 0.76123046875 0.89794921875 0.0947265625 0.0830078125
31 0.90380859375 0.9150390625 0.0947265625 0.1171875
