5 0.05517578125 0.0498046875 0.1103515625 0.099609375
6 0.22119140625 0.0732421875 0.1103515625 0.146484375
21 0.38818359375 0.0498046875 0.1103515625 0.099609375
9 0.55517578125 0.0419921875 0.1103515625 0.083984375
11 0.72119140625 0.0458984375 0.1103515625 0.091796875
18 0.88818359375 0.06884765625 0.1103515625 0.1376953125
10 0.05517578125 0.2275390625 0.1103515625 0.123046875
17 0.22119140625 0.2158203125 0.1103515625 0.099609375
16 0.38818359375 0.2158203125 0.1103515625 0.099609375
22 0.55517578125 0.22412109375 0.1103515625 0.1162109375
16 0.72119140625 0.21240234375 0.1103515625 0.0927734375
0 0.88818359375 0.21240234375 0.1103515625 0.0927734375
19 0.05517578125 0.3955078125 0.1103515625 0.125
27 0.22119140625 0.3798828125 0.1103515625 0.09375
33 0.38818359375 0.37890625 0.1103515625 0.091796875
11 0.55517578125 0.3896484375 0.1103515625 0.11328125
10 0.72119140625 0.38916015625 0.1103515625 0.1123046875
3 0.88818359375 0.3828125 0.1103515625 0.099609375
26 0.05517578125 0.548828125 0.1103515625 0.09765625
5 0.22119140625 0.55224609375 0.1103515625 0.1044921875
31 0.38818359375 0.55517578125 0.1103515625 0.1103515625
4 0.55517578125 0.55615234375 0.1103515625 0.1123046875
10 0.72119140625 0.54345703125 0.1103515625 0.0869140625
26 0.88818359375 0.5634765625 0.1103515625 0.126953125
7 0.05517578125 0.71484375 0.1103515625 0.09765625
8 0.22119140625 0.7314453125 0.1103515625 0.130859375
31 0.38818359375 0.71923828125 0.1103515625 0.1064453125
18 0.55517578125 0.7373046875 0.1103515625 0.142578125
3 0.72119140625 0.72998046875 0.1103515625 0.1279296875
32 0.88818359375 0.71484375 0.1103515625 0.09765625
9 0.05517578125 0.88720703125 0.1103515625 0.1083984375
30 0.22119140625 0.87890625 0.1103515625 0.091796875
18 0.38818359375 0.88916015625 0.1103515625 0.1123046875
14 0.55517578125 0.88916015625 0.1103515625 0.1123046875
7 0.72119140625 0.8828125 0.1103515625 0.099609375
16 0.88818359375 0.8828125 0.1103515625 0.099609375
