13 0.05517578125 0.0615234375 0.1103515625 0.123046875
14 0.22119140625 0.04296875 0.1103515625 0.0859375
17 0.38818359375 0.05419921875 0.1103515625 0.1083984375
20 0.55517578125 0.0478515625 0.1103515625 0.095703125
2 0.72119140625 0.0654296875 0.1103515625 0.130859375
29 0.88818359375 0.05712890625 0.1103515625 0.1142578125
23 0.05517578125 0.21484375 0.1103515625 0.09765625
29 0.22119140625 0.2138671875 0.1103515625 0.095703125
15 0.38818359375 0.2314453125 0.1103515625 0.130859375
7 0.55517578125 0.228515625 0.1103515625 0.125
13 0.72119140625 0.228515625 0.1103515625 0.125
2 0.88818359375 0.22705078125 0.1103515625 0.1220703125
19 0.05517578125 0.38818359375 0.1103515625 0.1103515625
10 0.22119140625 0.38916015625 0.1103515625 0.1123046875
26 0.38818359375 0.376953125 0.1103515625 0.087890625
28 0.55517578125 0.3828125 0.1103515625 0.099609375
13 0.72119140625 0.38427734375 0.1103515625 0.1025390625
1 0.88818359375 0.39208984375 0.1103515625 0.1181640625
31 0.05517578125 0.55859375 0.1103515625 0.1171875
28 0.22119140625 0.57080078125 0.1103515625 0.1416015625
28 0.38818359375 0.56103515625 0.1103515625 0.1220703125
2 0.55517578125 0.5498046875 0.1103515625 0.099609375
23 0.72119140625 0.54833984375 0.1103515625 0.0966796875
13 0.88818359375 0.5478515625 0.1103515625 0.095703125
13 0.05517578125 0.71630859375 0.1103515625 0.1005859375
0 0.22119140625 0.73291015625 0.1103515625 0.1337890625
26 0.38818359375 0.72314453125 0.1103515625 0.1142578125
25 0.55517578125 0.70751953125 0.1103515625 0.0830078125
32 0.72119140625 0.7109375 0.1103515625 0.08984375
9 0.88818359375 0.72607421875 0.1103515625 0.1201171875
11 0.05517578125 0.88037109375 0.1103515625 0.0947265625
3 0.22119140625 0.8955078125 0.1103515625 0.125
7 0.38818359375 0.87451171875 0.1103515625 0.0830078125
3 0.55517578125 0.88330078125 0.1103515625 0.1005859375
18 0.72119140625 0.90283203125 0.1103515625 0.1396484375
9 0.88818359375 0.884765625 0.1103515625 0.103515625
