21 0.05517578125 0.0654296875 0.1103515625 0.130859375
12 0.22119140625 0.052734375 0.1103515625 0.10546875
14 0.38818359375 0.068359375 0.1103515625 0.13671875
20 0.55517578125 0.0478515625 0.1103515625 0.095703125
2 0.72119140625 0.0458984375 0.1103515625 0.091796875
19 0.88818359375 0.06494140625 0.1103515625 0.1298828125
29 0.05517578125 0.2158203125 0.1103515625 0.099609375
24 0.22119140625 0.21630859375 0.1103515625 0.1005859375
29 0.38818359375 0.2109375 0.1103515625 0.08984375
20 0.55517578125 0.2138671875 0.1103515625 0.095703125
18 0.72119140625 0.2294921875 0.1103515625 0.126953125
18 0.88818359375 0.22119140625 0.1103515625 0.1103515625
25 0.05517578125 0.3984375 0.1103515625 0.130859375
26 0.22119140625 0.38720703125 0.1103515625 0.1083984375
9 0.38818359375 0.39404296875 0.1103515625 0.1220703125
17 0.55517578125 0.3828125 0.1103515625 0.099609375
7 0.72119140625 0.37548828125 0.1103515625 0.0849609375
27 0.88818359375 0.3857421875 0.1103515625 0.10546875
5 0.05517578125 0.5478515625 0.1103515625 0.095703125
3 0.22119140625 0.54150390625 0.1103515625 0.0830078125
2 0.38818359375 0.552734375 0.1103515625 0.10546875
4 0.55517578125 0.5478515625 0.1103515625 0.095703125
25 0.72119140625 0.5498046875 0.1103515625 0.099609375
14 0.88818359375 0.552734375 0.1103515625 0.10546875
23 0.05517578125 0.73193359375 0.1103515625 0.1318359375
32 0.22119140625 0.708984375 0.1103515625 0.0859375
16 0.38818359375 0.73291015625 0.1103515625 0.1337890625
28 0.55517578125 0.720703125 0.1103515625 0.109375
10 0.72119140625 0.71484375 0.1103515625 0.09765625
21 0.88818359375 0.72119140625 0.1103515625 0.1103515625
8 0.05517578125 0.896484375 0.1103515625 0.126953125
13 0.22119140625 0.90185546875 0.1103515625 0.1376953125
28 0.38818359375 0.88916015625 0.1103515625 0.1123046875
2 0.55517578125 0.89453125 0.1103515625 0.123046875
30 0.72119140625 0.8759765625 0.1103515625 0.0859375
3 0.88818359375 0.90380859375 0.1103515625 0.1416015625
