14 0.0830078125 0.10205078125 0.166015625 0.2041015625
29 0.3330078125 0.08056640625 0.166015625 0.1611328125
13 0.5830078125 0.0869140625 0.166015625 0.173828125
25 0.8330078125 0.08447265625 0.166015625 0.1689453125
14 0.0830078125 0.34375 0.166015625 0.1875
27 0.3330078125 0.3486328125 0.166015625 0.197265625
10 0.5830078125 0.32763671875 0.166015625 0.1552734375
10 0.8330078125 0.3173828125 0.166015625 0.134765625
5 0.0830078125 0.58642578125 0.166015625 0.1728515625
2 0.3330078125 0.58447265625 0.166015625 0.1689453125
10 0.5830078125 0.59033203125 0.166015625 0.1806640625
1 0.8330078125 0.57666015625 0.166015625 0.1533203125
22 0.0830078125 0.83837890625 0.166015625 0.1767578125
9 0.3330078125 0.85498046875 0.166015625 0.2099609375
27 0.5830078125 0.8134765625 0.166015625 0.126953125
27 0.8330078125 0.81494140625 0.166015625 0.1298828125
