13 0.05517578125 0.04296875 0.1103515625 0.0859375
19 0.22119140625 0.05078125 0.1103515625 0.1015625
15 0.38818359375 0.06982421875 0.1103515625 0.1396484375
24 0.55517578125 0.046875 0.1103515625 0.09375
17 0.72119140625 0.0458984375 0.1103515625 0.091796875
28 0.88818359375 0.04736328125 0.1103515625 0.0947265625
8 0.05517578125 0.22119140625 0.1103515625 0.1103515625
24 0.22119140625 0.21142578125 0.1103515625 0.0908203125
32 0.38818359375 0.2216796875 0.1103515625 0.111328125
12 0.55517578125 0.22314453125 0.1103515625 0.1142578125
4 0.72119140625 0.2158203125 0.1103515625 0.099609375
8 0.88818359375 0.22021484375 0.1103515625 0.1083984375
11 0.05517578125 0.39453125 0.1103515625 0.123046875
26 0.22119140625 0.380859375 0.1103515625 0.095703125
21 0.38818359375 0.37890625 0.1103515625 0.091796875
11 0.55517578125 0.38330078125 0.1103515625 0.1005859375
24 0.72119140625 0.38916015625 0.1103515625 0.1123046875
5 0.88818359375 0.376953125 0.1103515625 0.087890625
30 0.05517578125 0.5478515625 0.1103515625 0.095703125
3 0.22119140625 0.56689453125 0.1103515625 0.1337890625
18 0.38818359375 0.5498046875 0.1103515625 0.099609375
21 0.55517578125 0.55517578125 0.1103515625 0.1103515625
25 0.72119140625 0.55908203125 0.1103515625 0.1181640625
4 0.88818359375 0.5478515625 0.1103515625 0.095703125
33 0.05517578125 0.7119140625 0.1103515625 0.091796875
31 0.22119140625 0.71923828125 0.1103515625 0.1064453125
27 0.38818359375 0.70947265625 0.1103515625 0.0869140625
4 0.55517578125 0.73583984375 0.1103515625 0.1396484375
29 0.72119140625 0.7119140625 0.1103515625 0.091796875
29 0.88818359375 0.708984375 0.1103515625 0.0859375
11 0.05517578125 0.89697265625 0.1103515625 0.1279296875
23 0.22119140625 0.88037109375 0.1103515625 0.0947265625
6 0.38818359375 0.87744140625 0.1103515625 0.0888671875
26 0.55517578125 0.9013671875 0.1103515625 0.13671875
31 0.72119140625 0.89697265625 0.1103515625 0.1279296875
21 0.88818359375 0.896484375 0.1103515625 0.126953125
