23 0.0830078125 0.09619140625 0.166015625 0.1923828125
3 0.3330078125 0.087890625 0.166015625 0.17578125
20 0.5830078125 0.07421875 0.166015625 0.1484375
19 0.8330078125 0.09619140625 0.166015625 0.1923828125
1 0.0830078125 0.341796875 0.166015625 0.18359375
27 0.3330078125 0.32861328125 0.166015625 0.1572265625
30 0.5830078125 0.33349609375 0.166015625 0.1669921875
0 0.8330078125 0.31689453125 0.166015625 0.1337890625
31 0.0830078125 0.57177734375 0.166015625 0.1435546875
2 0.3330078125 0.56298828125 0.166015625 0.1259765625
26 0.5830078125 0.58056640625 0.166015625 0.1611328125
33 0.8330078125 0.578125 0.166015625 0.15625
19 0.0830078125 0.81298828125 0.166015625 0.1259765625
22 0.3330078125 0.82373046875 0.166015625 0.1474609375
23 0.5830078125 0.84326171875 0.166015625 0.1865234375
6 0.8330078125 0.82373046875 0.166015625 0.1474609375
