28 0.0830078125 0.0908203125 0.166015625 0.181640625
4 0.3330078125 0.08447265625 0.166015625 0.1689453125
1 0.5830078125 0.0986328125 0.166015625 0.197265625
10 0.8330078125 0.0859375 0.166015625 0.171875
18 0.0830078125 0.32275390625 0.166015625 0.1455078125
30 0.3330078125 0.32080078125 0.166015625 0.1416015625
11 0.5830078125 0.3193359375 0.166015625 0.138671875
11 0.8330078125 0.314453125 0.166015625 0.12890625
26 0.0830078125 0.56396484375 0.166015625 0.1279296875
6 0.3330078125 0.5859375 0.166015625 0.171875
32 0.5830078125 0.595703125 0.166015625 0.19140625
18 0.8330078125 0.58740234375 0.166015625 0.1748046875
16 0.0830078125 0.8486328125 0.166015625 0.197265625
30 0.3330078125 0.857421875 0.166015625 0.21484375
10 0.5830078125 0.85205078125 0.166015625 0.2041015625
19 0.8330078125 0.83837890625 0.166015625 0.1767578125
