11 0.06640625 0.06005859375 0.1328125 0.1201171875
13 0.265625 0.0625 0.1328125 0.125
8 0.4658203125 0.064453125 0.1328125 0.12890625
22 0.666015625 0.0810546875 0.1328125 0.162109375
32 0.8662109375 0.0732421875 0.1328125 0.146484375
11 0.06640625 0.27880859375 0.1328125 0.1591796875
31 0.265625 0.25732421875 0.1328125 0.1162109375
23 0.4658203125 0.25537109375 0.1328125 0.1123046875
6 0.666015625 0.26220703125 0.1328125 0.1259765625
32 0.8662109375 0.25634765625 0.1328125 0.1142578125
8 0.06640625 0.47265625 0.1328125 0.146484375
2 0.265625 0.4755859375 0.1328125 0.15234375
25 0.4658203125 0.462890625 0.1328125 0.126953125
25 0.666015625 0.484375 0.1328125 0.169921875
28 0.8662109375 0.47314453125 0.1328125 0.1474609375
0 0.06640625 0.68017578125 0.1328125 0.1611328125
10 0.265625 0.6640625 0.1328125 0.12890625
21 0.4658203125 0.6689453125 0.1328125 0.138671875
19 0.666015625 0.68017578125 0.1328125 0.1611328125
2 0.8662109375 0.6787109375 0.1328125 0.158203125
10 0.06640625 0.86279296875 0.1328125 0.1259765625
27 0.265625 0.8759765625 0.1328125 0.15234375
29 0.4658203125 0.849609375 0.1328125 0.099609375
4 0.666015625 0.865234375 0.1328125 0.130859375
5 0.8662109375 0.869140625 0.1328125 0.138671875
