6 0.04150390625 0.04638671875 0.0830078125 0.0927734375
13 0.16650390625 0.0390625 0.0830078125 0.078125
0 0.29150390625 0.04296875 0.0830078125 0.0859375
20 0.41650390625 0.05224609375 0.0830078125 0.1044921875
32 0.54150390625 0.044921875 0.0830078125 0.08984375
32 0.66650390625 0.0439453125 0.0830078125 0.087890625
17 0.79150390625 0.0400390625 0.0830078125 0.080078125
24 0.91650390625 0.037109375 0.0830078125 0.07421875
22 0.04150390625 0.16064453125 0.0830078125 0.0712890625
3 0.16650390625 0.15673828125 0.0830078125 0.0634765625
28 0.29150390625 0.1728515625 0.0830078125 0.095703125
0 0.41650390625 0.169921875 0.0830078125 0.08984375
8 0.54150390625 0.16796875 0.0830078125 0.0859375
25 0.66650390625 0.173828125 0.0830078125 0.09765625
23 0.79150390625 0.1767578125 0.0830078125 0.103515625
8 0.91650390625 0.16259765625 0.0830078125 0.0751953125
7 0.04150390625 0.2841796875 0.0830078125 0.068359375
20 0.16650390625 0.283203125 0.0830078125 0.06640625
6 0.29150390625 0.28515625 0.0830078125 0.0703125
20 0.41650390625 0.29150390625 0.0830078125 0.0830078125
14 0.54150390625 0.294921875 0.0830078125 0.08984375
24 0.66650390625 0.29248046875 0.0830078125 0.0849609375
18 0.79150390625 0.29541015625 0.0830078125 0.0908203125
12 0.91650390625 0.28271484375 0.0830078125 0.0654296875
32 0.04150390625 0.42822265625 0.0830078125 0.1064453125
20 0.16650390625 0.421875 0.0830078125 0.09375
11 0.29150390625 0.42822265625 0.0830078125 0.1064453125
9 0.41650390625 0.42578125 0.0830078125 0.1015625
9 0.54150390625 0.42138671875 0.0830078125 0.0927734375
14 0.66650390625 0.412109375 0.0830078125 0.07421875
24 0.79150390625 0.4111328125 0.0830078125 0.072265625
10 0.91650390625 0.41748046875 0.0830078125 0.0849609375
1 0.04150390625 0.548828125 0.0830078125 0.09765625
13 0.16650390625 0.537109375 0.0830078125 0.07421875
16 0.29150390625 0.54296875 0.0830078125 0.0859375
23 0.41650390625 0.54296875 0.0830078125 0.0859375
18 0.54150390625 0.54248046875 0.0830078125 0.0849609375
27 0.66650390625 0.5341796875 0.0830078125 0.068359375
23 0.79150390625 0.5439453125 0.0830078125 0.087890625
4 0.91650390625 0.5380859375 0.0830078125 0.076171875
3 0.04150390625 0.671875 0.0830078125 0.09375
19 0.16650390625 0.66845703125 0.0830078125 0.0869140625
13 0.29150390625 0.66259765625 0.0830078125 0.0751953125
12 0.41650390625 0.6611328125 0.0830078125 0.072265625
15 0.54150390625 0.66943359375 0.0830078125 0.0888671875
10 0.66650390625 0.67529296875 0.0830078125 0.1005859375
9 0.79150390625 0.67724609375 0.0830078125 0.1044921875
0 0.91650390625 0.66845703125 0.0830078125 0.0869140625
17 0.04150390625 0.78076171875 0.0830078125 0.0615234375
6 0.16650390625 0.794921875 0.0830078125 0.08984375
16 0.29150390625 0.78759765625 0.0830078125 0.0751953125
31 0.41650390625 0.7919921875 0.0830078125 0.083984375
5 0.54150390625 0.79638671875 0.0830078125 0.0927734375
14 0.66650390625 0.7890625 0.0830078125 0.078125
4 0.79150390625 0.79345703125 0.0830078125 0.0869140625
2 0.91650390625 0.79052734375 0.0830078125 0.0810546875
22 0.04150390625 0.919921875 0.0830078125 0.08984375
12 0.16650390625 0.908203125 0.0830078125 0.06640625
10 0.29150390625 0.919921875 0.0830078125 0.08984375
16 0.41650390625 0.9150390625 0.0830078125 0.080078125
23 0.54150390625 0.91552734375 0.0830078125 0.0810546875
18 0.66650390625 0.923828125 0.0830078125 0.09765625
17 0.79150390625 0.92578125 0.0830078125 0.1015625
23 0.91650390625 0.92529296875 0.0830078125 0.1005859375
