33 0.04736328125 0.05517578125 0.0947265625 0.1103515625
19 0.18994140625 0.05322265625 0.0947265625 0.1064453125
33 0.33251953125 0.05322265625 0.0947265625 0.1064453125
24 0.47509765625 0.0556640625 0.0947265625 0.111328125
29 0.61865234375 0.04248046875 0.0947265625 0.0849609375
23 0.76123046875 0.044921875 0.0947265625 0.08984375
14 0.90380859375 0.046875 0.0947265625 0.09375
27 0.04736328125 0.1923828125 0.0947265625 0.099609375
11 0.18994140625 0.1865234375 0.0947265625 0.087890625
21 0.33251953125 0.1875 0.0947265625 0.08984375
2 0.47509765625 0.185546875 0.0947265625 0.0859375
33 0.61865234375 0.18701171875 0.0947265625 0.0888671875
8 0.76123046875 0.193359375 0.0947265625 0.1015625
17 0.90380859375 0.19384765625 0.0947265625 0.1025390625
28 0.04736328125 0.32666015625 0.0947265625 0.0830078125
18 0.18994140625 0.33154296875 0.0947265625 0.0927734375
22 0.33251953125 0.32080078125 0.0947265625 0.0712890625
3 0.47509765625 0.341796875 0.0947265625 0.11328125
29 0.61865234375 0.3349609375 0.0947265625 0.099609375
4 0.76123046875 0.32275390625 0.0947265625 0.0751953125
1 0.90380859375 0.337890625 0.0947265625 0.10546875
33 0.04736328125 0.47802734375 0.0947265625 0.1005859375
26 0.18994140625 0.47607421875 0.0947265625 0.0966796875
16 0.33251953125 0.478515625 0.0947265625 0.1015625
12 0.47509765625 0.474609375 0.0947265625 0.09375
14 0.61865234375 0.47021484375 0.0947265625 0.0849609375
4 0.76123046875 0.48046875 0.0947265625 0.10546875
8 0.90380859375 0.4755859375 0.0947265625 0.095703125
27 0.04736328125 0.6220703125 0.0947265625 0.1015625
7 0.18994140625 0.615234375 0.0947265625 0.087890625
9 0.33251953125 0.61376953125 0.0947265625 0.0849609375
4 0.47509765625 0.61376953125 0.0947265625 0.0849609375
18 0.61865234375 0.626953125 0.0947265625 0.111328125
27 0.76123046875 0.60888671875 0.0947265625 0.0751953125
20 0.90380859375 0.61083984375 0.0947265625 0.0791015625
7 0.04736328125 0.7607421875 0.0947265625 0.09375
15 0.18994140625 0.76513671875 0.0947265625 0.1025390625
10 0.33251953125 0.75048828125 0.0947265625 0.0732421875
20 0.47509765625 0.75830078125 0.0947265625 0.0888671875
7 0.61865234375 0.76123046875 0.0947265625 0.0947265625
19 0.76123046875 0.75146484375 0.0947265625 0.0751953125
3 0.90380859375 0.763671875 0.0947265625 0.099609375
33 0.04736328125 0.90673828125 0.0947265625 0.1005859375
30 0.18994140625 0.9111328125 0.0947265625 0.109375
28 0.33251953125 0.896484375 0.0947265625 0.080078125
32 0.47509765625 0.91015625 0.0947265625 0.107421875
20 0.61865234375 0.89599609375 0.0947265625 0.0791015625
20 0.76123046875 0.89501953125 0.0947265625 0.0771484375
28 0.90380859375 0.89404296875 0.0947265625 0.0751953125
