4 0.04736328125 0.03857421875 0.0947265625 0.0771484375
1 0.18994140625 0.046875 0.0947265625 0.09375
3 0.33251953125 0.0439453125 0.0947265625 0.087890625
23 0.47509765625 0.0380859375 0.0947265625 0.076171875
5 0.61865234375 0.03759765625 0.0947265625 0.0751953125
22 0.76123046875 0.04150390625 0.0947265625 0.0830078125
26 0.90380859375 0.05810546875 0.0947265625 0.1162109375
14 0.04736328125 0.19091796875 0.0947265625 0.0966796875
31 0.18994140625 0.1982421875 0.0947265625 0.111328125
20 0.33251953125 0.1982421875 0.0947265625 0.111328125
8 0.47509765625 0.18408203125 0.0947265625 0.0830078125
32 0.61865234375 0.18701171875 0.0947265625 0.0888671875
27 0.76123046875 0.185546875 0.0947265625 0.0859375
18 0.90380859375 0.18994140625 0.0947265625 0.0947265625
2 0.04736328125 0.33203125 0.0947265625 0.09375
28 0.18994140625 0.330078125 0.0947265625 0.08984375
4 0.33251953125 0.3486328125 0.0947265625 0.126953125
15 0.47509765625 0.34033203125 0.0947265625 0.1103515625
10 0.61865234375 0.32275390625 0.0947265625 0.0751953125
24 0.76123046875 0.3203125 0.0947265625 0.0703125
4 0.90380859375 0.3330078125 0.0947265625 0.095703125
23 0.04736328125 0.46630859375 0.0947265625 0.0771484375
30 0.18994140625 0.47265625 0.0947265625 0.08984375
24 0.33251953125 0.466796875 0.0947265625 0.078125
2 0.47509765625 0.46533203125 0.0947265625 0.0751953125
20 0.61865234375 0.4833984375 0.0947265625 0.111328125
28 0.76123046875 0.4697265625 0.0947265625 0.083984375
25 0.90380859375 0.474609375 0.0947265625 0.09375
9 0.04736328125 0.6123046875 0.0947265625 0.08203125
32 0.18994140625 0.62255859375 0.0947265625 0.1025390625
8 0.33251953125 0.623046875 0.0947265625 0.103515625
22 0.47509765625 0.62451171875 0.0947265625 0.1064453125
30 0.61865234375 0.63330078125 0.0947265625 0.1240234375
14 0.76123046875 0.6240234375 0.0947265625 0.10546875
29 0.90380859375 0.62841796875 0.0947265625 0.1142578125
19 0.04736328125 0.76953125 0.0947265625 0.111328125
33 0.18994140625 0.7607421875 0.0947265625 0.09375
15 0.33251953125 0.765625 0.0947265625 0.103515625
24 0.47509765625 0.75244140625 0.0947265625 0.0771484375
17 0.61865234375 0.75439453125 0.0947265625 0.0810546875
7 0.76123046875 0.76416015625 0.0947265625 0.1005859375
11 0.90380859375 0.7578125 0.0947265625 0.087890625
19 0.04736328125 0.912109375 0.0947265625 0.111328125
30 0.18994140625 0.89306640625 0.0947265625 0.0732421875
33 0.33251953125 0.9189453125 0.0947265625 0.125
29 0.47509765625 0.89794921875 0.0947265625 0.0830078125
28 0.61865234375 0.9052734375 0.0947265625 0.09765625
24 0.76123046875 0.89794921875 0.0947265625 0.0830078125
19 0.90380859375 0.892578125 0.0947265625 0.072265625
