8 0.0830078125 0.0830078125 0.166015625 0.166015625
2 0.3330078125 0.1083984375 0.166015625 0.216796875
29 0.5830078125 0.10205078125 0.166015625 0.2041015625
6 0.8330078125 0.08447265625 0.166015625 0.1689453125
22 0.0830078125 0.349609375 0.166015625 0.19921875
26 0.3330078125 0.32666015625 0.166015625 0.1533203125
19 0.5830078125 0.345703125 0.166015625 0.19140625
18 0.8330078125 0.345703125 0.166015625 0.19140625
33 0.0830078125 0.603515625 0.166015625 0.20703125
30 0.3330078125 0.58447265625 0.166015625 0.1689453125
21 0.5830078125 0.5791015625 0.166015625 0.158203125
16 0.8330078125 0.58642578125 0.166015625 0.1728515625
13 0.0830078125 0.830078125 0.166015625 0.16015625
22 0.3330078125 0.837890625 0.166015625 0.17578125
11 0.5830078125 0.85986328125 0.166015625 0.2197265625
8 0.8330078125 0.822265625 0.166015625 0.14453125
