0 0.05517578125 0.0537109375 0.1103515625 0.107421875
1 0.22119140625 0.0439453125 0.1103515625 0.087890625
32 0.38818359375 0.0537109375 0.1103515625 0.107421875
5 0.55517578125 0.0478515625 0.1103515625 0.095703125
21 0.72119140625 0.0712890625 0.1103515625 0.142578125
31 0.88818359375 0.04248046875 0.1103515625 0.0849609375
9 0.05517578125 0.2294921875 0.1103515625 0.126953125
11 0.22119140625 0.2255859375 0.1103515625 0.119140625
13 0.38818359375 0.22509765625 0.1103515625 0.1181640625
13 0.55517578125 0.2099609375 0.1103515625 0.087890625
33 0.72119140625 0.22705078125 0.1103515625 0.1220703125
4 0.88818359375 0.208984375 0.1103515625 0.0859375
24 0.05517578125 0.380859375 0.1103515625 0.095703125
5 0.22119140625 0.39208984375 0.1103515625 0.1181640625
22 0.38818359375 0.396484375 0.1103515625 0.126953125
31 0.55517578125 0.39501953125 0.1103515625 0.1240234375
19 0.72119140625 0.3818359375 0.1103515625 0.09765625
29 0.88818359375 0.384765625 0.1103515625 0.103515625
10 0.05517578125 0.5615234375 0.1103515625 0.123046875
30 0.22119140625 0.5673828125 0.1103515625 0.134765625
5 0.38818359375 0.56201171875 0.1103515625 0.1240234375
13 0.55517578125 0.5498046875 0.1103515625 0.099609375
7 0.72119140625 0.5478515625 0.1103515625 0.095703125
30 0.88818359375 0.5654296875 0.1103515625 0.130859375
6 0.05517578125 0.720703125 0.1103515625 0.109375
4 0.22119140625 0.7158203125 0.1103515625 0.099609375
26 0.38818359375 0.7275390625 0.1103515625 0.123046875
30 0.55517578125 0.72509765625 0.1103515625 0.1181640625
29 0.72119140625 0.71044921875 0.1103515625 0.0888671875
22 0.88818359375 0.73193359375 0.1103515625 0.1318359375
16 0.05517578125 0.89306640625 0.1103515625 0.1201171875
21 0.22119140625 0.89453125 0.1103515625 0.123046875
3 0.38818359375 0.876953125 0.1103515625 0.087890625
5 0.55517578125 0.8798828125 0.1103515625 0.09375
12 0.72119140625 0.89990234375 0.1103515625 0.1337890625
20 0.88818359375 0.884765625 0.1103515625 0.103515625
