13 0.06640625 0.0537109375 0.1328125 0.107421875
33 0.265625 0.05859375 0.1328125 0.1171875
22 0.4658203125 0.05712890625 0.1328125 0.1142578125
8 0.666015625 0.05859375 0.1328125 0.1171875
4 0.8662109375 0.0634765625 0.1328125 0.126953125
7 0.06640625 0.28173828125 0.1328125 0.1650390625
9 0.265625 0.28759765625 0.1328125 0.1767578125
0 0.4658203125 0.25244140625 0.1328125 0.1064453125
5 0.666015625 0.2578125 0.1328125 0.1171875
10 0.8662109375 0.25634765625 0.1328125 0.1142578125
17 0.06640625 0.4833984375 0.1328125 0.16796875
13 0.265625 0.45751953125 0.1328125 0.1162109375
1 0.4658203125 0.474609375 0.1328125 0.150390625
16 0.666015625 0.466796875 0.1328125 0.134765625
16 0.8662109375 0.46044921875 0.1328125 0.1220703125
1 0.06640625 0.666015625 0.1328125 0.1328125
9 0.265625 0.6669921875 0.1328125 0.134765625
0 0.4658203125 0.66796875 0.1328125 0.13671875
29 0.666015625 0.6591796875 0.1328125 0.119140625
3 0.8662109375 0.6640625 0.1328125 0.12890625
21 0.06640625 0.8662109375 0.1328125 0.1328125
6 0.265625 0.857421875 0.1328125 0.115234375
21 0.4658203125 0.85107421875 0.1328125 0.1025390625
33 0.666015625 0.869140625 0.1328125 0.138671875
11 0.8662109375 0.8642578125 0.1328125 0.12890625
