16 0.0830078125 0.10498046875 0.166015625 0.2099609375
12 0.3330078125 0.091796875 0.166015625 0.18359375
7 0.5830078125 0.080078125 0.166015625 0.16015625
32 0.8330078125 0.06591796875 0.166015625 0.1318359375
17 0.0830078125 0.31591796875 0.166015625 0.1318359375
29 0.3330078125 0.3212890625 0.166015625 0.142578125
0 0.5830078125 0.328125 0.166015625 0.15625
13 0.8330078125 0.3330078125 0.166015625 0.166015625
12 0.0830078125 0.5888671875 0.166015625 0.177734375
14 0.3330078125 0.5869140625 0.166015625 0.173828125
11 0.5830078125 0.59326171875 0.166015625 0.1865234375
11 0.8330078125 0.568359375 0.166015625 0.13671875
1 0.0830078125 0.837890625 0.166015625 0.17578125
5 0.3330078125 0.81787109375 0.166015625 0.1357421875
5 0.5830078125 0.83251953125 0.166015625 0.1650390625
15 0.8330078125 0.83349609375 0.166015625 0.1669921875
