6 0.0830078125 0.08740234375 0.166015625 0.1748046875
26 0.3330078125 0.1005859375 0.166015625 0.201171875
31 0.5830078125 0.06884765625 0.166015625 0.1376953125
23 0.8330078125 0.06201171875 0.166015625 0.1240234375
14 0.0830078125 0.31298828125 0.166015625 0.1259765625
18 0.3330078125 0.35205078125 0.166015625 0.2041015625
28 0.5830078125 0.3486328125 0.166015625 0.197265625
5 0.8330078125 0.3291015625 0.166015625 0.158203125
16 0.0830078125 0.5673828125 0.166015625 0.134765625
30 0.3330078125 0.5830078125 0.166015625 0.166015625
23 0.5830078125 0.59130859375 0.166015625 0.1826171875
2 0.8330078125 0.5634765625 0.166015625 0.126953125
32 0.0830078125 0.83447265625 0.166015625 0.1689453125
31 0.3330078125 0.8173828125 0.166015625 0.134765625
32 0.5830078125 0.82275390625 0.166015625 0.1455078125
4 0.8330078125 0.81591796875 0.166015625 0.1318359375
