4 0.05517578125 0.06494140625 0.1103515625 0.1298828125
32 0.22119140625 0.0654296875 0.1103515625 0.130859375
9 0.38818359375 0.0478515625 0.1103515625 0.095703125
32 0.55517578125 0.05615234375 0.1103515625 0.1123046875
27 0.72119140625 0.046875 0.1103515625 0.09375
13 0.88818359375 0.07421875 0.1103515625 0.1484375
2 0.05517578125 0.23681640625 0.1103515625 0.1416015625
21 0.22119140625 0.22705078125 0.1103515625 0.1220703125
24 0.38818359375 0.2275390625 0.1103515625 0.123046875
8 0.55517578125 0.22802734375 0.1103515625 0.1240234375
12 0.72119140625 0.216796875 0.1103515625 0.1015625
20 0.88818359375 0.2275390625 0.1103515625 0.123046875
24 0.05517578125 0.384765625 0.1103515625 0.103515625
6 0.22119140625 0.38134765625 0.1103515625 0.0966796875
3 0.38818359375 0.38916015625 0.1103515625 0.1123046875
4 0.55517578125 0.38720703125 0.1103515625 0.1083984375
5 0.72119140625 0.39990234375 0.1103515625 0.1337890625
16 0.88818359375 0.38916015625 0.1103515625 0.1123046875
28 0.05517578125 0.56103515625 0.1103515625 0.1220703125
26 0.22119140625 0.56396484375 0.1103515625 0.1279296875
14 0.38818359375 0.54443359375 0.1103515625 0.0888671875
27 0.55517578125 0.55908203125 0.1103515625 0.1181640625
30 0.72119140625 0.55615234375 0.1103515625 0.1123046875
33 0.88818359375 0.55517578125 0.1103515625 0.1103515625
10 0.05517578125 0.7294921875 0.1103515625 0.126953125
16 0.22119140625 0.7138671875 0.1103515625 0.095703125
15 0.38818359375 0.734375 0.1103515625 0.13671875
7 0.55517578125 0.7109375 0.1103515625 0.08984375
28 0.72119140625 0.72509765625 0.1103515625 0.1181640625
29 0.88818359375 0.716796875 0.1103515625 0.1015625
6 0.05517578125 0.880859375 0.1103515625 0.095703125
21 0.22119140625 0.9013671875 0.1103515625 0.13671875
23 0.38818359375 0.8828125 0.1103515625 0.099609375
7 0.55517578125 0.87548828125 0.1103515625 0.0849609375
17 0.72119140625 0.90380859375 0.1103515625 0.1416015625
24 0.88818359375 0.87744140625 0.1103515625 0.0888671875
