14 0.04150390625 0.0517578125 0.0830078125 0.103515625
9 0.16650390625 0.04296875 0.0830078125 0.0859375
8 0.29150390625 0.04736328125 0.0830078125 0.0947265625
5 0.41650390625 0.03759765625 0.0830078125 0.0751953125
28 0.54150390625 0.0439453125 0.0830078125 0.087890625
18 0.66650390625 0.0419921875 0.0830078125 0.083984375
4 0.79150390625 0.05029296875 0.0830078125 0.1005859375
15 0.91650390625 0.04736328125 0.0830078125 0.0947265625
12 0.04150390625 0.15625 0.0830078125 0.0625
16 0.16650390625 0.17529296875 0.0830078125 0.1005859375
2 0.29150390625 0.1767578125 0.0830078125 0.103515625
29 0.41650390625 0.1640625 0.0830078125 0.078125
10 0.54150390625 0.1650390625 0.0830078125 0.080078125
4 0.66650390625 0.1650390625 0.0830078125 0.080078125
4 0.79150390625 0.1611328125 0.0830078125 0.072265625
4 0.91650390625 0.16796875 0.0830078125 0.0859375
8 0.04150390625 0.2861328125 0.0830078125 0.072265625
30 0.16650390625 0.2841796875 0.0830078125 0.068359375
23 0.29150390625 0.30078125 0.0830078125 0.1015625
21 0.41650390625 0.294921875 0.0830078125 0.08984375
11 0.54150390625 0.28466796875 0.0830078125 0.0693359375
30 0.66650390625 0.30078125 0.0830078125 0.1015625
28 0.79150390625 0.28564453125 0.0830078125 0.0712890625
19 0.91650390625 0.296875 0.0830078125 0.09375
2 0.04150390625 0.412109375 0.0830078125 0.07421875
0 0.16650390625 0.41650390625 0.0830078125 0.0830078125
27 0.29150390625 0.41162109375 0.0830078125 0.0732421875
9 0.41650390625 0.4111328125 0.0830078125 0.072265625
31 0.54150390625 0.416015625 0.0830078125 0.08203125
31 0.66650390625 0.41796875 0.0830078125 0.0859375
25 0.79150390625 0.421875 0.0830078125 0.09375
15 0.91650390625 0.4189453125 0.0830078125 0.087890625
14 0.04150390625 0.541015625 0.0830078125 0.08203125
31 0.16650390625 0.5478515625 0.0830078125 0.095703125
26 0.29150390625 0.5517578125 0.0830078125 0.103515625
30 0.41650390625 0.53857421875 0.0830078125 0.0771484375
28 0.54150390625 0.54150390625 0.0830078125 0.0830078125
5 0.66650390625 0.55078125 0.0830078125 0.1015625
29 0.79150390625 0.5419921875 0.0830078125 0.083984375
31 0.91650390625 0.53759765625 0.0830078125 0.0751953125
2 0.04150390625 0.66796875 0.0830078125 0.0859375
26 0.16650390625 0.66259765625 0.0830078125 0.0751953125
13 0.29150390625 0.66552734375 0.0830078125 0.0810546875
10 0.41650390625 0.66943359375 0.0830078125 0.0888671875
7 0.54150390625 0.66259765625 0.0830078125 0.0751953125
22 0.66650390625 0.6669921875 0.0830078125 0.083984375
11 0.79150390625 0.669921875 0.0830078125 0.08984375
23 0.91650390625 0.65673828125 0.0830078125 0.0634765625
7 0.04150390625 0.80029296875 0.0830078125 0.1005859375
8 0.16650390625 0.79150390625 0.0830078125 0.0830078125
16 0.29150390625 0.79931640625 0.0830078125 0.0986328125
19 0.41650390625 0.783203125 0.0830078125 0.06640625
22 0.54150390625 0.7880859375 0.0830078125 0.076171875
33 0.66650390625 0.79443359375 0.0830078125 0.0888671875
20 0.79150390625 0.79638671875 0.0830078125 0.0927734375
27 0.91650390625 0.79638671875 0.0830078125 0.0927734375
15 0.04150390625 0.91796875 0.0830078125 0.0859375
33 0.16650390625 0.91015625 0.0830078125 0.0703125
28 0.29150390625 0.91064453125 0.0830078125 0.0712890625
10 0.41650390625 0.912109375 0.0830078125 0.07421875
15 0.54150390625 0.91845703125 0.0830078125 0.0869140625
7 0.66650390625 0.90673828125 0.0830078125 0.0634765625
16 0.79150390625 0.9150390625 0.0830078125 0.080078125
3 0.91650390625 0.92919921875 0.0830078125 0.1083984375
