22 0.04150390625 0.04345703125 0.0830078125 0.0869140625
26 0.16650390625 0.0380859375 0.0830078125 0.076171875
22 0.29150390625 0.04052734375 0.0830078125 0.0810546875
29 0.41650390625 0.04150390625 0.0830078125 0.0830078125
14 0.54150390625 0.046875 0.0830078125 0.09375
26 0.66650390625 0.0400390625 0.0830078125 0.080078125
12 0.79150390625 0.04443359375 0.0830078125 0.0888671875
7 0.91650390625 0.0439453125 0.0830078125 0.087890625
14 0.04150390625 0.17578125 0.0830078125 0.1015625
24 0.16650390625 0.15625 0.0830078125 0.0625
3 0.29150390625 0.17138671875 0.0830078125 0.0927734375
15 0.41650390625 0.17431640625 0.0830078125 0.0986328125
10 0.54150390625 0.158203125 0.0830078125 0.06640625
3 0.66650390625 0.1572265625 0.0830078125 0.064453125
29 0.79150390625 0.1630859375 0.0830078125 0.076171875
25 0.91650390625 0.1611328125 0.0830078125 0.072265625
32 0.04150390625 0.29638671875 0.0830078125 0.0927734375
8 0.16650390625 0.2939453125 0.0830078125 0.087890625
12 0.29150390625 0.29443359375 0.0830078125 0.0888671875
14 0.41650390625 0.3017578125 0.0830078125 0.103515625
13 0.54150390625 0.29736328125 0.0830078125 0.0947265625
24 0.66650390625 0.29931640625 0.0830078125 0.0986328125
30 0.79150390625 0.3056640625 0.0830078125 0.111328125
29 0.91650390625 0.29443359375 0.0830078125 0.0888671875
28 0.04150390625 0.40673828125 0.0830078125 0.0634765625
24 0.16650390625 0.41259765625 0.0830078125 0.0751953125
33 0.29150390625 0.412109375 0.0830078125 0.07421875
24 0.41650390625 0.4228515625 0.0830078125 0.095703125
10 0.54150390625 0.42041015625 0.0830078125 0.0908203125
6 0.66650390625 0.423828125 0.0830078125 0.09765625
10 0.79150390625 0.41455078125 0.0830078125 0.0791015625
29 0.91650390625 0.41845703125 0.0830078125 0.0869140625
26 0.04150390625 0.54150390625 0.0830078125 0.0830078125
21 0.16650390625 0.5439453125 0.0830078125 0.087890625
7 0.29150390625 0.54296875 0.0830078125 0.0859375
16 0.41650390625 0.54931640625 0.0830078125 0.0986328125
24 0.54150390625 0.53515625 0.0830078125 0.0703125
13 0.66650390625 0.5322265625 0.0830078125 0.064453125
28 0.79150390625 0.544921875 0.0830078125 0.08984375
1 0.91650390625 0.53125 0.0830078125 0.0625
3 0.04150390625 0.658203125 0.0830078125 0.06640625
18 0.16650390625 0.6591796875 0.0830078125 0.068359375
18 0.29150390625 0.6689453125 0.0830078125 0.087890625
0 0.41650390625 0.66015625 0.0830078125 0.0703125
5 0.54150390625 0.66259765625 0.0830078125 0.0751953125
16 0.66650390625 0.666015625 0.0830078125 0.08203125
29 0.79150390625 0.66748046875 0.0830078125 0.0849609375
25 0.91650390625 0.67578125 0.0830078125 0.1015625
7 0.04150390625 0.79931640625 0.0830078125 0.0986328125
11 0.16650390625 0.78857421875 0.0830078125 0.0771484375
1 0.29150390625 0.78662109375 0.0830078125 0.0732421875
14 0.41650390625 0.7841796875 0.0830078125 0.068359375
32 0.54150390625 0.7978515625 0.0830078125 0.095703125
21 0.66650390625 0.79150390625 0.0830078125 0.0830078125
19 0.79150390625 0.78125 0.0830078125 0.0625
6 0.91650390625 0.79443359375 0.0830078125 0.0888671875
6 0.04150390625 0.9072265625 0.0830078125 0.064453125
14 0.16650390625 0.92578125 0.0830078125 0.1015625
7 0.29150390625 0.91650390625 0.0830078125 0.0830078125
3 0.41650390625 0.9091796875 0.0830078125 0.068359375
5 0.54150390625 0.916015625 0.0830078125 0.08203125
3 0.66650390625 0.90966796875 0.0830078125 0.0693359375
26 0.79150390625 0.923828125 0.0830078125 0.09765625
0 0.91650390625 0.9140625 0.0830078125 0.078125
