33 0.0830078125 0.064453125 0.166015625 0.12890625
31 0.3330078125 0.08349609375 0.166015625 0.1669921875
13 0.5830078125 0.07373046875 0.166015625 0.1474609375
27 0.8330078125 0.0908203125 0.166015625 0.181640625
26 0.0830078125 0.33447265625 0.166015625 0.1689453125
21 0.3330078125 0.349609375 0.166015625 0.19921875
28 0.5830078125 0.33740234375 0.166015625 0.1748046875
11 0.8330078125 0.35986328125 0.166015625 0.2197265625
24 0.0830078125 0.5810546875 0.166015625 0.162109375
26 0.3330078125 0.59326171875 0.166015625 0.1865234375
21 0.5830078125 0.60205078125 0.166015625 0.2041015625
33 0.8330078125 0.57958984375 0.166015625 0.1591796875
31 0.0830078125 0.81689453125 0.166015625 0.1337890625
27 0.3330078125 0.81884765625 0.166015625 0.1376953125
4 0.5830078125 0.83447265625 0.166015625 0.1689453125
11 0.8330078125 0.82763671875 0.166015625 0.1552734375
