0 0.04150390625 0.04150390625 0.0830078125 0.0830078125
1 0.16650390625 0.04150390625 0.0830078125 0.0830078125
10 0.29150390625 0.04931640625 0.0830078125 0.0986328125
2 0.41650390625 0.03564453125 0.0830078125 0.0712890625
0 0.54150390625 0.05322265625 0.0830078125 0.1064453125
27 0.66650390625 0.041015625 0.0830078125 0.08203125
32 0.79150390625 0.04296875 0.0830078125 0.0859375
10 0.91650390625 0.04736328125 0.0830078125 0.0947265625
23 0.04150390625 0.16748046875 0.0830078125 0.0849609375
7 0.16650390625 0.17138671875 0.0830078125 0.0927734375
27 0.29150390625 0.17236328125 0.0830078125 0.0947265625
28 0.41650390625 0.16064453125 0.0830078125 0.0712890625
9 0.54150390625 0.16455078125 0.0830078125 0.0791015625
23 0.66650390625 0.16650390625 0.0830078125 0.0830078125
3 0.79150390625 0.158203125 0.0830078125 0.06640625
24 0.91650390625 0.16650390625 0.0830078125 0.0830078125
9 0.04150390625 0.3017578125 0.0830078125 0.103515625
28 0.16650390625 0.283203125 0.0830078125 0.06640625
10 0.29150390625 0.2978515625 0.0830078125 0.095703125
26 0.41650390625 0.29052734375 0.0830078125 0.0810546875
23 0.54150390625 0.30029296875 0.0830078125 0.1005859375
9 0.66650390625 0.29638671875 0.0830078125 0.0927734375
20 0.79150390625 0.29150390625 0.0830078125 0.0830078125
19 0.91650390625 0.294921875 0.0830078125 0.08984375
24 0.04150390625 0.41650390625 0.0830078125 0.0830078125
1 0.16650390625 0.41357421875 0.0830078125 0.0771484375
6 0.29150390625 0.40625 0.0830078125 0.0625
7 0.41650390625 0.408203125 0.0830078125 0.06640625
2 0.54150390625 0.4189453125 0.0830078125 0.087890625
5 0.66650390625 0.4140625 0.0830078125 0.078125
4 0.79150390625 0.42724609375 0.0830078125 0.1044921875
22 0.91650390625 0.42529296875 0.0830078125 0.1005859375
12 0.04150390625 0.53955078125 0.0830078125 0.0791015625
16 0.16650390625 0.55322265625 0.0830078125 0.1064453125
10 0.29150390625 0.55224609375 0.0830078125 0.1044921875
6 0.41650390625 0.53271484375 0.0830078125 0.0654296875
14 0.54150390625 0.54638671875 0.0830078125 0.0927734375
22 0.66650390625 0.55078125 0.0830078125 0.1015625
20 0.79150390625 0.54296875 0.0830078125 0.0859375
27 0.91650390625 0.5400390625 0.0830078125 0.080078125
24 0.04150390625 0.6630859375 0.0830078125 0.076171875
7 0.16650390625 0.67529296875 0.0830078125 0.1005859375
28 0.29150390625 0.66796875 0.0830078125 0.0859375
15 0.41650390625 0.66357421875 0.0830078125 0.0771484375
13 0.54150390625 0.6640625 0.0830078125 0.078125
30 0.66650390625 0.666015625 0.0830078125 0.08203125
17 0.79150390625 0.6640625 0.0830078125 0.078125
22 0.91650390625 0.65966796875 0.0830078125 0.0693359375
3 0.04150390625 0.79638671875 0.0830078125 0.0927734375
8 0.16650390625 0.79150390625 0.0830078125 0.0830078125
26 0.29150390625 0.79931640625 0.0830078125 0.0986328125
3 0.41650390625 0.7890625 0.0830078125 0.078125
33 0.54150390625 0.7841796875 0.0830078125 0.068359375
15 0.66650390625 0.796875 0.0830078125 0.09375
10 0.79150390625 0.79541015625 0.0830078125 0.0908203125
13 0.91650390625 0.7880859375 0.0830078125 0.076171875
6 0.04150390625 0.9150390625 0.0830078125 0.080078125
18 0.16650390625 0.91455078125 0.0830078125 0.0791015625
27 0.29150390625 0.9130859375 0.0830078125 0.076171875
8 0.41650390625 0.9091796875 0.0830078125 0.068359375
14 0.54150390625 0.90625 0.0830078125 0.0625
31 0.66650390625 0.9140625 0.0830078125 0.078125
11 0.79150390625 0.91552734375 0.0830078125 0.0810546875
15 0.91650390625 0.90869140625 0.0830078125 0.0673828125
