27 0.06640625 0.0576171875 0.1328125 0.115234375
24 0.265625 0.07568359375 0.1328125 0.1513671875
33 0.4658203125 0.0751953125 0.1328125 0.150390625
9 0.666015625 0.064453125 0.1328125 0.12890625
21 0.8662109375 0.06005859375 0.1328125 0.1201171875
19 0.06640625 0.2666015625 0.1328125 0.134765625
2 0.265625 0.2744140625 0.1328125 0.150390625
5 0.4658203125 0.26513671875 0.1328125 0.1318359375
6 0.666015625 0.2548828125 0.1328125 0.111328125
12 0.8662109375 0.25439453125 0.1328125 0.1103515625
6 0.06640625 0.45556640625 0.1328125 0.1123046875
14 0.265625 0.46044921875 0.1328125 0.1220703125
2 0.4658203125 0.46142578125 0.1328125 0.1240234375
2 0.666015625 0.466796875 0.1328125 0.134765625
14 0.8662109375 0.48779296875 0.1328125 0.1767578125
19 0.06640625 0.658203125 0.1328125 0.1171875
10 0.265625 0.66845703125 0.1328125 0.1376953125
5 0.4658203125 0.6640625 0.1328125 0.12890625
33 0.666015625 0.677734375 0.1328125 0.15625
6 0.8662109375 0.6640625 0.1328125 0.12890625
14 0.06640625 0.86865234375 0.1328125 0.1376953125
25 0.265625 0.875 0.1328125 0.150390625
4 0.4658203125 0.865234375 0.1328125 0.130859375
3 0.666015625 0.8837890625 0.1328125 0.16796875
2 0.8662109375 0.87548828125 0.1328125 0.1513671875
