30 0.04150390625 0.04736328125 0.0830078125 0.0947265625
26 0.16650390625 0.037109375 0.0830078125 0.07421875
11 0.29150390625 0.033203125 0.0830078125 0.06640625
9 0.41650390625 0.0361328125 0.0830078125 0.072265625
32 0.54150390625 0.0341796875 0.0830078125 0.068359375
26 0.66650390625 0.05322265625 0.0830078125 0.1064453125
2 0.79150390625 0.0341796875 0.0830078125 0.068359375
22 0.91650390625 0.05224609375 0.0830078125 0.1044921875
23 0.04150390625 0.16845703125 0.0830078125 0.0869140625
21 0.16650390625 0.17041015625 0.0830078125 0.0908203125
13 0.29150390625 0.16796875 0.0830078125 0.0859375
28 0.41650390625 0.162109375 0.0830078125 0.07421875
12 0.54150390625 0.1728515625 0.0830078125 0.095703125
7 0.66650390625 0.1767578125 0.0830078125 0.103515625
20 0.79150390625 0.1650390625 0.0830078125 0.080078125
8 0.91650390625 0.16845703125 0.0830078125 0.0869140625
18 0.04150390625 0.29052734375 0.0830078125 0.0810546875
19 0.16650390625 0.3017578125 0.0830078125 0.103515625
12 0.29150390625 0.30029296875 0.0830078125 0.1005859375
20 0.41650390625 0.28564453125 0.0830078125 0.0712890625
21 0.54150390625 0.2880859375 0.0830078125 0.076171875
32 0.66650390625 0.2900390625 0.0830078125 0.080078125
18 0.79150390625 0.296875 0.0830078125 0.09375
12 0.91650390625 0.29736328125 0.0830078125 0.0947265625
24 0.04150390625 0.42578125 0.0830078125 0.1015625
10 0.16650390625 0.4072265625 0.0830078125 0.064453125
32 0.29150390625 0.4150390625 0.0830078125 0.080078125
13 0.41650390625 0.412109375 0.0830078125 0.07421875
32 0.54150390625 0.42041015625 0.0830078125 0.0908203125
0 0.66650390625 0.4091796875 0.0830078125 0.068359375
17 0.79150390625 0.4150390625 0.0830078125 0.080078125
3 0.91650390625 0.4150390625 0.0830078125 0.080078125
6 0.04150390625 0.533203125 0.0830078125 0.06640625
27 0.16650390625 0.54931640625 0.0830078125 0.0986328125
28 0.29150390625 0.54150390625 0.0830078125 0.0830078125
25 0.41650390625 0.54736328125 0.0830078125 0.0947265625
29 0.54150390625 0.53271484375 0.0830078125 0.0654296875
10 0.66650390625 0.5517578125 0.0830078125 0.103515625
19 0.79150390625 0.5341796875 0.0830078125 0.068359375
20 0.91650390625 0.54638671875 0.0830078125 0.0927734375
12 0.04150390625 0.6591796875 0.0830078125 0.068359375
6 0.16650390625 0.65771484375 0.0830078125 0.0654296875
29 0.29150390625 0.67529296875 0.0830078125 0.1005859375
1 0.41650390625 0.66162109375 0.0830078125 0.0732421875
26 0.54150390625 0.6640625 0.0830078125 0.078125
27 0.66650390625 0.65771484375 0.0830078125 0.0654296875
4 0.79150390625 0.669921875 0.0830078125 0.08984375
5 0.91650390625 0.662109375 0.0830078125 0.07421875
33 0.04150390625 0.7978515625 0.0830078125 0.095703125
31 0.16650390625 0.78759765625 0.0830078125 0.0751953125
20 0.29150390625 0.78515625 0.0830078125 0.0703125
10 0.41650390625 0.78125 0.0830078125 0.0625
17 0.54150390625 0.78125 0.0830078125 0.0625
20 0.66650390625 0.78515625 0.0830078125 0.0703125
9 0.79150390625 0.79443359375 0.0830078125 0.0888671875
26 0.91650390625 0.787109375 0.0830078125 0.07421875
20 0.04150390625 0.91162109375 0.0830078125 0.0732421875
20 0.16650390625 0.9189453125 0.0830078125 0.087890625
28 0.29150390625 0.91748046875 0.0830078125 0.0849609375
21 0.41650390625 0.908203125 0.0830078125 0.06640625
13 0.54150390625 0.90869140625 0.0830078125 0.0673828125
16 0.66650390625 0.91796875 0.0830078125 0.0859375
13 0.79150390625 0.9189453125 0.0830078125 0.087890625
31 0.91650390625 0.921875 0.0830078125 0.09375
