4 0.0830078125 0.0888671875 0.166015625 0.177734375
17 0.3330078125 0.08984375 0.166015625 0.1796875
31 0.5830078125 0.09326171875 0.166015625 0.1865234375
22 0.8330078125 0.087890625 0.166015625 0.17578125
1 0.0830078125 0.34521484375 0.166015625 0.1904296875
30 0.3330078125 0.31298828125 0.166015625 0.1259765625
17 0.5830078125 0.31884765625 0.166015625 0.1376953125
10 0.8330078125 0.31787109375 0.166015625 0.1357421875
12 0.0830078125 0.5986328125 0.166015625 0.197265625
21 0.3330078125 0.572265625 0.166015625 0.14453125
6 0.5830078125 0.59423828125 0.166015625 0.1884765625
17 0.8330078125 0.5693359375 0.166015625 0.138671875
30 0.0830078125 0.81689453125 0.166015625 0.1337890625
23 0.3330078125 0.853515625 0.166015625 0.20703125
27 0.5830078125 0.83447265625 0.166015625 0.1689453125
6 0.8330078125 0.841796875 0.166015625 0.18359375
