22 0.06640625 0.0517578125 0.1328125 0.103515625
25 0.265625 0.06982421875 0.1328125 0.1396484375
16 0.4658203125 0.0634765625 0.1328125 0.126953125
1 0.666015625 0.0576171875 0.1328125 0.115234375
15 0.8662109375 0.06689453125 0.1328125 0.1337890625
15 0.06640625 0.26904296875 0.1328125 0.1396484375
9 0.265625 0.27685546875 0.1328125 0.1552734375
15 0.4658203125 0.25537109375 0.1328125 0.1123046875
24 0.666015625 0.265625 0.1328125 0.1328125
15 0.8662109375 0.25048828125 0.1328125 0.1025390625
27 0.06640625 0.458984375 0.1328125 0.119140625
30 0.265625 0.4775390625 0.1328125 0.15625
29 0.4658203125 0.4814453125 0.1328125 0.1640625
18 0.666015625 0.466796875 0.1328125 0.134765625
10 0.8662109375 0.4560546875 0.1328125 0.11328125
13 0.06640625 0.65234375 0.1328125 0.10546875
4 0.265625 0.68798828125 0.1328125 0.1767578125
31 0.4658203125 0.68603515625 0.1328125 0.1728515625
7 0.666015625 0.67333984375 0.1328125 0.1474609375
8 0.8662109375 0.6513671875 0.1328125 0.103515625
3 0.06640625 0.869140625 0.1328125 0.138671875
25 0.265625 0.86865234375 0.1328125 0.1376953125
2 0.4658203125 0.884765625 0.1328125 0.169921875
8 0.666015625 0.8681640625 0.1328125 0.13671875
26 0.8662109375 0.865234375 0.1328125 0.130859375
