24 0.0830078125 0.078125 0.166015625 0.15625
13 0.3330078125 0.06591796875 0.166015625 0.1318359375
25 0.5830078125 0.07373046875 0.166015625 0.1474609375
19 0.8330078125 0.1083984375 0.166015625 0.216796875
8 0.0830078125 0.353515625 0.166015625 0.20703125
30 0.3330078125 0.3388671875 0.166015625 0.177734375
19 0.5830078125 0.31884765625 0.166015625 0.1376953125
7 0.8330078125 0.3251953125 0.166015625 0.150390625
14 0.0830078125 0.57275390625 0.166015625 0.1455078125
20 0.3330078125 0.5830078125 0.166015625 0.166015625
16 0.5830078125 0.5703125 0.166015625 0.140625
11 0.8330078125 0.59326171875 0.166015625 0.1865234375
10 0.0830078125 0.82666015625 0.166015625 0.1533203125
10 0.3330078125 0.8251953125 0.166015625 0.150390625
16 0.5830078125 0.82470703125 0.166015625 0.1494140625
25 0.8330078125 0.81396484375 0.166015625 0.1279296875
