25 0.81953125 0.30078125 0.0859375 0.103125
27 0.8140625 0.43984375 0.103125 0.1046875
36 0.7625 0.47890625 0.10625 0.1140625
10 0.67265625 0.49765625 0.075 0.1015625
23 0.6015625 0.4953125 0.071875 0.1
26 0.53203125 0.49140625 0.0671875 0.1015625
19 0.46171875 0.49375 0.0734375 0.1
26 0.3890625 0.496875 0.071875 0.1
13 0.315625 0.4953125 0.071875 0.103125
7 0.24140625 0.49375 0.0734375 0.103125
13 0.3765625 0.3234375 0.096875 0.078125
25 0.14296875 0.51328125 0.1203125 0.115625
27 0.09453125 0.56484375 0.1296875 0.1171875
17 0.9515625 0.71484375 0.075 0.1015625
36 0.8796875 0.70859375 0.071875 0.0984375
31 0.796875 0.7078125 0.0875 0.103125