6 0.65078125 0.21171875 0.1359375 0.1203125
7 0.515625 0.165625 0.14375 0.09375
8 0.56484375 0.24375 0.1296875 0.121875
16 0.47734375 0.2734375 0.1328125 0.121875
18 0.38515625 0.29453125 0.13125 0.1234375
20 0.1953125 0.353125 0.1625 0.1125
19 0.89453125 0.3609375 0.1453125 0.090625
21 0.75703125 0.359375 0.1390625 0.09375
4 0.63359375 0.3796875 0.1234375 0.121875
13 0.53984375 0.4 0.1234375 0.11875
20 0.8 0.5671875 0.115625 0.115625
27 0.6890625 0.56328125 0.11875 0.1171875
15 0.57890625 0.56015625 0.1140625 0.1109375
24 0.47421875 0.5609375 0.115625 0.109375
11 0.31015625 0.609375 0.1328125 0.121875
32 0.20546875 0.62734375 0.1234375 0.1265625
37 0.10078125 0.6484375 0.11875 0.11875