17 0.73828125 0.1296875 0.1671875 0.175
5 0.74453125 0.2875 0.1640625 0.165625
29 0.72890625 0.44453125 0.1515625 0.1484375
12 0.72734375 0.59140625 0.1453125 0.1421875
31 0.45859375 0.12109375 0.203125 0.128125
27 0.45390625 0.2375 0.1984375 0.11875
23 0.4609375 0.353125 0.196875 0.109375
23 0.47578125 0.4609375 0.1890625 0.10625
24 0.4734375 0.5640625 0.1875 0.1
4 0.17265625 0.1796875 0.2078125 0.1125
37 0.196875 0.28984375 0.203125 0.1046875
28 0.19921875 0.39609375 0.203125 0.0984375
18 0.21015625 0.49765625 0.2 0.1015625
20 0.37421875 0.71484375 0.215625 0.16875
35 0.6640625 0.91484375 0.21875 0.1703125
19 0.5609375 0.85 0.209375 0.175
9 0.465625 0.78203125 0.2125 0.1765625