6 0.69140625 0.56953125 0.1546875 0.153125
27 0.7171875 0.4359375 0.15625 0.146875
15 0.72734375 0.29140625 0.1515625 0.1515625
0 0.6 0.25859375 0.11875 0.1953125
36 0.52578125 0.56953125 0.146875 0.1546875
16 0.453125 0.74453125 0.14375 0.1765625
10 0.496875 0.44453125 0.15 0.1515625
19 0.47265625 0.31328125 0.15 0.1609375
27 0.31796875 0.60390625 0.1359375 0.1953125
4 0.39296875 0.5328125 0.1390625 0.203125
21 0.2109375 0.52734375 0.140625 0.1953125
17 0.33828125 0.38125 0.1515625 0.2
30 0.30703125 0.21953125 0.15625 0.184375