23 0.9515625 0.31484375 0.084375 0.096875
9 0.96171875 0.52109375 0.0765625 0.0953125
17 0.86171875 0.55703125 0.1109375 0.1015625
20 0.7609375 0.53984375 0.090625 0.1109375
12 0.759375 0.6953125 0.06875 0.1
12 0.68984375 0.70078125 0.0734375 0.1046875
14 0.5828125 0.77734375 0.08125 0.1140625
24 0.49140625 0.7734375 0.0984375 0.090625
16 0.4078125 0.76953125 0.090625 0.1203125
15 0.315625 0.75390625 0.096875 0.0890625
27 0.228125 0.7609375 0.075 0.109375
19 0.15703125 0.76171875 0.0734375 0.1109375
28 0.05703125 0.76640625 0.1140625 0.0953125
36 0.59609375 0.52265625 0.0671875 0.1015625
6 0.5296875 0.52421875 0.06875 0.1015625
37 0.4609375 0.525 0.06875 0.10625
2 0.390625 0.52578125 0.06875 0.1046875
0 0.3203125 0.5296875 0.071875 0.103125
24 0.23671875 0.53359375 0.0953125 0.0828125
21 0.1 0.5296875 0.10625 0.084375
4 0.2359375 0.27890625 0.0875 0.1015625
8 0.153125 0.27734375 0.084375 0.1078125