36 0.221875 0.4359375 0.20859375 0.153125
20 0.3375 0.390625 0.19609375 0.146875
37 0.46640625 0.271875 0.13828125 0.128125
6 0.134375 0.62109375 0.16640625 0.14375
23 0.26640625 0.6390625 0.15859375 0.14296875
23 0.4 0.6734375 0.1421875 0.13671875
11 0.53203125 0.61171875 0.1390625 0.1296875
31 0.6546875 0.60234375 0.13203125 0.12578125
0 0.765625 0.58515625 0.14140625 0.1265625
31 0.803125 0.4609375 0.18828125 0.12578125
29 0.4953125 0.3921875 0.128125 0.12421875
25 0.6140625 0.41328125 0.12734375 0.1265625
4 0.5828125 0.26640625 0.13359375 0.128125
20 0.74921875 0.33671875 0.17265625 0.12265625