22 0.8609375 0.31953125 0.153125 0.1359375
25 0.8609375 0.4515625 0.15 0.1375
11 0.8625 0.5875 0.15 0.1375
31 0.8609375 0.72578125 0.153125 0.13125
35 0.73828125 0.3890625 0.1578125 0.14375
0 0.68828125 0.55234375 0.1203125 0.1890625
15 0.6875 0.715625 0.15 0.1375
7 0.6890625 0.8515625 0.15 0.140625
35 0.42109375 0.1375 0.1859375 0.24375
18 0.4984375 0.25625 0.175 0.2375
10 0.565625 0.3765625 0.16875 0.23125
23 0.465625 0.47890625 0.175 0.2359375
4 0.3640625 0.35859375 0.184375 0.2453125
2 0.2828125 0.20390625 0.19375 0.2546875
6 0.4078125 0.87578125 0.184375 0.2328125
36 0.34375 0.728125 0.18125 0.24375
21 0.24140625 0.609375 0.2046875 0.240625