37 0.7375 0.81796875 0.115625 0.1265625
21 0.60625 0.9140625 0.125 0.153125
15 0.62578125 0.81328125 0.1234375 0.1390625
34 0.6453125 0.71796875 0.121875 0.13125
6 0.6734375 0.603125 0.1125 0.115625
28 0.55859375 0.540625 0.1015625 0.1
1 0.559375 0.44765625 0.09375 0.0921875
9 0.565625 0.3546875 0.09375 0.090625
34 0.56328125 0.26640625 0.0921875 0.0859375
8 0.578125 0.09375 0.1 0.11875
7 0.44921875 0.66875 0.1203125 0.146875
4 0.38984375 0.4609375 0.1140625 0.159375
23 0.43984375 0.334375 0.1171875 0.134375