5 0.62734375 0.8390625 0.1640625 0.109375
37 0.68515625 0.72421875 0.1375 0.1234375
15 0.496875 0.81484375 0.1125 0.1265625
14 0.36484375 0.8296875 0.146875 0.096875
3 0.57109375 0.4453125 0.1609375 0.09375
28 0.80234375 0.4 0.1578125 0.13125
16 0.40078125 0.46484375 0.1734375 0.1125
22 0.60703125 0.60625 0.11875 0.121875
31 0.41796875 0.62890625 0.1625 0.1046875
7 0.33125 0.740625 0.1625 0.1125
12 0.16875 0.63203125 0.14375 0.1234375
27 0.27734375 0.5484375 0.1828125 0.121875
25 0.1609375 0.496875 0.1625 0.1375
30 0.5203125 0.33515625 0.128125 0.1234375
12 0.3 0.29296875 0.16875 0.0984375
21 0.8359375 0.61328125 0.14375 0.1265625