23 0.184375 0.38671875 0.175 0.14375
35 0.40859375 0.38671875 0.1765625 0.0984375
10 0.609375 0.30078125 0.18125 0.103125
7 0.78125 0.24453125 0.2 0.1328125
36 0.8296875 0.32578125 0.203125 0.1328125
26 0.5609375 0.40546875 0.13125 0.1234375
12 0.71484375 0.46640625 0.1765625 0.1515625
37 0.4171875 0.4984375 0.1375 0.128125
19 0.56875 0.5171875 0.178125 0.103125
34 0.88203125 0.51953125 0.1796875 0.1546875
17 0.16328125 0.51953125 0.1875 0.1484375
31 0.165625 0.675 0.184375 0.16875
20 0.3375 0.61484375 0.2125 0.1390625
27 0.5140625 0.640625 0.146875 0.140625
30 0.65703125 0.63671875 0.15625 0.1484375
4 0.784375 0.59140625 0.19375 0.1578125
0 0.33046875 0.76015625 0.1453125 0.146875
5 0.46875 0.7859375 0.140625 0.15
28 0.61015625 0.7859375 0.1453125 0.153125
34 0.74921875 0.7796875 0.146875 0.15