1 0.05078125 0.3484375 0.0984375 0.10625
8 0.1515625 0.34453125 0.096875 0.1046875
28 0.25859375 0.3453125 0.1046875 0.1125
6 0.36484375 0.34140625 0.1046875 0.109375
16 0.09921875 0.4921875 0.115625 0.1125
19 0.2265625 0.49765625 0.140625 0.0796875
20 0.35078125 0.50703125 0.1078125 0.1078125
31 0.45546875 0.48203125 0.1109375 0.1125
30 0.5625 0.4875 0.10625 0.10625
24 0.65625 0.37109375 0.16875 0.1296875
7 0.7359375 0.43359375 0.16875 0.1234375
21 0.803125 0.49140625 0.178125 0.1328125
10 0.88359375 0.5453125 0.1796875 0.13125
4 0.11953125 0.63046875 0.15 0.0859375
23 0.25390625 0.6234375 0.1109375 0.109375
27 0.38046875 0.64140625 0.1515625 0.0875