31 0.5328125 0.0671875 0.103125 0.11875
6 0.4734375 0.10234375 0.103125 0.1203125
15 0.41953125 0.1390625 0.1046875 0.11875
17 0.3640625 0.178125 0.103125 0.121875
27 0.28515625 0.33046875 0.090625 0.0703125
37 0.27578125 0.39453125 0.0921875 0.071875
33 0.28203125 0.46015625 0.0921875 0.0640625
23 0.28125 0.528125 0.09375 0.06875
27 0.27421875 0.59296875 0.0921875 0.0640625
29 0.2703125 0.65859375 0.090625 0.0609375
6 0.27265625 0.72734375 0.0921875 0.06875
34 0.27421875 0.79140625 0.0953125 0.06875
16 0.471875 0.2984375 0.090625 0.071875
35 0.4734375 0.36640625 0.090625 0.06875
24 0.471875 0.43515625 0.0875 0.0671875
21 0.47421875 0.50234375 0.0890625 0.0703125
19 0.47578125 0.56953125 0.090625 0.0671875
8 0.475 0.634375 0.084375 0.065625
19 0.47578125 0.70234375 0.0859375 0.06875
20 0.47734375 0.76953125 0.0875 0.0671875
36 0.4765625 0.8390625 0.090625 0.06875
12 0.47890625 0.903125 0.0875 0.06875
24 0.48046875 0.9671875 0.0890625 0.0625
28 0.70546875 0.32734375 0.0953125 0.0734375
14 0.70859375 0.39765625 0.0984375 0.0671875
25 0.7109375 0.46640625 0.103125 0.0671875
23 0.725 0.54296875 0.078125 0.0953125
20 0.7265625 0.63828125 0.078125 0.0953125
25 0.72109375 0.7171875 0.103125 0.071875