7 0.515625 0.28984375 0.0875 0.0734375
1 0.51328125 0.35390625 0.0875 0.0703125
11 0.51796875 0.4234375 0.0875 0.06875
16 0.303125 0.39296875 0.1125 0.103125
10 0.84140625 0.51484375 0.1015625 0.096875
7 0.11171875 0.5328125 0.0703125 0.090625
13 0.759375 0.4984375 0.065625 0.0875
14 0.69765625 0.52421875 0.0640625 0.0859375
32 0.63515625 0.52421875 0.0671875 0.0859375
10 0.57109375 0.5296875 0.0640625 0.084375
0 0.50625 0.53125 0.065625 0.0875
14 0.44375 0.534375 0.0625 0.0875
16 0.37890625 0.53046875 0.065625 0.0890625
11 0.3125 0.52578125 0.065625 0.0859375
18 0.246875 0.5359375 0.06875 0.0875
32 0.18046875 0.5375 0.0703125 0.090625