28 0.81953125 0.36875 0.0953125 0.171875
37 0.8015625 0.51640625 0.134375 0.1359375
2 0.8046875 0.64140625 0.14375 0.125
26 0.709375 0.4046875 0.146875 0.153125
16 0.6453125 0.08828125 0.15625 0.1765625
21 0.67734375 0.215625 0.1578125 0.18125
27 0.515625 0.16015625 0.153125 0.2234375
9 0.4296875 0.23515625 0.153125 0.2296875
10 0.340625 0.30234375 0.1625 0.2296875
20 0.24140625 0.37734375 0.1765625 0.2328125
37 0.52109375 0.4140625 0.1578125 0.20625
14 0.57109375 0.52578125 0.159375 0.2015625
32 0.6109375 0.64765625 0.1625 0.196875
17 0.56484375 0.86640625 0.1109375 0.1984375
33 0.3703125 0.5875 0.153125 0.15625
27 0.390625 0.7453125 0.165625 0.196875