12 0.21953125 0.684375 0.1359375 0.1875
17 0.23671875 0.5328125 0.1140625 0.184375
5 0.34375 0.82265625 0.1375 0.1390625
16 0.3578125 0.696875 0.1375 0.13125
2 0.33515625 0.54609375 0.0953125 0.1671875
24 0.3390625 0.40390625 0.134375 0.1234375
26 0.340625 0.2828125 0.125 0.121875
8 0.50859375 0.90390625 0.1421875 0.159375
1 0.50703125 0.7671875 0.1390625 0.159375
27 0.565625 0.64609375 0.140625 0.1515625
17 0.41953125 0.55703125 0.1015625 0.175
6 0.48046875 0.40703125 0.1515625 0.1921875
12 0.58671875 0.51875 0.1390625 0.153125
35 0.65 0.3859375 0.13125 0.140625
10 0.65 0.25625 0.13125 0.1375
34 0.59765625 0.12734375 0.1078125 0.1984375
19 0.6640625 0.8125 0.13125 0.21875
20 0.7296875 0.6625 0.153125 0.15625
37 0.7265625 0.5234375 0.146875 0.146875