5 0.109375 0.46171875 0.0671875 0.11640625
36 0.925 0.4671875 0.059375 0.1078125
1 0.8640625 0.46640625 0.0609375 0.11015625
5 0.80390625 0.46328125 0.059375 0.11015625
13 0.7453125 0.465625 0.06015625 0.10703125
22 0.684375 0.4671875 0.06171875 0.1109375
25 0.6234375 0.4640625 0.06328125 0.10859375
14 0.5609375 0.4640625 0.06015625 0.11171875
7 0.5 0.459375 0.0625 0.11171875
11 0.4375 0.45625 0.06328125 0.1125
16 0.37265625 0.4578125 0.065625 0.1125
0 0.30703125 0.45546875 0.065625 0.1109375
2 0.24140625 0.4578125 0.06171875 0.11484375
18 0.1765625 0.46015625 0.065625 0.11640625