4 0.4578125 0.1640625 0.184375 0.11796875
1 0.590625 0.11484375 0.171875 0.10546875
9 0.63203125 0.1890625 0.18203125 0.1109375
15 0.13828125 0.3578125 0.20078125 0.12734375
8 0.29140625 0.3015625 0.17265625 0.14375
19 0.46171875 0.25625 0.1765625 0.115625
21 0.6328125 0.284375 0.19140625 0.121875
9 0.75390625 0.37734375 0.15859375 0.1328125
5 0.17890625 0.45390625 0.20859375 0.14609375
36 0.353125 0.42578125 0.190625 0.13125
15 0.48515625 0.38125 0.1640625 0.13203125
8 0.63125 0.40390625 0.1578125 0.1390625
27 0.775 0.5015625 0.2078125 0.1390625
20 0.8296875 0.5875 0.221875 0.1515625
10 0.5 0.490625 0.19296875 0.128125
36 0.5796875 0.56875 0.20078125 0.13359375
7 0.33125 0.753125 0.159375 0.1546875
31 0.46953125 0.765625 0.15859375 0.1546875
29 0.60859375 0.77421875 0.15546875 0.15703125