26 0.66640625 0.16640625 0.1484375 0.146875
15 0.65234375 0.31875 0.1578125 0.15
20 0.65078125 0.4765625 0.1203125 0.184375
14 0.6609375 0.65 0.109375 0.1875
27 0.7984375 0.628125 0.153125 0.1515625
35 0.8015625 0.76796875 0.140625 0.1546875
21 0.67890625 0.8125 0.1140625 0.184375
19 0.5640625 0.69921875 0.128125 0.2015625
17 0.5515625 0.51015625 0.103125 0.18125
2 0.4484375 0.30390625 0.14375 0.1484375
15 0.2171875 0.221875 0.13125 0.215625
15 0.4203125 0.65859375 0.14375 0.15625
6 0.48515625 0.87109375 0.121875 0.1984375
20 0.259375 0.63125 0.18125 0.215625
11 0.23671875 0.4296875 0.1171875 0.20625