26 0.16640625 0.33359375 0.146875 0.14921875
15 0.31875 0.34765625 0.15078125 0.15703125
20 0.4765625 0.34921875 0.1859375 0.1203125
14 0.65 0.3390625 0.18671875 0.11015625
27 0.628125 0.2015625 0.1515625 0.15234375
35 0.76796875 0.1984375 0.15390625 0.140625
21 0.8125 0.32109375 0.18359375 0.11484375
19 0.69921875 0.4359375 0.20078125 0.12734375
17 0.51015625 0.4484375 0.18125 0.103125
2 0.30390625 0.5515625 0.1484375 0.14296875
15 0.221875 0.7828125 0.21640625 0.13125
15 0.65859375 0.5796875 0.15625 0.14453125
6 0.87109375 0.51484375 0.1984375 0.121875
20 0.63125 0.740625 0.21484375 0.18203125
11 0.4296875 0.76328125 0.20546875 0.1171875