16 0.18203125 0.34296875 0.1265625 0.1078125
17 0.1703125 0.459375 0.128125 0.125
9 0.365625 0.28046875 0.13203125 0.12890625
4 0.51953125 0.321875 0.13984375 0.12109375
1 0.7453125 0.3453125 0.1703125 0.12734375
11 0.63671875 0.4 0.16484375 0.13203125
19 0.30390625 0.40703125 0.1453125 0.12890625
27 0.121875 0.63359375 0.1453125 0.140625
34 0.346875 0.53203125 0.184375 0.11953125
23 0.4609375 0.421875 0.16484375 0.13984375
3 0.55234375 0.503125 0.1484375 0.13125
34 0.50546875 0.6015625 0.18984375 0.125
6 0.8125 0.49375 0.19609375 0.1421875
35 0.9109375 0.65390625 0.16875 0.14609375
28 0.7359375 0.6109375 0.19609375 0.15078125
6 0.65234375 0.71015625 0.19921875 0.153125
24 0.35390625 0.7046875 0.16875 0.15234375
20 0.4796875 0.71875 0.16171875 0.15