23 0.82578125 0.34453125 0.1296875 0.1203125
3 0.8328125 0.45234375 0.128125 0.1171875
12 0.6546875 0.2109375 0.125 0.121875
4 0.66171875 0.32421875 0.1234375 0.1234375
2 0.66796875 0.43203125 0.1203125 0.1234375
15 0.67265625 0.5375 0.1203125 0.11875
2 0.675 0.64453125 0.11875 0.1140625
4 0.496875 0.35703125 0.109375 0.1640625
29 0.515625 0.503125 0.103125 0.1625
16 0.53515625 0.65078125 0.0984375 0.1640625
13 0.253125 0.1109375 0.125 0.125
28 0.25625 0.23671875 0.125 0.1234375
34 0.26015625 0.35859375 0.1265625 0.1171875
26 0.27890625 0.56015625 0.1484375 0.1796875
25 0.33203125 0.6515625 0.1453125 0.178125
30 0.384375 0.73515625 0.14375 0.178125
36 0.4328125 0.82265625 0.1375 0.1765625
9 0.4875 0.89765625 0.13125 0.1828125