13 0.68984375 0.1703125 0.1390625 0.1375
10 0.7234375 0.30078125 0.109375 0.128125
37 0.70703125 0.43046875 0.1125 0.1296875
5 0.70625 0.5578125 0.1125 0.134375
20 0.703125 0.68125 0.1125 0.1375
22 0.7203125 0.8015625 0.103125 0.134375
24 0.6046875 0.29140625 0.128125 0.1546875
20 0.58828125 0.4265625 0.1234375 0.153125
19 0.5890625 0.5625 0.128125 0.14375
23 0.584375 0.70234375 0.13125 0.14375
3 0.59765625 0.8453125 0.15 0.1625
36 0.47734375 0.36953125 0.125 0.2109375
12 0.4578125 0.5453125 0.15625 0.15625