31 0.26328125 0.253125 0.15625 0.1671875
8 0.4109375 0.2546875 0.15078125 0.16015625
15 0.58046875 0.2734375 0.1953125 0.13515625
3 0.0828125 0.48203125 0.15546875 0.1625
34 0.24140625 0.48046875 0.15546875 0.15703125
3 0.4015625 0.4875 0.1515625 0.15625
20 0.5671875 0.49296875 0.15859375 0.1578125
35 0.7203125 0.49921875 0.146875 0.153125
15 0.8671875 0.503125 0.153125 0.15234375
37 0.45 0.7703125 0.228125 0.1296875
34 0.6359375 0.75390625 0.17421875 0.171875
30 0.79765625 0.75234375 0.1671875 0.16796875