33 0.11796875 0.44375 0.1859375 0.16015625
9 0.2390625 0.4046875 0.178125 0.15390625
9 0.3609375 0.3734375 0.16953125 0.14921875
6 0.490625 0.3359375 0.1875 0.12734375
29 0.59453125 0.234375 0.1734375 0.10859375
2 0.634375 0.38125 0.140625 0.1390625
15 0.75234375 0.40078125 0.1421875 0.134375
27 0.74453125 0.515625 0.17578125 0.1
31 0.37421875 0.5125 0.2 0.1265625
4 0.171875 0.5796875 0.17265625 0.14296875
26 0.30546875 0.64296875 0.14140625 0.134375
10 0.46796875 0.5875 0.1921875 0.13046875
28 0.5921875 0.5296875 0.16953125 0.14453125
35 0.66015625 0.63359375 0.18984375 0.1359375