5 0.35078125 0.05859375 0.0921875 0.1171875
27 0.28359375 0.08515625 0.0984375 0.1046875
26 0.27734375 0.23046875 0.0859375 0.0703125
28 0.2734375 0.29140625 0.090625 0.0640625
20 0.271875 0.3546875 0.084375 0.06875
18 0.28046875 0.42734375 0.065625 0.084375
21 0.2671875 0.4984375 0.090625 0.065625
31 0.2625 0.55859375 0.0875 0.0671875
23 0.25859375 0.61953125 0.0890625 0.065625
0 0.25078125 0.678125 0.0859375 0.065625
19 0.5703125 0.27890625 0.103125 0.0859375
11 0.54609375 0.33984375 0.0984375 0.0859375
34 0.52734375 0.4109375 0.0890625 0.1
35 0.48515625 0.471875 0.1015625 0.084375
19 0.4625 0.528125 0.1 0.0875
6 0.4359375 0.58671875 0.103125 0.0859375
21 0.7640625 0.3109375 0.1125 0.084375
21 0.38125 0.7828125 0.1 0.096875
29 0.35625 0.8390625 0.1 0.0875
30 0.33125 0.896875 0.1 0.090625
24 0.3015625 0.94375 0.096875 0.084375
16 0.74765625 0.37265625 0.1046875 0.0859375
24 0.728125 0.43125 0.10625 0.084375
20 0.709375 0.49375 0.103125 0.084375
25 0.690625 0.5546875 0.103125 0.0875
15 0.66953125 0.6125 0.1078125 0.084375
9 0.65 0.67109375 0.103125 0.08125
12 0.63359375 0.728125 0.1015625 0.084375