16 0.89765625 0.41640625 0.0546875 0.0953125
14 0.84375 0.421875 0.05625 0.1
33 0.7921875 0.41171875 0.053125 0.1015625
33 0.73671875 0.41328125 0.0578125 0.1015625
0 0.68203125 0.4140625 0.05625 0.1
13 0.625 0.41875 0.05625 0.1
7 0.57109375 0.42109375 0.0546875 0.0984375
7 0.65546875 0.7078125 0.0546875 0.10625
30 0.59765625 0.70625 0.0546875 0.10625
14 0.54140625 0.7046875 0.05625 0.103125
29 0.48515625 0.709375 0.059375 0.10625
18 0.428125 0.71171875 0.05625 0.1078125
22 0.3703125 0.71640625 0.05625 0.1078125
18 0.51328125 0.4203125 0.0578125 0.103125
30 0.45859375 0.41953125 0.0546875 0.1046875
32 0.40234375 0.41484375 0.0578125 0.10625
13 0.34375 0.41171875 0.05625 0.1046875
32 0.28515625 0.41328125 0.0609375 0.1015625
11 0.22578125 0.4140625 0.0609375 0.10625
10 0.16484375 0.42265625 0.0578125 0.1046875