11 0.08359375 0.5203125 0.1234375 0.18515625
31 0.165625 0.49375 0.12109375 0.19375
6 0.2515625 0.45234375 0.1234375 0.2046875
32 0.34296875 0.41796875 0.12578125 0.20078125
36 0.43828125 0.38046875 0.13046875 0.215625
8 0.53125 0.32890625 0.13359375 0.21796875
15 0.634375 0.2890625 0.1375 0.2203125
28 0.7546875 0.20625 0.165625 0.1875
35 0.81484375 0.46171875 0.15234375 0.15234375
24 0.628125 0.5703125 0.1625 0.2140625
1 0.81015625 0.60625 0.14921875 0.12890625
35 0.35546875 0.76015625 0.1296875 0.14453125
22 0.4640625 0.778125 0.09453125 0.17734375
27 0.559375 0.7859375 0.0953125 0.18046875
21 0.65546875 0.79453125 0.10078125 0.1796875
10 0.7578125 0.8 0.09921875 0.178125