14 0.67421875 0.2421875 0.08203125 0.11171875
2 0.59140625 0.2453125 0.0859375 0.1109375
13 0.5140625 0.23125 0.08203125 0.11484375
29 0.4390625 0.2328125 0.08359375 0.11484375
18 0.36015625 0.22890625 0.0890625 0.11640625
0 0.93671875 0.4734375 0.07421875 0.09296875
10 0.86484375 0.4796875 0.07265625 0.09375
1 0.79140625 0.478125 0.07265625 0.09296875
16 0.7203125 0.48125 0.071875 0.090625
11 0.64921875 0.4828125 0.075 0.09296875
13 0.57421875 0.48984375 0.07421875 0.09453125
30 0.503125 0.49296875 0.0703125 0.08984375
7 0.43125 0.49609375 0.075 0.0953125
14 0.35625 0.4953125 0.078125 0.09296875
32 0.26875 0.4953125 0.10390625 0.07265625
10 0.17578125 0.47890625 0.1046875 0.1078125
30 0.07890625 0.47421875 0.0890625 0.09453125
11 0.446875 0.6984375 0.096875 0.07421875
33 0.68984375 0.7 0.11640625 0.10859375
33 0.62109375 0.73984375 0.1109375 0.10546875
18 0.5328125 0.70234375 0.08359375 0.09453125