0 0.8234375 0.70234375 0.071875 0.1046875
4 0.75 0.703125 0.06875 0.103125
8 0.6828125 0.7046875 0.06875 0.103125
12 0.61171875 0.70390625 0.0671875 0.1015625
16 0.54609375 0.70390625 0.0671875 0.1015625
20 0.478125 0.7 0.06875 0.103125
24 0.409375 0.6984375 0.06875 0.1
28 0.34609375 0.70078125 0.0671875 0.1
32 0.28046875 0.6984375 0.0703125 0.103125
35 0.21171875 0.69921875 0.0671875 0.103125
2 0.81875 0.48515625 0.065625 0.1078125
6 0.7484375 0.484375 0.065625 0.10625
10 0.67890625 0.4875 0.0703125 0.1125
14 0.6078125 0.4890625 0.06875 0.109375
18 0.5421875 0.48984375 0.06875 0.1140625
22 0.4734375 0.490625 0.065625 0.109375
26 0.40546875 0.4890625 0.06875 0.109375
30 0.33828125 0.4875 0.0734375 0.10625
34 0.271875 0.4859375 0.06875 0.109375
37 0.20546875 0.48515625 0.0703125 0.109375
1 0.81796875 0.2703125 0.0734375 0.11875
5 0.75234375 0.26953125 0.0671875 0.1171875
9 0.68203125 0.26953125 0.0703125 0.1140625
13 0.6109375 0.265625 0.06875 0.11875
17 0.53984375 0.26796875 0.0703125 0.1203125
21 0.47421875 0.26875 0.06875 0.11875
25 0.40625 0.26640625 0.06875 0.1234375
29 0.3375 0.265625 0.06875 0.11875
33 0.26875 0.2671875 0.06875 0.1125
36 0.203125 0.2671875 0.06875 0.11875