17 0.93203125 0.5046875 0.06953125 0.08203125
30 0.8671875 0.50390625 0.06796875 0.08046875
18 0.7984375 0.49765625 0.06875 0.08203125
32 0.73203125 0.496875 0.06875 0.08046875
14 0.66171875 0.49765625 0.0671875 0.0828125
2 0.59453125 0.4984375 0.06796875 0.08046875
0 0.5265625 0.5015625 0.0671875 0.08359375
5 0.459375 0.50078125 0.06640625 0.08203125
13 0.38046875 0.49609375 0.08984375 0.0640625
1 0.2859375 0.4953125 0.09296875 0.0625
7 0.1640625 0.50625 0.08046875 0.084375
11 0.07890625 0.50703125 0.0953125 0.06640625
22 0.825 0.72578125 0.07265625 0.084375
25 0.7546875 0.72265625 0.06796875 0.0828125
13 0.68515625 0.7296875 0.07109375 0.0859375
5 0.6203125 0.734375 0.0671875 0.08359375
16 0.5515625 0.7375 0.07109375 0.08671875
36 0.48359375 0.734375 0.06796875 0.0859375
18 0.4171875 0.725 0.0703125 0.0828125