17 0.5046875 0.93203125 0.08125 0.0703125
30 0.50390625 0.8671875 0.0796875 0.06875
18 0.49765625 0.7984375 0.0828125 0.06875
32 0.496875 0.73203125 0.08125 0.06875
14 0.49765625 0.66171875 0.0828125 0.0671875
2 0.4984375 0.59453125 0.08125 0.0671875
0 0.5015625 0.5265625 0.084375 0.065625
5 0.50078125 0.459375 0.0828125 0.065625
13 0.49609375 0.38046875 0.0640625 0.0890625
1 0.4953125 0.2859375 0.0625 0.09375
7 0.50625 0.1640625 0.084375 0.08125
11 0.50703125 0.07890625 0.0671875 0.0953125
22 0.72578125 0.825 0.084375 0.071875
25 0.72265625 0.7546875 0.0828125 0.06875
13 0.7296875 0.68515625 0.084375 0.0703125
5 0.734375 0.6203125 0.084375 0.065625
16 0.7375 0.5515625 0.0875 0.071875
36 0.734375 0.48359375 0.0875 0.0671875
18 0.725 0.4171875 0.08125 0.071875