12 0.26640625 0.24375 0.1421875 0.140625
17 0.4953125 0.23984375 0.13828125 0.1296875
23 0.6109375 0.24140625 0.12734375 0.128125
1 0.71953125 0.23671875 0.121875 0.12890625
31 0.821875 0.25078125 0.128125 0.125
37 0.31796875 0.4453125 0.20625 0.140625
18 0.44609375 0.49453125 0.18046875 0.1484375
35 0.6046875 0.42890625 0.19140625 0.146875
34 0.790625 0.43515625 0.1828125 0.10625
4 0.2234375 0.60546875 0.21875 0.1484375
37 0.13125 0.6890625 0.23046875 0.1546875
37 0.43984375 0.80078125 0.21796875 0.1671875