24 0.546875 0.965625 0.09375 0.06875
35 0.55390625 0.89453125 0.0953125 0.0828125
11 0.55546875 0.7921875 0.0828125 0.10625
18 0.55703125 0.63515625 0.0984375 0.08125
14 0.53515625 0.55546875 0.0765625 0.0953125
24 0.5515625 0.47109375 0.1 0.0765625
27 0.553125 0.3984375 0.096875 0.075
28 0.75234375 0.61953125 0.0875 0.0984375
8 0.74609375 0.528125 0.084375 0.096875
34 0.75390625 0.44765625 0.0984375 0.075
32 0.5359375 0.25234375 0.10625 0.0859375
13 0.534375 0.14296875 0.109375 0.090625
7 0.521875 0.05859375 0.1125 0.090625
33 0.2890625 0.825 0.10625 0.103125
22 0.30234375 0.69609375 0.1 0.0796875
1 0.30390625 0.6203125 0.1015625 0.078125
11 0.29921875 0.546875 0.0984375 0.075
27 0.29765625 0.4703125 0.1015625 0.084375
25 0.27890625 0.31328125 0.0796875 0.1140625