26 0.16640625 0.66640625 0.146875 0.1484375
15 0.31875 0.65234375 0.15 0.1578125
20 0.4765625 0.65078125 0.184375 0.1203125
14 0.65 0.6609375 0.1875 0.109375
27 0.628125 0.7984375 0.15 0.153125
35 0.76796875 0.8015625 0.1546875 0.140625
21 0.8125 0.67890625 0.184375 0.1140625
19 0.69921875 0.5640625 0.2015625 0.128125
17 0.51015625 0.5515625 0.18125 0.103125
2 0.30390625 0.4484375 0.1484375 0.14375
15 0.221875 0.2171875 0.215625 0.13125
15 0.65859375 0.4203125 0.15625 0.14375
6 0.87109375 0.48515625 0.1984375 0.121875
20 0.63125 0.259375 0.215625 0.18125
11 0.4296875 0.23671875 0.20625 0.1171875