37 0.80234375 0.23515625 0.1375 0.146875
27 0.6703125 0.23125 0.134375 0.14375
12 0.5421875 0.23046875 0.13125 0.1453125
15 0.41953125 0.2265625 0.1328125 0.14375
24 0.296875 0.2265625 0.13125 0.140625
7 0.175 0.22578125 0.13125 0.1359375
36 0.8171875 0.4015625 0.146875 0.140625
26 0.646875 0.43203125 0.190625 0.1203125
16 0.4875 0.41171875 0.153125 0.1421875
9 0.33125 0.41953125 0.190625 0.1265625
24 0.190625 0.39453125 0.16875 0.1546875
31 0.81171875 0.54453125 0.1546875 0.1484375
22 0.65703125 0.57890625 0.153125 0.1578125
33 0.51171875 0.56328125 0.153125 0.1546875
20 0.34296875 0.5703125 0.2015625 0.121875