6 0.21171875 0.34921875 0.1203125 0.1359375
7 0.165625 0.484375 0.09375 0.14375
8 0.24375 0.43515625 0.121875 0.1296875
16 0.2734375 0.52265625 0.121875 0.1328125
18 0.29453125 0.61484375 0.1234375 0.13125
20 0.353125 0.8046875 0.1125 0.1625
19 0.3609375 0.10546875 0.090625 0.1453125
21 0.359375 0.24296875 0.09375 0.1390625
4 0.3796875 0.36640625 0.121875 0.1234375
13 0.4 0.46015625 0.11875 0.1234375
20 0.5671875 0.2 0.115625 0.115625
27 0.56328125 0.3109375 0.1171875 0.11875
15 0.56015625 0.42109375 0.1109375 0.1140625
24 0.5609375 0.52578125 0.109375 0.115625
11 0.609375 0.68984375 0.121875 0.1328125
32 0.62734375 0.79453125 0.1265625 0.1234375
37 0.6484375 0.89921875 0.11875 0.11875