5 0.37265625 0.1609375 0.16328125 0.10859375
37 0.31484375 0.27578125 0.1375 0.12265625
15 0.503125 0.18515625 0.1140625 0.12734375
14 0.63515625 0.1703125 0.146875 0.096875
3 0.42890625 0.5546875 0.1609375 0.09296875
28 0.19765625 0.6 0.1578125 0.13046875
16 0.59921875 0.53515625 0.1734375 0.1125
22 0.39296875 0.39375 0.11875 0.12109375
31 0.58203125 0.37109375 0.1625 0.10390625
7 0.66875 0.259375 0.1640625 0.1140625
12 0.83125 0.36796875 0.14453125 0.1234375
27 0.72265625 0.4515625 0.1828125 0.12109375
25 0.8390625 0.503125 0.16328125 0.1390625
30 0.4796875 0.66484375 0.1265625 0.1234375
12 0.7 0.70703125 0.16953125 0.09921875
21 0.1640625 0.38671875 0.14375 0.1265625