23 0.34453125 0.17421875 0.1203125 0.13046875
3 0.45234375 0.1671875 0.1171875 0.1265625
12 0.2109375 0.3453125 0.121875 0.12578125
4 0.32421875 0.33828125 0.12265625 0.1234375
2 0.43203125 0.33203125 0.1234375 0.12109375
15 0.5375 0.32734375 0.11953125 0.11953125
2 0.64453125 0.325 0.11484375 0.11953125
4 0.35703125 0.503125 0.16484375 0.11015625
29 0.503125 0.484375 0.16328125 0.10234375
16 0.65078125 0.46484375 0.16328125 0.09921875
13 0.1109375 0.746875 0.12578125 0.12421875
28 0.23671875 0.74375 0.12265625 0.1265625
34 0.35859375 0.73984375 0.11796875 0.12734375
26 0.56015625 0.72109375 0.18046875 0.14765625
25 0.6515625 0.66796875 0.178125 0.14609375
30 0.73515625 0.615625 0.178125 0.14296875
36 0.82265625 0.5671875 0.1765625 0.13671875
9 0.89765625 0.5125 0.18203125 0.13203125