13 0.2015625 0.3390625 0.12578125 0.10234375
8 0.11171875 0.428125 0.1046875 0.1
28 0.21640625 0.4421875 0.121875 0.10625
5 0.334375 0.4703125 0.14921875 0.08515625
33 0.29765625 0.36328125 0.1296875 0.1140625
14 0.5171875 0.36484375 0.12890625 0.11484375
11 0.64140625 0.44609375 0.11796875 0.10859375
4 0.734375 0.49453125 0.13984375 0.115625
21 0.3234375 0.54609375 0.14453125 0.0796875
16 0.46015625 0.55 0.1296875 0.078125
36 0.5921875 0.55546875 0.13203125 0.07421875
18 0.08671875 0.6265625 0.1109375 0.1046875
19 0.19296875 0.6140625 0.1046875 0.10390625
31 0.29609375 0.64296875 0.10234375 0.10625
27 0.39921875 0.63671875 0.10625 0.1078125
6 0.5171875 0.63046875 0.13828125 0.0796875
15 0.63828125 0.646875 0.10234375 0.10546875
8 0.73828125 0.65234375 0.1046875 0.109375
37 0.8359375 0.6484375 0.10078125 0.10859375
37 0.9375 0.65703125 0.10234375 0.10625
1 0.4796875 0.73515625 0.14609375 0.09375