17 0.4953125 0.93203125 0.08125 0.0703125
30 0.49609375 0.8671875 0.0796875 0.06875
18 0.50234375 0.7984375 0.0828125 0.06875
32 0.503125 0.73203125 0.08125 0.06875
14 0.50234375 0.66171875 0.0828125 0.0671875
2 0.5015625 0.59453125 0.08125 0.0671875
0 0.4984375 0.5265625 0.084375 0.065625
5 0.49921875 0.459375 0.0828125 0.065625
13 0.50390625 0.38046875 0.0640625 0.0890625
1 0.5046875 0.2859375 0.0625 0.09375
7 0.49375 0.1640625 0.084375 0.08125
11 0.49296875 0.07890625 0.0671875 0.0953125
22 0.27421875 0.825 0.084375 0.071875
25 0.27734375 0.7546875 0.0828125 0.06875
13 0.2703125 0.68515625 0.084375 0.0703125
5 0.265625 0.6203125 0.084375 0.065625
16 0.2625 0.5515625 0.0875 0.071875
36 0.265625 0.48359375 0.0875 0.0671875
18 0.275 0.4171875 0.08125 0.071875