16 0.34296875 0.81796875 0.1078125 0.1265625
17 0.459375 0.8296875 0.125 0.128125
9 0.28046875 0.634375 0.1296875 0.13125
4 0.321875 0.48046875 0.121875 0.1390625
1 0.3453125 0.2546875 0.128125 0.171875
11 0.4 0.36328125 0.13125 0.1640625
19 0.40703125 0.69609375 0.1296875 0.1453125
27 0.63359375 0.878125 0.140625 0.1453125
34 0.53203125 0.653125 0.1203125 0.184375
23 0.421875 0.5390625 0.140625 0.165625
3 0.503125 0.44765625 0.13125 0.1484375
34 0.6015625 0.49453125 0.125 0.1890625
6 0.49375 0.1875 0.14375 0.196875
35 0.65390625 0.0890625 0.1453125 0.16875
28 0.6109375 0.2640625 0.15 0.196875
6 0.71015625 0.34765625 0.153125 0.1984375
24 0.7046875 0.64609375 0.153125 0.16875
20 0.71875 0.5203125 0.15 0.1625