18 0.69921875 0.43125 0.0953125 0.08203125
32 0.91875 0.521875 0.09453125 0.08359375
25 0.8671875 0.496875 0.084375 0.07890625
14 0.809375 0.47890625 0.09375 0.08046875
18 0.75546875 0.45078125 0.09140625 0.08125
5 0.6390625 0.59296875 0.09765625 0.06796875
36 0.67578125 0.71953125 0.07890625 0.07890625
17 0.73828125 0.8421875 0.075 0.07890625
2 0.6703125 0.8546875 0.08671875 0.0625
22 0.59453125 0.84921875 0.06796875 0.08125
30 0.5328125 0.8515625 0.0671875 0.08125
16 0.53515625 0.5875 0.06875 0.07109375
11 0.471875 0.5828125 0.0640625 0.0703125
5 0.41015625 0.5859375 0.06640625 0.07109375
13 0.34609375 0.5828125 0.07109375 0.0703125
7 0.28203125 0.5796875 0.06796875 0.06953125
1 0.2171875 0.57734375 0.07109375 0.06953125
0 0.15234375 0.57421875 0.06640625 0.07109375
13 0.08828125 0.56875 0.07109375 0.071875