4 0.75859375 0.765625 0.128125 0.1515625
9 0.60390625 0.8671875 0.1328125 0.14375
8 0.4453125 0.8875 0.140625 0.20625
6 0.50859375 0.7046875 0.1234375 0.140625
29 0.66953125 0.61015625 0.1515625 0.1890625
36 0.665625 0.3953125 0.15625 0.184375
19 0.64140625 0.1953125 0.1390625 0.146875
23 0.5125 0.2796875 0.15 0.20625
34 0.3046875 0.7078125 0.14375 0.165625
21 0.29609375 0.58125 0.153125 0.15625
1 0.26640625 0.4125 0.1484375 0.203125
27 0.3078125 0.14765625 0.1625 0.2234375
25 0.5015625 0.5796875 0.128125 0.140625