22 0.9296875 0.38984375 0.1 0.0890625
1 0.84375 0.3765625 0.08046875 0.1015625
4 0.77578125 0.37734375 0.08984375 0.1
25 0.6796875 0.3640625 0.09921875 0.10703125
9 0.5671875 0.3984375 0.10859375 0.1
3 0.46484375 0.4 0.09296875 0.07421875
8 0.36875 0.4109375 0.09609375 0.0828125
4 0.26484375 0.41328125 0.10625 0.07734375
17 0.171875 0.4140625 0.0828125 0.1046875
0 0.0765625 0.4265625 0.09375 0.10859375
27 0.17734375 0.2109375 0.08671875 0.10625
25 0.61328125 0.215625 0.078125 0.09921875
11 0.54765625 0.2234375 0.08046875 0.0984375
34 0.47265625 0.23984375 0.09921875 0.08046875
26 0.390625 0.22578125 0.07421875 0.1
18 0.31875 0.22421875 0.07890625 0.10703125
32 0.25 0.215625 0.0859375 0.109375
35 0.87890625 0.65703125 0.1171875 0.109375
12 0.81015625 0.7078125 0.125 0.12734375
29 0.628125 0.7015625 0.11484375 0.0890625
9 0.503125 0.721875 0.0796875 0.10546875
15 0.42578125 0.73125 0.08046875 0.1125
2 0.33125 0.66484375 0.11015625 0.0828125
7 0.12421875 0.7125 0.10546875 0.11640625
11 0.3296875 0.7515625 0.109375 0.08671875