37 0.19765625 0.23515625 0.1375 0.146875
27 0.3296875 0.23125 0.13359375 0.14453125
12 0.4578125 0.23046875 0.13125 0.1453125
15 0.58046875 0.2265625 0.13203125 0.14296875
24 0.703125 0.2265625 0.13046875 0.1390625
7 0.825 0.22578125 0.1328125 0.13671875
36 0.1828125 0.4015625 0.14765625 0.1390625
26 0.353125 0.43203125 0.19140625 0.1203125
16 0.5125 0.41171875 0.15234375 0.14296875
9 0.66875 0.41953125 0.18984375 0.1265625
24 0.809375 0.39453125 0.1671875 0.15390625
31 0.18828125 0.54453125 0.1546875 0.1484375
22 0.34296875 0.57890625 0.153125 0.15703125
33 0.48828125 0.56328125 0.153125 0.1546875
20 0.65703125 0.5703125 0.20234375 0.121875