24 0.3203125 0.821875 0.134375 0.1375
34 0.3546875 0.684375 0.1375 0.15
31 0.36796875 0.4640625 0.115625 0.18125
28 0.5890625 0.7140625 0.128125 0.13125
6 0.73671875 0.80625 0.134375 0.11875
1 0.74609375 0.6859375 0.1265625 0.115625
32 0.734375 0.56796875 0.121875 0.1140625
35 0.58828125 0.56328125 0.125 0.1296875
9 0.50546875 0.440625 0.1203125 0.13125
2 0.61953125 0.44296875 0.1171875 0.1234375
21 0.7296875 0.4609375 0.1125 0.1125
17 0.7265625 0.3484375 0.10625 0.10625
19 0.60078125 0.3015625 0.1140625 0.109375
25 0.4859375 0.25078125 0.11875 0.1359375
22 0.60234375 0.17109375 0.128125 0.14375
16 0.7359375 0.24921875 0.115625 0.1171875