17 0.32421875 0.89375 0.1203125 0.125
22 0.309375 0.73515625 0.115625 0.115625
8 0.31640625 0.628125 0.1140625 0.10625
15 0.31875 0.52109375 0.115625 0.1109375
20 0.3625 0.4125 0.128125 0.15625
0 0.3375 0.23828125 0.11875 0.1484375
3 0.4734375 0.83671875 0.11875 0.1203125
2 0.4703125 0.7234375 0.11875 0.115625
3 0.46640625 0.61328125 0.1171875 0.11875
26 0.46796875 0.50546875 0.1140625 0.1125
9 0.4796875 0.36875 0.109375 0.16875
19 0.41875 0.2875 0.11875 0.16875
35 0.3796875 0.13046875 0.121875 0.16875
16 0.5453125 0.184375 0.121875 0.15
11 0.6015625 0.4421875 0.128125 0.178125
17 0.62265625 0.8609375 0.121875 0.15
34 0.63046875 0.70078125 0.1265625 0.1359375
21 0.73828125 0.6734375 0.0953125 0.159375
10 0.7234375 0.5078125 0.128125 0.125
4 0.72421875 0.375 0.1 0.1625
4 0.69765625 0.24921875 0.1359375 0.153125
18 0.68203125 0.13359375 0.13125 0.1453125