36 0.6359375 0.73203125 0.121875 0.1265625
8 0.5078125 0.784375 0.15625 0.1125
33 0.36796875 0.73359375 0.1203125 0.1234375
35 0.49609375 0.6765625 0.1515625 0.09375
23 0.71015625 0.59609375 0.1234375 0.11875
20 0.5734375 0.57109375 0.153125 0.0953125
4 0.4421875 0.5703125 0.11875 0.121875
20 0.32421875 0.58046875 0.1203125 0.121875
3 0.22109375 0.609375 0.1359375 0.125
9 0.815625 0.40625 0.13125 0.128125
6 0.659375 0.41953125 0.171875 0.146875
15 0.47890625 0.44296875 0.1796875 0.1171875
9 0.22890625 0.48984375 0.1609375 0.1328125
13 0.49609375 0.325 0.1296875 0.13125
21 0.3671875 0.33359375 0.159375 0.1421875
6 0.24375 0.36015625 0.1375 0.1265625