17 0.10625 0.67578125 0.125 0.1203125
22 0.26484375 0.690625 0.115625 0.115625
8 0.371875 0.68359375 0.10625 0.1140625
15 0.47890625 0.68125 0.1109375 0.115625
20 0.5875 0.6375 0.15625 0.128125
0 0.76171875 0.6625 0.1484375 0.11875
3 0.16328125 0.5265625 0.1203125 0.11875
2 0.2765625 0.5296875 0.115625 0.11875
3 0.38671875 0.53359375 0.11875 0.1171875
26 0.49453125 0.53203125 0.1125 0.1140625
9 0.63125 0.5203125 0.16875 0.109375
19 0.7125 0.58125 0.16875 0.11875
35 0.86953125 0.6203125 0.16875 0.121875
16 0.815625 0.4546875 0.15 0.121875
11 0.5578125 0.3984375 0.178125 0.128125
17 0.1390625 0.37734375 0.15 0.121875
34 0.29921875 0.36953125 0.1359375 0.1265625
21 0.3265625 0.26171875 0.159375 0.0953125
10 0.4921875 0.2765625 0.125 0.128125
4 0.625 0.27578125 0.1625 0.1
4 0.75078125 0.30234375 0.153125 0.1359375
18 0.86640625 0.31796875 0.1453125 0.13125