18 0.43125 0.69921875 0.08125 0.0953125
32 0.521875 0.91875 0.084375 0.09375
25 0.496875 0.8671875 0.078125 0.084375
14 0.47890625 0.809375 0.0796875 0.09375
18 0.45078125 0.75546875 0.08125 0.0921875
5 0.59296875 0.6390625 0.0671875 0.096875
36 0.71953125 0.67578125 0.0796875 0.0796875
17 0.8421875 0.73828125 0.078125 0.075
2 0.8546875 0.6703125 0.0625 0.0875
22 0.84921875 0.59453125 0.08125 0.0671875
30 0.8515625 0.5328125 0.08125 0.065625
16 0.5875 0.53515625 0.071875 0.06875
11 0.5828125 0.471875 0.071875 0.0625
5 0.5859375 0.41015625 0.071875 0.0671875
13 0.5828125 0.34609375 0.071875 0.0703125
7 0.5796875 0.28203125 0.06875 0.0671875
1 0.57734375 0.2171875 0.0703125 0.071875
0 0.57421875 0.15234375 0.0703125 0.0671875
13 0.56875 0.08828125 0.071875 0.0703125