0 0.1765625 0.29765625 0.07265625 0.1046875
4 0.25 0.296875 0.06796875 0.10234375
8 0.3171875 0.2953125 0.06875 0.103125
12 0.38828125 0.29609375 0.06640625 0.1015625
16 0.45390625 0.29609375 0.06796875 0.1015625
20 0.521875 0.3 0.0703125 0.10234375
24 0.590625 0.3015625 0.0671875 0.10078125
28 0.65390625 0.29921875 0.0671875 0.1
32 0.71953125 0.3015625 0.06953125 0.1015625
35 0.78828125 0.30078125 0.06796875 0.103125
2 0.18125 0.51484375 0.06640625 0.1078125
6 0.2515625 0.515625 0.06484375 0.10546875
10 0.32109375 0.5125 0.06953125 0.1109375
14 0.3921875 0.5109375 0.06875 0.109375
18 0.4578125 0.51015625 0.06953125 0.1140625
22 0.5265625 0.509375 0.06640625 0.109375
26 0.59453125 0.5109375 0.06875 0.1078125
30 0.66171875 0.5125 0.07265625 0.1078125
34 0.728125 0.5140625 0.0671875 0.1078125
37 0.79453125 0.51484375 0.06953125 0.109375
1 0.18203125 0.7296875 0.07265625 0.11875
5 0.24765625 0.73046875 0.0671875 0.1171875
9 0.31796875 0.73046875 0.0703125 0.1140625
13 0.3890625 0.734375 0.06875 0.1171875
17 0.46015625 0.73203125 0.0703125 0.1203125
21 0.52578125 0.73125 0.06875 0.11875
25 0.59375 0.73359375 0.06953125 0.1234375
29 0.6625 0.734375 0.0703125 0.11796875
33 0.73125 0.7328125 0.06953125 0.11328125
36 0.796875 0.7328125 0.0671875 0.11875