37 0.309375 0.95546875 0.10625 0.0890625
20 0.34453125 0.91171875 0.1109375 0.0875
21 0.371875 0.8578125 0.109375 0.084375
15 0.39453125 0.803125 0.1109375 0.08125
6 0.25546875 0.74375 0.0765625 0.1
20 0.321875 0.76171875 0.0875 0.0984375
23 0.33671875 0.67578125 0.10625 0.0890625
19 0.409375 0.73046875 0.09375 0.0984375
28 0.328125 0.56875 0.08125 0.096875
24 0.42890625 0.65 0.0953125 0.096875
37 0.4171875 0.56875 0.1 0.06875
9 0.5140625 0.58828125 0.10625 0.0734375
9 0.41796875 0.48984375 0.1171875 0.09375
26 0.53359375 0.51953125 0.1203125 0.0875
4 0.6296875 0.55625 0.121875 0.1125
35 0.56171875 0.43359375 0.1203125 0.1109375
22 0.49140625 0.403125 0.1203125 0.10625
12 0.45 0.33984375 0.11875 0.1078125
14 0.52578125 0.09765625 0.1265625 0.103125
5 0.2984375 0.259375 0.10625 0.075
25 0.29765625 0.18984375 0.1015625 0.0703125
29 0.30546875 0.11875 0.1015625 0.06875
16 0.3109375 0.04296875 0.10625 0.0859375