7 0.90625 0.70625 0.084375 0.121875
22 0.83046875 0.69375 0.0859375 0.09375
32 0.75703125 0.6953125 0.065625 0.1125
32 0.6859375 0.70625 0.084375 0.090625
1 0.615625 0.696875 0.065625 0.11875
7 0.55234375 0.7015625 0.0640625 0.11875
0 0.478125 0.7125 0.0875 0.0875
29 0.40546875 0.70546875 0.0671875 0.1171875
16 0.34140625 0.7109375 0.0640625 0.115625
18 0.27578125 0.7140625 0.065625 0.115625
13 0.21171875 0.71484375 0.0640625 0.1171875
11 0.37265625 0.59375 0.065625 0.115625
10 0.5 0.4765625 0.08125 0.084375
2 0.1015625 0.7015625 0.115625 0.146875