24 0.75625 0.240625 0.134375 0.134375
19 0.76015625 0.3640625 0.1265625 0.140625
5 0.7484375 0.503125 0.103125 0.165625
8 0.7578125 0.62890625 0.128125 0.1265625
34 0.6078125 0.38203125 0.090625 0.16875
1 0.52265625 0.23671875 0.1234375 0.1359375
3 0.3875 0.23203125 0.1375 0.1453125
32 0.51484375 0.3875 0.0984375 0.165625
35 0.5234375 0.53203125 0.11875 0.1296875
30 0.52890625 0.6484375 0.1234375 0.125
8 0.54140625 0.7609375 0.1234375 0.134375
35 0.3765625 0.73359375 0.134375 0.1390625
15 0.39765625 0.36875 0.1328125 0.13125