8 0.8265625 0.6984375 0.128125 0.115625
12 0.83125 0.584375 0.128125 0.109375
5 0.82890625 0.475 0.1296875 0.11875
30 0.8234375 0.359375 0.128125 0.1125
34 0.81015625 0.2296875 0.1046875 0.153125
23 0.63984375 0.5296875 0.1046875 0.153125
24 0.63515625 0.37109375 0.1015625 0.1578125
27 0.6328125 0.2125 0.1 0.15625
17 0.5046875 0.80546875 0.128125 0.134375
4 0.50390625 0.67890625 0.1234375 0.1234375
6 0.5015625 0.5546875 0.125 0.125
16 0.4953125 0.4265625 0.13125 0.128125
14 0.4765625 0.303125 0.128125 0.13125
9 0.48515625 0.175 0.121875 0.125
25 0.30703125 0.85078125 0.1546875 0.165625
13 0.20625 0.5953125 0.171875 0.215625
33 0.31640625 0.44609375 0.159375 0.1921875
35 0.22578125 0.27265625 0.1140625 0.1921875