11 0.17421875 0.23203125 0.14375 0.14609375
18 0.3125 0.23046875 0.13828125 0.1453125
19 0.44609375 0.23203125 0.13125 0.146875
16 0.57421875 0.23515625 0.13984375 0.1453125
27 0.7078125 0.2328125 0.13203125 0.1453125
20 0.22421875 0.4046875 0.14453125 0.1375
9 0.365625 0.4015625 0.13984375 0.13828125
25 0.52890625 0.42109375 0.17890625 0.10078125
37 0.709375 0.42734375 0.17890625 0.103125
8 0.21796875 0.55546875 0.1578125 0.1515625
33 0.3671875 0.55390625 0.153125 0.15
0 0.50859375 0.546875 0.1578125 0.1484375
24 0.671875 0.53984375 0.19921875 0.11640625