26 0.1578125 0.36875 0.1703125 0.1234375
30 0.40703125 0.20234375 0.10703125 0.11953125
4 0.50234375 0.20546875 0.09609375 0.1125
6 0.59921875 0.21328125 0.09765625 0.11328125
8 0.69765625 0.22578125 0.10546875 0.1125
14 0.18046875 0.46953125 0.15234375 0.0890625
8 0.33046875 0.38359375 0.12109375 0.10703125
34 0.42890625 0.3484375 0.12734375 0.109375
10 0.32578125 0.4765625 0.15234375 0.0890625
6 0.44375 0.45234375 0.11328125 0.1078125
15 0.56484375 0.44296875 0.13671875 0.0875
37 0.21015625 0.5578125 0.17265625 0.11328125
28 0.384375 0.55 0.15703125 0.1046875
19 0.51875 0.53046875 0.15390625 0.1015625
21 0.6953125 0.49765625 0.14375 0.08984375
7 0.2734375 0.64609375 0.1671875 0.10390625
32 0.55703125 0.6171875 0.1359375 0.1234375
0 0.6796875 0.57578125 0.13984375 0.08828125
26 0.828125 0.575 0.15234375 0.125
24 0.44921875 0.76015625 0.1671875 0.13671875
20 0.58125 0.73125 0.15703125 0.13125