3 0.221875 0.29296875 0.14375 0.12890625
0 0.34765625 0.3515625 0.159375 0.0875
6 0.48046875 0.34140625 0.1109375 0.115625
30 0.59296875 0.346875 0.1109375 0.1140625
1 0.72109375 0.34765625 0.14609375 0.09765625
5 0.8921875 0.41015625 0.19453125 0.13515625
26 0.1171875 0.4578125 0.12578125 0.11875
16 0.2453125 0.45234375 0.1203125 0.12109375
28 0.3640625 0.4515625 0.1203125 0.12265625
13 0.48046875 0.4734375 0.121875 0.1203125
25 0.59765625 0.47109375 0.1140625 0.11484375
14 0.71484375 0.48828125 0.12109375 0.12421875
27 0.16171875 0.60703125 0.14453125 0.128125
19 0.33046875 0.60546875 0.16796875 0.1046875
12 0.47421875 0.59609375 0.12421875 0.12578125
34 0.62890625 0.60625 0.16640625 0.0984375
19 0.3953125 0.715625 0.17890625 0.11640625