23 0.27890625 0.1609375 0.1609375 0.1015625
2 0.1828125 0.27109375 0.1265625 0.11796875
23 0.17109375 0.39765625 0.19296875 0.15078125
12 0.3046875 0.26953125 0.1140625 0.11484375
6 0.41796875 0.2828125 0.121875 0.12890625
9 0.5296875 0.25859375 0.11328125 0.11796875
4 0.64765625 0.259375 0.11640625 0.12421875
16 0.76015625 0.29375 0.1640625 0.1234375
31 0.32421875 0.4453125 0.14921875 0.146875
15 0.4875 0.40859375 0.18515625 0.14296875
27 0.57265625 0.3625 0.1828125 0.13515625
26 0.74140625 0.39140625 0.165625 0.10859375
28 0.8671875 0.38046875 0.13671875 0.13515625
22 0.234375 0.609375 0.14765625 0.146875
25 0.4421875 0.5234375 0.20546875 0.14375
18 0.5140625 0.6328125 0.1390625 0.1453125
19 0.66640625 0.65078125 0.16171875 0.15859375