15 0.72578125 0.41640625 0.1203125 0.171875
37 0.70703125 0.56484375 0.1484375 0.1453125
35 0.71640625 0.6921875 0.1453125 0.140625
14 0.54765625 0.16796875 0.1328125 0.1359375
29 0.52578125 0.30234375 0.134375 0.1328125
3 0.51640625 0.43359375 0.134375 0.1296875
24 0.51796875 0.56328125 0.1296875 0.128125
3 0.51875 0.6859375 0.13125 0.134375
32 0.51796875 0.8296875 0.103125 0.178125
8 0.3640625 0.15 0.140625 0.140625
6 0.36953125 0.2921875 0.1421875 0.1375
7 0.37265625 0.4296875 0.1421875 0.134375
27 0.36796875 0.56796875 0.1390625 0.1375
15 0.35546875 0.69921875 0.1390625 0.1421875
26 0.365625 0.83125 0.134375 0.140625