18 0.30078125 0.43125 0.0953125 0.08125
32 0.08125 0.521875 0.09375 0.084375
25 0.1328125 0.496875 0.084375 0.078125
14 0.190625 0.47890625 0.09375 0.0796875
18 0.24453125 0.45078125 0.0921875 0.08125
5 0.3609375 0.59296875 0.096875 0.0671875
36 0.32421875 0.71953125 0.0796875 0.0796875
17 0.26171875 0.8421875 0.075 0.078125
2 0.3296875 0.8546875 0.0875 0.0625
22 0.40546875 0.84921875 0.0671875 0.08125
30 0.4671875 0.8515625 0.065625 0.08125
16 0.46484375 0.5875 0.06875 0.071875
11 0.528125 0.5828125 0.0625 0.071875
5 0.58984375 0.5859375 0.0671875 0.071875
13 0.65390625 0.5828125 0.0703125 0.071875
7 0.71796875 0.5796875 0.0671875 0.06875
1 0.7828125 0.57734375 0.071875 0.0703125
0 0.84765625 0.57421875 0.0671875 0.0703125
13 0.91171875 0.56875 0.0703125 0.071875