15 0.159375 0.20703125 0.178125 0.1609375
20 0.33515625 0.1859375 0.1765625 0.10625
11 0.48984375 0.184375 0.1484375 0.125
1 0.3078125 0.2953125 0.128125 0.13125
28 0.45234375 0.2984375 0.1671875 0.1125
18 0.59296875 0.29296875 0.1265625 0.1421875
17 0.73828125 0.2828125 0.1640625 0.1125
27 0.56171875 0.4234375 0.203125 0.153125
32 0.365625 0.46015625 0.2125 0.1609375
17 0.1859375 0.46171875 0.153125 0.1375
2 0.18828125 0.6515625 0.1609375 0.146875
34 0.33515625 0.66796875 0.1546875 0.1484375
34 0.49453125 0.6765625 0.1421875 0.146875
12 0.675 0.47734375 0.20625 0.15625
14 0.7546875 0.553125 0.2125 0.159375
26 0.840625 0.6328125 0.225 0.165625