8 0.3015625 0.1734375 0.1140625 0.1265625
12 0.415625 0.16875 0.109375 0.12890625
5 0.525 0.17109375 0.1171875 0.12890625
30 0.640625 0.1765625 0.1109375 0.1265625
34 0.7703125 0.18984375 0.1515625 0.10390625
23 0.4703125 0.36015625 0.15390625 0.1046875
24 0.62890625 0.36484375 0.15703125 0.1015625
27 0.7875 0.3671875 0.15703125 0.1
17 0.19453125 0.4953125 0.134375 0.1296875
4 0.32109375 0.49609375 0.1234375 0.12421875
6 0.4453125 0.4984375 0.12421875 0.12578125
16 0.5734375 0.5046875 0.12890625 0.13125
14 0.696875 0.5234375 0.13046875 0.1296875
9 0.825 0.51484375 0.125 0.121875
25 0.14921875 0.69296875 0.165625 0.15390625
13 0.4046875 0.79375 0.2171875 0.171875
33 0.55390625 0.68359375 0.1921875 0.159375
35 0.72734375 0.77421875 0.19140625 0.11484375