32 0.23719009947612646 0.4797723473145079 0.15659919728589441 0.14847467766703612
39 0.864336743543712 0.3881235842008144 0.1533649366422325 0.14671191856773752
39 0.7625832194063971 0.44045923734773185 0.15659919728589458 0.14847467766703612
32 0.34535751457893415 0.4254934623661878 0.1565991972858944 0.14847467766703626
16 0.482375821403539 0.14940942858988682 0.15983345792955622 0.15023743676633483
26 0.5967850766761937 0.93715869794666 0.1565991972858944 0.12568260410668017
18 0.33845912444662074 0.946551232262828 0.15427187278026225 0.106897535474344
10 0.6245105109726379 0.7203994563492081 0.1565991972858944 0.14847467766703631
26 0.4899287892973268 0.96390751542082 0.15408620248167465 0.07218496915836
40 0.21725356595565737 0.1700876642488009 0.15627141535490924 0.14378717766703616
18 0.23320354189521691 0.9737657718992251 0.1468857076774546 0.05246845620154979
36 0.9389879102360037 0.6448124776301244 0.050567718573217846 0.14479086829088245
11 0.5818638250867098 0.6344829403100791 0.15492743664223277 0.14681204811738696
19 0.2955939172733692 0.8790294725452206 0.1565991972858944 0.14847467766703631
10 0.7341311654317838 0.6677832009505373 0.16161447921687966 0.153462566315984
25 0.06015126013945864 0.3638808297342194 0.12030252027891727 0.1465116594684389
31 0.38800420046486217 0.5114099784053167 0.1565991972858944 0.14847467766703631
25 0.006512807909885678 0.4183890545957919 0.013025615819771356 0.1367781091915837
40 0.1098674008528497 0.22441661397194568 0.15627141535490924 0.14378717766703622
23 0.127350923729657 0.5355136027131786 0.15492743664223269 0.14681204811738696
38 0.901968147498655 0.4784272115909953 0.14711493664223277 0.1463114003691402
31 0.2806180353620545 0.5657389281284615 0.1565991972858944 0.14847467766703631
11 0.6920472082585323 0.5850417496862329 0.1581616972858944 0.14857480721668564
19 0.19071539313605412 0.9293201110418977 0.15169317599857096 0.14135977791620463
8 0.7057337417790014 0.8943259145533426 0.15325567599857096 0.1451494185677376
35 0.9032093113409548 0.7861290900609106 0.10202095792955604 0.14653264342931002
27 0.4470253772966123 0.913060918410854 0.1582709579295561 0.15013730721668567
34 0.260845392807078 0.2537104950627545 0.1565991972858944 0.1484746776670362
22 0.16832584897192335 0.6228924892026584 0.15336493664223266 0.1467119185677376
23 0.048323613473982854 0.5894117558600962 0.09664722694796571 0.1444485117201923
37 0.8412988092472681 0.6165792512273924 0.15994271857321785 0.15179993676633483
33 0.19554318487752184 0.3907808960502036 0.15648993664223268 0.14691217766703613
27 0.5551381620775891 0.8595632834625337 0.1565991972858944 0.1484746776670362
38 0.8002146233613401 0.5307628647379128 0.15838021857321785 0.15169980721668547
22 0.07003758141694687 0.6750779480251018 0.14007516283389373 0.14504928901808825
8 0.8178074068818091 0.8402973534791458 0.1581616972858945 0.14857480721668564
3 0.5893249439316998 0.10133047886674203 0.15572511213660042 0.13597467766703616
16 0.368122297266224 0.2009440453396097 0.15994271857321785 0.15179993676633483
33 0.3026561983711752 0.3403581963270588 0.1565991972858944 0.1484746776670362
14 0.4542515493599109 0.3720458921926923 0.1582709579295562 0.15013730721668547
20 0.2565803297782868 0.7972695303802149 0.15492743664223269 0.14681204811738677
1 0.6703132279563719 0.267394372296052 0.15336493664223277 0.14671191856773752
20 0.15102981628463347 0.847792359653009 0.15169317599857096 0.14504928901808825
9 0.6648680771803968 0.805384528063863 0.15838021857321785 0.15169980721668558
34 0.1527326080261012 0.30720813001107466 0.1565991972858944 0.14847467766703612
14 0.5644349325317334 0.3226047015688461 0.15827095792955603 0.15013730721668547
28 0.40672244141068425 0.8272945966961991 0.15648993664223276 0.1469121776670362
17 0.38316533706775385 0.9902907402823924 0.14680929802252862 0.01941851943521513
13 0.6087533790613231 0.40705884715762436 0.15983345792955622 0.15023743676633483
30 0.32482722124798247 0.6517555737172398 0.1565991972858944 0.14847467766703631
36 0.8825468860986886 0.7000518877168721 0.15536447921687965 0.15306204811738694
41 0.43618351843733183 0.0805302182262839 0.1526329631253363 0.11399954811738686
28 0.5150537474789845 0.7706719617478789 0.15983345792955603 0.15023743676633483
21 0.10849239104236719 0.7603133436138801 0.14845891535490924 0.14328652991878954
24 0.027000270531018833 0.5042659978405316 0.054000541062037666 0.13978199568106325
21 0.21337091517968226 0.7081779495662612 0.14489687278026225 0.13683627081949085
24 0.08303247720006726 0.45105945712440043 0.14478761213660052 0.13527377081949102
29 0.3641303858465871 0.74059683065707 0.1498028940675858 0.14026165946843888
29 0.47240706159305645 0.6847554457087499 0.14969363342392406 0.1386991594684389
30 0.4319402347416359 0.6013328739940949 0.15514595792955607 0.14993704811738695
12 0.6504549239817585 0.49526904842192865 0.15816169728589458 0.14857480721668548
15 0.5232961163239744 0.23756956507936647 0.14980289406758587 0.14026165946843888
9 0.7744341013177118 0.7535495226651923 0.15492743664223277 0.14681204811738677
37 0.9205053440282448 0.5612292196105598 0.09845891535490914 0.14008238433001133
12 0.538763671131767 0.5438288594961256 0.15838021857321785 0.15169980721668547
13 0.4944452246021772 0.45937471390734724 0.16139595792955602 0.1503375663159842
15 0.41138634218665937 0.2892543761535633 0.15983345792955622 0.15023743676633483
41 0.32703811138029587 0.11512765885013006 0.1545996547112475 0.14212454811738687
0 0.6316274223922747 0.18094693013104632 0.14322511213660044 0.13517364126984158
0 0.7160849138423 0.3535111474344796 0.15838021857321785 0.15169980721668547