17 0.6831198985866658 0.42001686187238674 0.23456765551388833 0.24434512117350254
39 0.8911266499058563 0.309954695413614 0.21774670018828743 0.26062509263745515
39 0.4488706206414341 0.5399634505809006 0.22804425344036988 0.2409290227450791
32 0.5730943303488424 0.11072336848741533 0.2555636606976847 0.22144673697483067
4 0.6763298222438412 0.683118329407398 0.24788786173444405 0.2543023180303493
25 0.33394966672995274 0.46373489847120464 0.24122775862416618 0.24932371960192587
13 0.45243795216805494 0.2848564195636539 0.25353226899175885 0.2654581418516669
0 0.5533590883608779 0.8645588821362665 0.25888415033009216 0.2376970148871962
9 0.2205979406226839 0.6564939408609908 0.23654025862416628 0.24910539578060842
33 0.3320521419422671 0.7289617921848984 0.22804425344036988 0.24092902274507894
26 0.7958631978327305 0.4892869385891885 0.2502705679549996 0.26375009263745514
9 0.5716656972670826 0.3475490105484792 0.23484105758740698 0.24747012117350248
36 0.44520554429860953 0.8029193689017001 0.24333706277120318 0.25564649420903185
35 0.6873317790765274 0.1633109435515872 0.23144265551388835 0.24419957195929073
32 0.8008563283225921 0.23254463296483596 0.2327317534403698 0.2411473465663966
29 0.5631080693691192 0.6083795026905964 0.22777085136685143 0.23780402274507892