26 0.22661045574012445 0.3971578234595201 0.1795639913621267 0.17169554220663663
35 0.3877680012366177 0.37873728571711024 0.18601425046142533 0.17492963636243813
25 0.39272920419896495 0.5448708003276068 0.18308950956072395 0.1780000892845374
26 0.2309906678017704 0.5601799748394919 0.17673938001107467 0.17632849512873605
33 0.5559732765319289 0.6887320742735943 0.19150278685861988 0.1875114569792892
22 0.3973096753599096 0.7047679517075787 0.18817752775932126 0.18433190990138842
32 0.23565148211516976 0.7310009894499885 0.17976425046142533 0.17482054220663662
19 0.7065773604282013 0.3357143940796664 0.19578976866002265 0.18134327759614005
24 0.545500158084163 0.3650587950526011 0.18893899136212672 0.17185918344033874
38 0.726505822028422 0.6701478952974824 0.19785291640826924 0.18918305113509035
21 0.7159256747416007 0.506453588073312 0.192764898209672 0.18285123051823932
36 0.5491992496954582 0.526532083202048 0.18953976866002265 0.18123418344033873