26 0.7782032359020602 0.3639419962704137 0.2319640854824973 0.22692542740790583
35 0.6811291715896945 0.49060407281923685 0.2388060813333123 0.23506547602842484
25 0.5484448809230382 0.38539535165205213 0.24025018216314925 0.2335848631835546
26 0.6488215439906485 0.2609132507929695 0.23520748465266034 0.22865170171816523
33 0.32271117511417946 0.40820648914586616 0.25201647635429064 0.2450955732694627
22 0.4200220377668712 0.28466941259704304 0.24709217801396446 0.24172491180407354
32 0.5120534045687477 0.15356549751360915 0.23532588382282338 0.23021420171816526
19 0.4940714925500448 0.7443409837187992 0.2504539763542907 0.24501368611433297
24 0.5828002605966768 0.6110570929456248 0.23880608133331246 0.23506547602842467
38 0.21823900789738443 0.5407467514703381 0.25549667386477964 0.24994684757972224
21 0.35441515146847 0.6402820047496984 0.2487730771841276 0.2433692989592032
36 0.4541998186852651 0.5079874038906158 0.2470921780139646 0.24172491180407346