31 0.5990948400049488 0.21314504692303834 0.0777841632744117 0.05705558344622812
27 0.5645240089335699 0.439301433173657 0.07762038896415202 0.05393058344622812
27 0.5569704585040286 0.4937432717082677 0.07745661465389268 0.05080558344622812
31 0.590596265265148 0.2706709418800842 0.0776203889641522 0.05393058344622812
40 0.570596946518241 0.38321520748391646 0.07457727611928178 0.05532930913596852
27 0.545592545229617 0.546417892355054 0.07589411465389251 0.050723696291098366
14 0.5223963054063823 0.7050149643813214 0.07753850180902226 0.05236808344622794
14 0.536394607644946 0.602340343734535 0.0774566146538925 0.05080558344622812
31 0.6085384390550092 0.15253509554355735 0.07951043758467105 0.06026247060135783
40 0.5782733276804769 0.3264296189493057 0.06503850180902226 0.05171298620519007
14 0.5290048315256641 0.6536571822691458 0.07745661465389268 0.050805583446227945
38 0.5068355031678188 0.807607697872978 0.06948034034363318 0.04727114767057934
38 0.5164871421319708 0.757976190071062 0.06471095318850324 0.04546298620519007
38 0.4987463642036666 0.8573210928300238 0.06471095318850324 0.04546298620519025
38 0.48749128166194977 0.9076519634768102 0.06939845318850324 0.04570864767057934