31 0.2046875 0.32198970870864385 0.0640625 0.08610436597668399
27 0.425 0.3677954257156575 0.0609375 0.08586756763635783
27 0.478125 0.37783235393011466 0.0578125 0.08406826929603187
31 0.2609375 0.33335233858277497 0.0609375 0.08586756763635801
40 0.3703125 0.3586581466713633 0.0609375 0.08274256763635793
27 0.52890625 0.39195313089981637 0.0578125 0.08250576929603186
14 0.68359375 0.422419113053677 0.059375 0.08418666846619498
14 0.5828125 0.402712109529192 0.0578125 0.08406826929603195
31 0.14609375 0.31002342758975726 0.0671875 0.08790366431701005
40 0.31484375 0.3480175672121507 0.0578125 0.07313076929603195
14 0.6328125 0.4122045860839753 0.0578125 0.08406826929603181
38 0.7828125 0.4422445157483249 0.0546875 0.07601897095570571
38 0.73515625 0.4302306904382972 0.0515625 0.07109467261537983
38 0.83125 0.45263664147327126 0.0515625 0.07109467261537983
38 0.8796875 0.4661537671982175 0.053125 0.07590057178554285