31 0.82734375 0.58046875 0.04609375 0.07109375
27 0.5984375 0.57734375 0.04296875 0.07265625
27 0.54375 0.57734375 0.04140625 0.07109375
31 0.76875 0.5796875 0.04453125 0.07265625
40 0.6546875 0.57578125 0.0453125 0.06796875
27 0.48984375 0.5734375 0.040625 0.0703125
14 0.3296875 0.57265625 0.0421875 0.071875
14 0.43359375 0.57265625 0.04140625 0.07265625
31 0.88828125 0.58125 0.04921875 0.07265625
40 0.71171875 0.57578125 0.04453125 0.06015625
14 0.38203125 0.57265625 0.04140625 0.07265625
38 0.2265625 0.571875 0.0390625 0.0640625
38 0.2765625 0.57421875 0.03671875 0.06015625
38 0.17578125 0.57109375 0.03828125 0.059375
38 0.125 0.56640625 0.03671875 0.0640625