16 0.92734375 0.52265625 0.06015625 0.0796875
16 0.85 0.521875 0.05859375 0.07890625
16 0.778125 0.52109375 0.05625 0.078125
14 0.50859375 0.521875 0.05234375 0.0765625
10 0.32890625 0.51796875 0.0484375 0.07578125
10 0.38671875 0.51953125 0.04765625 0.075
35 0.640625 0.52421875 0.059375 0.08046875
35 0.709375 0.52109375 0.059375 0.08046875
12 0.16328125 0.51796875 0.05 0.07109375
15 0.44765625 0.51953125 0.0484375 0.07265625
13 0.571875 0.51953125 0.05546875 0.078125
12 0.21484375 0.52109375 0.046875 0.07265625
10 0.271875 0.51796875 0.0453125 0.0734375
12 0.109375 0.5171875 0.04921875 0.06953125
1 0.05625 0.51640625 0.05859375 0.0703125