16 0.05062489674235038 0.6446138209619828 0.09114915990702757 0.10178928413027996
16 0.1244665883282616 0.6206750629988879 0.09114915990702759 0.1017892841302798
16 0.19351151927051108 0.5980257892507773 0.0878056386197041 0.09848227360693614
14 0.4498322111085239 0.5109786284874372 0.0844621173323807 0.09517526308359248
10 0.6222260171768241 0.45748044411716104 0.07955609604505724 0.0917772472985769
10 0.5668993788092216 0.47465326258948226 0.07799359604505725 0.09168624203690498
35 0.323062261476841 0.5514454628153612 0.0927116599070276 0.1018802893919517
35 0.25859556989092974 0.5759302523484873 0.0927116599070276 0.1018802893919517
12 0.7805026929232936 0.40394446239183823 0.07944683540139544 0.0902147472985769
15 0.5090650994761263 0.4940333231692957 0.07777507475773363 0.08856124203690499
13 0.3902169104881052 0.5333926838055788 0.08780563861970414 0.09848227360693614
12 0.7301367061648453 0.417484046649175 0.07621257475773362 0.0884702367752332
10 0.6768806661880884 0.43869962301400395 0.07465007475773362 0.08837923151356133
12 0.8318684509690651 0.38732538076533735 0.07766581411407207 0.08699874203690498
1 0.883179578693006 0.3714875491388366 0.08736859604505724 0.09223227360693613