35 0.7640625 0.396875 0.05859375 0.07734375
35 0.83203125 0.39609375 0.06015625 0.075
35 0.89921875 0.39453125 0.0640625 0.0765625
18 0.509375 0.39765625 0.0484375 0.06796875
24 0.3328125 0.3984375 0.0453125 0.06484375
24 0.39140625 0.40234375 0.04609375 0.06640625
18 0.45 0.4 0.04765625 0.06953125
24 0.2765625 0.40234375 0.0453125 0.065625
25 0.21875 0.40234375 0.0484375 0.06484375
12 0.69921875 0.39453125 0.05546875 0.07421875
18 0.56875 0.39765625 0.04921875 0.06875
12 0.63203125 0.3953125 0.0515625 0.06953125
25 0.1640625 0.40546875 0.053125 0.06640625
25 0.11171875 0.40546875 0.0546875 0.0640625