35 0.5730044454583172 0.8125906595199062 0.08498121572854593 0.0711709539114814
35 0.5729974692064278 0.8801199121118044 0.08176521046687384 0.06933505183796278
35 0.5745529929545382 0.9477858657404618 0.08369173151356132 0.07572175287472191
18 0.5729945531108287 0.5566044996706934 0.07487817363517095 0.05785074769092589
24 0.5739031476797476 0.37922179345013773 0.0700086631118273 0.05431564458064795
24 0.5696636977362173 0.4385284429317581 0.07166216837349922 0.05601484561740726
18 0.5709840030543589 0.49675104604203585 0.07478716837349922 0.056288247690925886
24 0.5701025844690982 0.3231378887847211 0.0700086631118273 0.05431564458064795
25 0.5703447791509566 0.26505198671120256 0.07175317363517095 0.05757734561740726
12 0.575218663817699 0.747610208483147 0.08158319994353036 0.06621005183796277
18 0.5726613531672984 0.6162529017442118 0.07496917889684288 0.05941324769092589
12 0.5752256400695884 0.6800809558912488 0.07506018415851479 0.06097574769092588
25 0.5672799633094714 0.20981768256416555 0.07202618942018653 0.06226484561740726
25 0.5679848895754784 0.15726888100902667 0.07055469468185827 0.06369064458064803