16 0.9251850973901792 0.3436255487532587 0.07763519867918127 0.09843724212409218
16 0.8496129327259517 0.3677802679985337 0.07761701734563572 0.09687474212409226
16 0.780272586728179 0.38986230421327045 0.07447383601209019 0.09505715060882318
14 0.5193265434038604 0.4776324686170552 0.071330654678545 0.09323955909355419
10 0.3447810767424965 0.5309800934721232 0.066606792011454 0.08973192182065048
10 0.400885626074133 0.5138884461972799 0.06504429201145392 0.08960437606301604
35 0.647887348066497 0.43742244361220595 0.07765338001272663 0.09999974212409231
35 0.7140572407304061 0.4116892489127382 0.07765338001272681 0.09999974212409217
12 0.1843162914146781 0.5847423065084802 0.06657042934436311 0.08660692182065048
15 0.4600879034054513 0.49419795740716754 0.0650079293443632 0.08647937606301603
13 0.5800549580680878 0.4546894340693083 0.07447383601209037 0.0950571506088231
12 0.2349793627466327 0.5704408193853578 0.0634454293443631 0.0863518303053814
10 0.2894759587444055 0.5495704678681491 0.06346361067790855 0.0879143303053814
12 0.1321089014162689 0.6007338393892372 0.06653406667727224 0.08348192182065048
1 0.08069185208463246 0.6174428493911768 0.07596361067790858 0.08893469636645772