22 0.2359375 0.41875 0.04609375 0.0625
22 0.2890625 0.41953125 0.046875 0.0625
33 0.34140625 0.42421875 0.04609375 0.065625
27 0.76484375 0.44453125 0.0453125 0.06640625
33 0.44765625 0.43125 0.04609375 0.06640625
33 0.3953125 0.42734375 0.04375 0.065625
22 0.18515625 0.4140625 0.04453125 0.0609375
29 0.871875 0.44765625 0.053125 0.06796875
28 0.8203125 0.44609375 0.04921875 0.065625
39 0.5 0.434375 0.0484375 0.065625
22 0.1375 0.41171875 0.04453125 0.06015625
39 0.553125 0.43671875 0.0484375 0.06640625
37 0.65859375 0.43671875 0.04375 0.05625
37 0.7109375 0.4390625 0.04296875 0.05859375
37 0.60234375 0.43671875 0.0453125 0.0609375
2 0.08046875 0.40546875 0.053125 0.06640625