35 0.40703125 0.434375 0.04609375 0.05703125
35 0.459375 0.4359375 0.04609375 0.05625
35 0.51171875 0.440625 0.04765625 0.05625
22 0.25234375 0.428125 0.04296875 0.0546875
21 0.7765625 0.453125 0.04765625 0.0546875
21 0.20234375 0.425 0.04765625 0.053125
35 0.3546875 0.4328125 0.046875 0.05625
24 0.66953125 0.446875 0.04453125 0.06015625
24 0.61640625 0.4453125 0.04453125 0.059375
21 0.72421875 0.44921875 0.04296875 0.05234375
24 0.5640625 0.44296875 0.04375 0.059375
23 0.30234375 0.4296875 0.04765625 0.0578125
7 0.096875 0.42109375 0.04609375 0.059375
0 0.04453125 0.415625 0.05703125 0.05859375
36 0.8875 0.45546875 0.04453125 0.05546875
2 0.14921875 0.42265625 0.0515625 0.059375
36 0.94296875 0.46015625 0.0421875 0.05234375
36 0.83203125 0.453125 0.04453125 0.05546875