31 0.23515625 0.54296875 0.05234375 0.0671875
41 0.8328125 0.5625 0.0578125 0.0734375
27 0.7015625 0.55859375 0.05703125 0.07421875
26 0.63515625 0.55546875 0.0546875 0.07421875
30 0.18046875 0.5421875 0.0515625 0.065625
41 0.903125 0.5640625 0.053125 0.0703125
33 0.51875 0.5515625 0.0515625 0.07109375
37 0.3421875 0.54765625 0.04765625 0.06484375
34 0.57421875 0.55546875 0.05078125 0.071875
28 0.76875 0.5609375 0.05859375 0.07421875
32 0.45703125 0.55078125 0.04921875 0.06640625
37 0.3984375 0.5484375 0.0453125 0.0625
37 0.2859375 0.54609375 0.04453125 0.0625
29 0.13046875 0.53984375 0.05078125 0.06484375
4 0.075 0.540625 0.04765625 0.06640625