4 0.9264625421718058 0.40694908390549783 0.05167290919430556 0.07507914558877822
27 0.6565500856747921 0.44145899599483035 0.048511541603125076 0.07331638648947951
27 0.5418336222439241 0.45428726789405544 0.047021776785486226 0.07634125693983015
8 0.37175751158659764 0.4753576388058315 0.05152743882958344 0.06882914558877821
27 0.5964665708571533 0.4484389836563293 0.046949041603124894 0.07321625693983033
8 0.43260409260864624 0.467546336369508 0.05156380642076393 0.07039164558877822
32 0.7665608653100697 0.4281498627445533 0.05167290919430556 0.07507914558877826
8 0.488835908813056 0.46316042258213236 0.05167290919430556 0.07507914558877822
23 0.31559843056454906 0.48286855259320705 0.05323540919430565 0.07517927513842756
32 0.8203761963321184 0.4207891432816517 0.048511541603124896 0.07331638648947955
32 0.7119642842880213 0.4355606469822795 0.05007404160312508 0.07341651603912905
23 0.19692116574691015 0.4936033983665554 0.05799564437666671 0.07860466378737563
23 0.25705923195131986 0.48896716070505664 0.05643314437666671 0.07850453423772627
37 0.13692856990722263 0.5044896360280543 0.05305357123840286 0.06736677513842756
37 0.07531892268076432 0.5131322532392024 0.05465243882958339 0.06902940468807692
7 0.8695403949453476 0.41529131246769807 0.054834276785486226 0.07684190468807692