19 0.4484375 0.49296875 0.05546875 0.07421875
17 0.6546875 0.49296875 0.0609375 0.075
17 0.725 0.49765625 0.0609375 0.07109375
19 0.246875 0.490625 0.04921875 0.07421875
20 0.3140625 0.49140625 0.05703125 0.06875
20 0.51484375 0.49453125 0.05625 0.06875
24 0.8671875 0.503125 0.06015625 0.08359375
21 0.38046875 0.4921875 0.053125 0.06640625
25 0.9390625 0.50546875 0.075 0.08359375
21 0.58671875 0.49453125 0.059375 0.07109375
23 0.79375 0.503125 0.06171875 0.08125
38 0.11171875 0.48359375 0.0515625 0.06640625
38 0.17734375 0.4875 0.0515625 0.065625
38 0.04765625 0.48125 0.04921875 0.0703125