4 0.0828125 0.5125 0.04765625 0.06953125
27 0.35390625 0.509375 0.04296875 0.06953125
27 0.46875 0.51015625 0.0421875 0.071875
8 0.63984375 0.50859375 0.04765625 0.06328125
27 0.4140625 0.509375 0.0421875 0.06953125
8 0.57890625 0.509375 0.046875 0.0640625
32 0.24375 0.51015625 0.046875 0.06796875
8 0.52265625 0.5078125 0.04765625 0.06796875
23 0.69609375 0.5078125 0.0484375 0.06875
32 0.18984375 0.5109375 0.04453125 0.06796875
32 0.2984375 0.509375 0.0453125 0.06875
23 0.81484375 0.5109375 0.05234375 0.07109375
23 0.7546875 0.50859375 0.0515625 0.071875
37 0.875 0.50703125 0.0484375 0.06015625
37 0.93671875 0.50546875 0.05 0.06171875
7 0.140625 0.5109375 0.05 0.06953125