31 0.6954994872768505 0.7564187357416657 0.08767494872768503 0.07627481252120454
41 0.4590215598964812 0.18114837331312847 0.09603425287472209 0.08279763103285878
27 0.5113638928372216 0.3075943114248962 0.09589755183796278 0.08123513103285873
26 0.5372127848259716 0.3715848895551973 0.09576085080120364 0.07967263103285882
30 0.7179793714899059 0.8086087183184706 0.08583904665416657 0.07309524881887378
41 0.43133676583421277 0.1139782314804965 0.09079994872768501 0.0763839399258662
33 0.5828560584358787 0.48377735470880695 0.09236244872768502 0.0764385036281972
37 0.6537330693691192 0.6529291479927177 0.08400314458064813 0.06991568511654282
34 0.5625148726676844 0.4293254676854984 0.09066324769092589 0.07482143992586625
28 0.48544665033009216 0.24282248329459505 0.0977334539114814 0.08441469473518967
32 0.6082264967959712 0.542299182839108 0.08413984561740726 0.07147818511654283
37 0.6311164841193044 0.5991766654159129 0.0806047425071295 0.06668155771188111
37 0.6763496546189339 0.7066816305695227 0.07890554147037036 0.06506449400955035
29 0.7369925031110632 0.8567833234906136 0.08413984561740726 0.07147818511654265
4 0.7610348873241186 0.9090278697697496 0.08400314458064813 0.06991568511654264