20 0.3847047555815713 0.3408384945999736 0.08347177956950462 0.084497016805914
20 0.34296886579681896 0.2985899861970166 0.08339900496239876 0.08293451680591399
24 0.5832450711307212 0.5352927846375921 0.07849318114108109 0.07805601581733086
22 0.6568688157540377 0.6092515494663397 0.07849318114108109 0.07805601581733086
24 0.2556272235308673 0.21471505190061668 0.08837760339082212 0.08937551779449712
25 0.4650515351510759 0.42520817741349876 0.0817637303552928 0.08130834980971961
24 0.3005245006191726 0.25787214429596245 0.0866695541766104 0.08618685079830275
23 0.6169501370941559 0.5725354580595772 0.0817637303552928 0.08130834980971961
25 0.5042981257216164 0.4642361853221642 0.0817637303552928 0.08130834980971961
20 0.4263678707592177 0.3815245030029305 0.0817637303552928 0.08130834980971961
25 0.5441076424708394 0.49860852672892675 0.08339900496239867 0.08293451680591382
18 0.7623804152159185 0.7149205707208781 0.06875430810555194 0.06986151384016459
18 0.7280032611631425 0.6799898138007958 0.07202485731976367 0.07311384783255334
5 0.7966847946615886 0.7482888276409602 0.07202485731976367 0.07311384783255334
0 0.8318431987143645 0.7832514180591396 0.07849318114108109 0.07805601581733086
18 0.6952249944139195 0.645903973876908 0.07366013192686935 0.07474001482874755