20 0.7140625 0.53828125 0.05 0.0640625
20 0.77109375 0.540625 0.05078125 0.06328125
24 0.4484375 0.53125 0.04375 0.06328125
22 0.34765625 0.52734375 0.04375 0.06171875
24 0.88671875 0.54296875 0.053125 0.0671875
25 0.603125 0.53125 0.0484375 0.0625
24 0.82734375 0.54140625 0.0515625 0.06640625
23 0.4 0.5265625 0.0484375 0.06171875
25 0.55 0.5296875 0.0484375 0.0625
20 0.65859375 0.53671875 0.0484375 0.06171875
25 0.49921875 0.53125 0.04921875 0.0625
18 0.20546875 0.521875 0.0375 0.05625
18 0.25234375 0.52421875 0.04140625 0.0578125
5 0.159375 0.52109375 0.04453125 0.0546875
0 0.11171875 0.51875 0.04921875 0.05625
18 0.296875 0.5265625 0.040625 0.05859375