29 0.46117819682972405 0.6720853193459793 0.07461026217486477 0.06932431301126592
24 0.5157645109537533 0.5751361115075626 0.07461026217486459 0.06932431301126592
23 0.3506748936627434 0.8793104491294349 0.08423072402541773 0.08365959765100221
6 0.7510284862002823 0.12666019292773573 0.07304776217486478 0.06927884890464334
25 0.48927987743068907 0.6251504833734596 0.07625458279171564 0.07405727711788863
29 0.4339395868456101 0.7236849232651874 0.07937958279171564 0.07414820533113406
23 0.3802299801079071 0.8260801490502926 0.08576595048646736 0.08214256175762494
18 0.6391263242670038 0.34330578681781415 0.06822389448011279 0.061329956584775226
23 0.410593590092021 0.774389616917839 0.0778716298696164 0.07722774122451134
18 0.6586751651763942 0.2989647534317193 0.06822389448011297 0.061329956584775316
40 0.5657178721556833 0.4814482959890142 0.07143071509696383 0.06610838479802066
23 0.538451988632619 0.5314853999082224 0.07622730925276536 0.07249477711788863
18 0.6821711663942102 0.2568538097790677 0.06822389448011297 0.061329956584775226
18 0.7056398940730759 0.21318036612641617 0.06345457386326174 0.05650606426490725
40 0.615739417204989 0.3916667304704657 0.06668866801906326 0.06284699247815259
2 0.7275733952908918 0.1711148865803873 0.07628185633066593 0.07561977711788867
40 0.5907081895261234 0.43538563822973997 0.06827844155801373 0.06445495658477522