14 0.29577016681580975 0.4558842643410859 0.08508724025173775 0.11740634793281682
14 0.35257627386942403 0.4463078076781109 0.08520563942190078 0.11896884793281681
11 0.7063865128717619 0.3959001040974547 0.0868865385920639 0.12063147748246603
9 0.8241417753193165 0.3801225146456278 0.0884490385920639 0.12073160703211538
10 0.7648143195104578 0.38720502698412884 0.08700493776222692 0.12219397748246603
37 0.4119629292633643 0.4400065453396097 0.08508724025173779 0.11740634793281668
41 0.1228304968997223 0.4821196900055373 0.08340634108157471 0.11574371838316751
8 0.8870794832027677 0.3693840761812499 0.08700493776222658 0.12219397748246603
37 0.46810618548714167 0.43194252390180987 0.08364313942190069 0.11886871838316745
13 0.5847842000092888 0.4122086196751583 0.08520563942190088 0.11896884793281667
12 0.6463370066479845 0.4037138016611312 0.0852056394219007 0.11896884793281667
41 0.17981420270858112 0.4748869833425623 0.08172544191141169 0.11408108883351815
41 0.23818280976219547 0.46541065622923644 0.08340634108157466 0.11574371838316751
37 0.526356393370593 0.42090369678848416 0.0853240385920639 0.1205313479328168
0 0.948147037766871 0.3647454433923981 0.08532403859206354 0.12053134793281677