3 0.8422719929692366 0.6802640494824057 0.06417290919430556 0.07734304147037037
19 0.2204300945085073 0.45979253944411996 0.06250130642076393 0.07251884043361105
19 0.17012096998347256 0.44213685626782373 0.06413654160312507 0.07578054147037036
34 0.465725717133681 0.547524151178564 0.05788654160312508 0.07523373732333312
19 0.11508797786725729 0.42250856998124975 0.07518314437666672 0.08142494872768502
34 0.41619784260864623 0.5299368185206473 0.05788654160312508 0.07523373732333312
40 0.2707755866247226 0.4790107226204162 0.0594126740119445 0.07380793836009261
23 0.6552070976426394 0.6155591261080543 0.05785017401194459 0.07367123732333329
40 0.3226108435585768 0.49524060683347165 0.06093880642076392 0.07238213939685174
34 0.36748758567479206 0.5139803363811104 0.05948540919430565 0.0769329383600926
23 0.7039719059632643 0.6338593582475912 0.056251306420763925 0.07197203628657398
23 0.7503565966927088 0.6503920388319894 0.05156380642076393 0.07156193317629622
7 0.7943248022397922 0.6635946678612485 0.06413654160312507 0.0757805414703702
4 0.8925993012898615 0.698700982658702 0.0688240416031249 0.07619064458064813
14 0.5128371064763545 0.5617814322813416 0.05785017401194459 0.07367123732333311
14 0.5615837310013894 0.5793004144208785 0.05468880642076392 0.07183533524981485
14 0.6088587745043755 0.6005889455236563 0.05312630642076392 0.07169863421305536