3 0.44451763049705784 0.7972587053846516 0.07635468639013113 0.06950886182749905
19 0.5780314368943342 0.16825459915622987 0.07312042574646949 0.06770956348717308
19 0.5886522266189896 0.11797025662476264 0.07479218639013112 0.06939046265733609
34 0.524708966983734 0.4165513118135659 0.07580838317182241 0.06169636182749905
19 0.6004531040908289 0.0620987649231324 0.08013525025210164 0.07912066016782515
34 0.5353297567083894 0.36626696928209873 0.07580838317182241 0.06169636182749905
40 0.5659027774915097 0.21943859085786008 0.07290190445914586 0.06458456348717308
23 0.48313274422314223 0.6081952827692717 0.07424588317182242 0.06157796265733602
40 0.5569537484105161 0.27116703421916427 0.07301116510280767 0.06614706348717307
34 0.5444426767548756 0.3168822759207945 0.07591764381548423 0.06325886182749904
23 0.4716214438548251 0.6569763248858205 0.07268338317182241 0.061459563487172984
23 0.46161801316467715 0.7048577178322063 0.07079310124083733 0.05665366431700995
7 0.4536851808653749 0.7486552620233473 0.07624542574646931 0.06794636182749905
4 0.43311559077240247 0.8476022475012004 0.07668246832111639 0.07419636182749904
14 0.517049286293586 0.46425510600470704 0.07424588317182242 0.06157796265733602
14 0.5055379859252691 0.5130361481212559 0.0710116225281606 0.059778664317009955
14 0.491628305235121 0.5612135389930492 0.07090236188449897 0.058216164317009954