22 0.720867158813056 0.435844226033921 0.06435474715020853 0.08478933030538141
19 0.37693662727791716 0.5234068384711532 0.06257404160312507 0.07528678454774677
19 0.48814623100138926 0.49241231680028397 0.06264677678548622 0.07841178454774696
20 0.5465945106366672 0.48137935088898887 0.06264677678548622 0.07841178454774678
20 0.8384904166968408 0.41137077133251354 0.06268314437666689 0.07997428454774683
19 0.4368746717308338 0.5091213268022237 0.06101154160312507 0.07515923879011233
21 0.779333622243924 0.4255925101226259 0.06424564437666654 0.0801018303053814
25 0.21033100873680605 0.5620542345380486 0.07213087955902786 0.08386455909355402
20 0.6601842319513198 0.45175601058166776 0.06268314437666671 0.07997428454774677
40 0.1574242142838894 0.5757657902976228 0.06580814437666671 0.08022937606301603
40 0.09901230223979215 0.5883612562089178 0.06584451196784728 0.08179187606301604
20 0.6056603861116324 0.4632513620988766 0.0627195119678472 0.08153678454774678
24 0.2679071193941324 0.5471787915055707 0.06271951196784728 0.08153678454774678
23 0.3255195976426394 0.5338658484730929 0.06740701196784729 0.08191942182065048
6 0.8984102773541671 0.3963040096635839 0.08012521751493082 0.0923147878817268