19 0.559300793165456 0.4683860063347131 0.06806476099766208 0.07525606426490725
20 0.6087796522936626 0.44972092286947607 0.06614706348717299 0.07052310015828453
17 0.3544841612167323 0.5346344466221524 0.06614706348717307 0.07052310015828453
17 0.30789350374819957 0.5500836018741442 0.06446616431701005 0.06891513605166182
17 0.2590182958647483 0.56638220328607 0.06470296265733602 0.07204013605166182
35 0.4584253773985534 0.5010741373718102 0.06290366431700996 0.0688696719450391
21 0.6637864610069508 0.4316779650310595 0.06602866431700996 0.06896060015828454
41 0.8239417883915712 0.375341733835678 0.06962726099766207 0.07530152837152997
41 0.9369620066479847 0.3376023899455996 0.06818316016782547 0.07681856426490725
41 0.8788893975197778 0.35651752599726144 0.07142655933798814 0.07847199247815259
35 0.5050160348670861 0.4856249821198183 0.06290366431700996 0.0688696719450391
35 0.4072656191001836 0.5182221849436699 0.0612227651468471 0.06726170783841638
1 0.20948023715146 0.5842660367513071 0.06950886182749907 0.07373902837152997
23 0.7141649693053207 0.41455264951251103 0.07142655933798814 0.07847199247815269
23 0.7668280280186088 0.39657788783402853 0.07310745850815117 0.08007995658477522
4 0.11065257345914994 0.61297972162847 0.06806476099766212 0.07525606426490725
7 0.16126788009784573 0.5989794061099216 0.06962726099766212 0.07530152837152997