11 0.9609375 0.54375 0.05546875 0.0671875
11 0.83203125 0.5390625 0.05078125 0.06484375
11 0.89296875 0.54140625 0.0546875 0.06875
30 0.26328125 0.5171875 0.05 0.065625
1 0.1046875 0.50859375 0.05234375 0.0640625
30 0.31875 0.51875 0.05 0.0625
34 0.71328125 0.53125 0.05 0.06640625
30 0.21015625 0.51328125 0.05078125 0.0640625
34 0.77265625 0.53359375 0.0515625 0.0671875
33 0.48359375 0.521875 0.04609375 0.0640625
37 0.653125 0.53046875 0.04765625 0.06015625
33 0.428125 0.51953125 0.0484375 0.0640625
33 0.37265625 0.51875 0.05 0.06484375
37 0.596875 0.5296875 0.0484375 0.05859375
4 0.05078125 0.50703125 0.0515625 0.05859375
37 0.540625 0.5265625 0.04609375 0.059375
7 0.1578125 0.51015625 0.04765625 0.06484375