11 0.5234375 0.4984375 0.04921875 0.0640625
11 0.63828125 0.50234375 0.0484375 0.06484375
11 0.58046875 0.5 0.0484375 0.06484375
27 0.69921875 0.5046875 0.0421875 0.06484375
27 0.75703125 0.50625 0.04453125 0.065625
8 0.17421875 0.4875 0.05625 0.06640625
29 0.81328125 0.5078125 0.053125 0.06484375
29 0.87265625 0.51015625 0.0546875 0.065625
34 0.40546875 0.49609375 0.05234375 0.06640625
8 0.23203125 0.490625 0.0578125 0.06796875
29 0.9328125 0.51015625 0.0625 0.06640625
34 0.34765625 0.49296875 0.05703125 0.0671875
6 0.11484375 0.48671875 0.0578125 0.0640625
34 0.46171875 0.496875 0.05234375 0.06640625
1 0.0578125 0.48203125 0.0546875 0.06640625
8 0.2890625 0.49140625 0.05234375 0.065625