11 0.9762448797791905 0.5246007158025009 0.04751024044161909 0.08604790919430556
11 0.9278064698337257 0.530140894564098 0.07944683540139544 0.08764677678548623
11 0.8627277730520344 0.5364259557345146 0.07955609604505724 0.08920927678548622
35 0.3843021242928716 0.5767690538553127 0.08133711733238069 0.0923706443766669
35 0.31448129718934936 0.5821637622521877 0.0828996173323806 0.0924070119678472
35 0.24320723072948888 0.5890846030578821 0.07966535668871888 0.09077177678548623
36 0.16708177330413582 0.5935525910900348 0.07319683540139543 0.08750130642076392
21 0.6619136720632985 0.5535913526766325 0.07232275025210164 0.07500130642076393
21 0.72699236884499 0.5473062915062158 0.07399451089576328 0.07660017401194459
21 0.796031945948512 0.5418933993137507 0.07076025025210164 0.07496493882958344
36 0.09658895684427538 0.6004916156913195 0.07275979282674849 0.08125130642076392
38 0.5261236375344234 0.5636904384483337 0.07465007475773362 0.08597517401194459
38 0.5944365949597763 0.5590406124602783 0.07286905347041035 0.08281380642076393
38 0.45479494075273197 0.5698300292540281 0.07621257475773362 0.08601154160312507