32 0.36740383102446167 0.37987325342286005 0.075574313011266 0.07642984882113639
31 0.6888934199664821 0.6750014337277463 0.07883570533113407 0.08124468281352507
31 0.7643049454350181 0.7382561674161239 0.07883570533113407 0.08124468281352523
35 0.4412983205996204 0.4416291541074321 0.0691424565847754 0.06992518083635879
35 0.47619014614729877 0.476102313194961 0.07075042069139811 0.07155134783255335
32 0.30226221582248236 0.3122984342592189 0.07718227711788864 0.07805601581733076
32 0.332489273423472 0.3461813443353311 0.075574313011266 0.07642984882113639
35 0.404707602732074 0.4119071620160975 0.07075042069139795 0.07155134783255317
31 0.7261744596207832 0.7078165923209837 0.07879024122451135 0.07968218281352524
28 0.5841497471635131 0.5739257064651593 0.07075042069139795 0.07155134783255317
28 0.6539333982588698 0.6428720246402173 0.07557431301126591 0.07642984882113649
28 0.6166523586045688 0.6100568660469798 0.07557431301126591 0.0764298488211363
26 0.5429169934025895 0.5428322153624079 0.07401181301126591 0.0763661818249421
26 0.5071302575883544 0.512297139772976 0.07879024122451135 0.07968218281352506