17 0.699623175967805 0.8848130464894481 0.11125051779449713 0.09254454274124839
35 0.5243314269192072 0.48211133113281973 0.1206891847906915 0.09481743776222692
36 0.4062221195813831 0.2021259879766526 0.11424818380210837 0.08965634108157465
41 0.47609290368750257 0.3686399043682551 0.12218801779449713 0.09337333693238987
35 0.5025399985543062 0.42516259150578195 0.12381418479069169 0.09505423610255281
41 0.4527389753226017 0.31157276557105423 0.11899935079830275 0.09157403859206373
36 0.4286674639538952 0.25600892718877194 0.11437551779449713 0.09278134108157472
40 0.6035772110253268 0.6493356425454004 0.09849584980971962 0.08534734937994451
39 0.5717250331547173 0.593961058312303 0.12706651878308045 0.09841603444287887
39 0.5491841882879137 0.5377343691001836 0.1253766847906915 0.09517263527271584
17 0.7230089378308031 0.942661435286649 0.11931768577927464 0.0993865385920639
28 0.6722993306067098 0.8258874097668398 0.12413251977166358 0.102866736102553
28 0.6505397357399061 0.7697199201398021 0.11437551779449713 0.09278134108157463
40 0.6271221403788108 0.7110902813426012 0.103247016805914 0.0872650468904336
1 0.3765226907221906 0.1422415024987997 0.13200868676785796 0.10502123195336796