21 0.7616427406110935 0.4049161788714475 0.05219884667409058 0.05498748184962743
30 0.37940295261777496 0.35792456684595386 0.0601204346753633 0.06440793364502548
22 0.8154853559436844 0.4100713114832007 0.056959072008272216 0.06126475292686617
27 0.1451643126193658 0.3475693707078965 0.04762043467536321 0.0643352107723885
28 0.2607256779519568 0.35236543413600485 0.05387043467536321 0.06437157220870696
34 0.7085722846117297 0.40053775108015455 0.06008407200827222 0.06128293364502539
27 0.20372169995227493 0.35035348224241086 0.05074543467536321 0.06435339149054772
34 0.6540393259468661 0.38757466364794113 0.05383407200827239 0.06124657220870704
32 0.4316103426161842 0.3693387898167867 0.05697725334181776 0.06282725292686617
33 0.5439648919478206 0.38118428396305415 0.0585579346753633 0.06439884328594588
33 0.5977984166136388 0.38712066657480737 0.0569954346753633 0.06438975292686626
32 0.4893501172820024 0.3752524465308408 0.05697725334181776 0.06282725292686617
23 0.8669842212762753 0.41524007963357334 0.06008407200827222 0.06128293364502544
29 0.3232074966184113 0.3535643197728201 0.05387043467536321 0.06437157220870696