20 0.4199612873964004 0.6119001341731278 0.07293624203690503 0.07628070018457009
22 0.7166682293768356 0.49917410085825215 0.07477175782192055 0.08106832973421944
20 0.37172120847132256 0.6323337476836481 0.0745897472985769 0.07794332973421944
20 0.46889161105980615 0.593079085437432 0.07137374203690498 0.07618057063492074
22 0.7664708083019134 0.4788406168973811 0.07477175782192055 0.08106832973421944
25 0.8771044714137407 0.43731205582318433 0.0909427893919517 0.09144462523071262
36 0.27542306114451076 0.6700759747046889 0.06485072625188959 0.07109255243632351
25 0.8224323819653193 0.46047015113510736 0.08441977360693613 0.08635660703211538
22 0.6686101609751016 0.5164827143687726 0.07477175782192055 0.08106832973421944
36 0.3203106269154089 0.6533483520948699 0.06475972099021768 0.06953005243632351
18 0.6132478267883521 0.538028244905871 0.06981124203690499 0.07608044108527139
3 0.1825684322335505 0.7025497108250283 0.0745897472985769 0.07794332973421944
18 0.5660620136482898 0.5538244231912159 0.07146474729857707 0.07774307063492074
18 0.514787939984884 0.5724952776024377 0.06328822625188942 0.07099242288667415
36 0.2281917453736127 0.686653402990034 0.06824874203690508 0.07598031153562204
7 0.1320301059393087 0.7220518800110746 0.0810217578219206 0.08146884793281686