26 0.66328125 0.43671875 0.0578125 0.075
26 0.73125 0.4375 0.0609375 0.078125
26 0.8046875 0.43984375 0.0625 0.07890625
32 0.8765625 0.4421875 0.06484375 0.08203125
32 0.95 0.44296875 0.06953125 0.0828125
40 0.5296875 0.43125 0.05703125 0.075
40 0.59765625 0.43359375 0.05625 0.0734375
28 0.13671875 0.42109375 0.05546875 0.07890625
40 0.46015625 0.42890625 0.05859375 0.0765625
28 0.19921875 0.425 0.0546875 0.078125
28 0.071875 0.4140625 0.05546875 0.07734375
13 0.3953125 0.43046875 0.05625 0.07734375
13 0.32734375 0.42734375 0.05703125 0.0796875
13 0.26328125 0.42578125 0.05625 0.07890625