11 0.44165372435007566 0.5325432463168293 0.05949496832111638 0.0725741225281606
11 0.3285199398212004 0.5112859693295226 0.05960422896477802 0.0741366225281606
11 0.3850595169247226 0.5223052328231759 0.05960422896477802 0.0741366225281606
27 0.26812874303950907 0.4992123042267149 0.05324496832111638 0.0721370799535137
27 0.2115891659359869 0.4881930407330615 0.05480746832111638 0.07224634059717552
8 0.7856333172930396 0.5982053592097344 0.06741672896477802 0.07468292574646931
29 0.15577620851063384 0.47800965756123903 0.06429172896477806 0.07446440445914604
29 0.09772876172894251 0.46609988342392394 0.06585422896477806 0.07457366510280768
34 0.5579125088789508 0.5540190445914593 0.06429172896477801 0.07446440445914604
8 0.7291483705113484 0.586404845716081 0.06919775025210165 0.07791718639013112
29 0.03790029365992771 0.4572058486429472 0.07366672896477808 0.07511996832111638
34 0.6143974556606422 0.5658195580851126 0.06752598960843983 0.07624542574646931
6 0.8445712747183928 0.6086072636688803 0.0673074683211162 0.0731204257464693
34 0.502099551453598 0.5438356614196369 0.06429172896477801 0.07446440445914604
1 0.9001657108564224 0.6219156468407028 0.06585422896477837 0.07457366510280768
8 0.6725541630859952 0.5761668322224278 0.06429172896477801 0.07446440445914604