25 0.3828165242986927 0.15817555443890835 0.06598861436318479 0.06670544108527147
25 0.4064444009585175 0.2612900624584728 0.06599770472226432 0.06826794108527148
37 0.44820867838046824 0.47107487507382917 0.06123748184962743 0.05546755243632351
37 0.47180928396305416 0.5788768830933936 0.061246572208706954 0.05703005243632351
37 0.46352460617176117 0.5252011705703223 0.06438975292686618 0.060355311535622215
25 0.3950301779876847 0.2081953408361029 0.06599770472226432 0.06826794108527148
34 0.43680354576871494 0.4164176534514592 0.06438975292686636 0.060355311535622215
36 0.5197099318965096 0.8085934639073473 0.06910452400410509 0.0653432001845701
29 0.5318781337901035 0.8664257503045418 0.06910452400410509 0.0653432001845701
37 0.4832098713952675 0.6343153547157636 0.05968407220870695 0.05692992288667433
36 0.5091087751824555 0.7500800570598021 0.06439884328594588 0.061917811535622036
34 0.42850977761834236 0.36430444092838793 0.06439884328594588 0.061917811535622216
29 0.5463764501450781 0.9267519810262105 0.07383747579950324 0.07345608883351815
1 0.3706074157892404 0.10737451804171379 0.06597952400410509 0.0651429410852715
34 0.41552396428842997 0.31267208975636873 0.06439884328594588 0.061917811535622216
36 0.4945922781093217 0.6928788263381335 0.06125566256778665 0.05859255243632351