16 0.350226907472347 0.6714103594718526 0.07937958279171564 0.07871005183796279
35 0.474326475246529 0.3992339801597694 0.08094208279171547 0.07884675287472209
36 0.5435282629889387 0.23326793609750104 0.07620003571381488 0.07531164976444434
36 0.5686606765437752 0.17880532002773258 0.07622730925276536 0.07687414976444429
35 0.498650365262415 0.3464022146083806 0.07937958279171564 0.07871005183796279
41 0.5961368400986116 0.12413765240282522 0.07781708279171565 0.07857335080120356
35 0.4468775852306429 0.4523391477846769 0.07937958279171564 0.07871005183796279
36 0.5183822126646273 0.2885118021672695 0.07622730925276536 0.07687414976444433
10 0.4225264216758065 0.5067334133360657 0.08094208279171564 0.07884675287472209
8 0.37774398133560894 0.6143989418469452 0.07620003571381488 0.07531164976444416
41 0.6237084610397742 0.06400123477791786 0.07940685633066594 0.08027255183796282
9 0.3958587816599205 0.5597702304425933 0.07935230925276535 0.07714755183796278
16 0.3282876777648865 0.7216933234681024 0.07937958279171564 0.07871005183796279
16 0.3016336745184756 0.7739488905746302 0.0825591298696163 0.0821084539114814
1 0.2827512609636392 0.8278647024973615 0.07784435633066593 0.08013585080120356