31 0.80703125 0.4140625 0.06328125 0.08203125
30 0.74140625 0.409375 0.05859375 0.0796875
34 0.3671875 0.40546875 0.05078125 0.07578125
34 0.4265625 0.40703125 0.0546875 0.07578125
34 0.30859375 0.40390625 0.053125 0.0765625
32 0.878125 0.40859375 0.06171875 0.0796875
28 0.5484375 0.41171875 0.05625 0.0796875
29 0.6765625 0.41328125 0.05859375 0.08203125
28 0.61171875 0.41171875 0.05703125 0.07890625
32 0.9453125 0.40625 0.06328125 0.0796875
28 0.48671875 0.41171875 0.05078125 0.078125
33 0.24765625 0.40390625 0.05234375 0.0765625
33 0.1328125 0.40390625 0.0546875 0.07421875
33 0.18828125 0.40390625 0.053125 0.07421875
3 0.071875 0.403125 0.06328125 0.07421875