16 0.30667721199505166 0.15821723449733313 0.10429034639736087 0.09966534200867021
16 0.34174854546028877 0.20704187137138835 0.10263691818411544 0.09644933674699833
20 0.38601302249903513 0.24907047667541252 0.09464256175762475 0.08974431043863902
36 0.6972403083259054 0.6981402243269252 0.07860838479802065 0.07477175782192055
36 0.6749190274470931 0.6571812953594952 0.08017088479802066 0.0748627630835923
36 0.6535381209414601 0.6216456137612293 0.08017088479802066 0.07486276308359248
10 0.5334121743858147 0.4736925031249461 0.09138116943775679 0.08487479991529537
20 0.44822952916295283 0.34326852673188224 0.0914266335443795 0.08643729991529536
20 0.4155474098043383 0.29586988196531927 0.09464256175762475 0.0897443104386391
12 0.5935660758768828 0.5507940584430877 0.08655727711788863 0.07991428413027997
12 0.564972062944759 0.509417900522345 0.08977320533113406 0.08322129465362345
12 0.6220464285424498 0.5882639663638303 0.08655727711788863 0.07991428413027997
10 0.5123806088672662 0.42326756889584427 0.09138116943775679 0.08487479991529549
10 0.4776275241483878 0.38538043202178895 0.09303459765100204 0.08809080517696728
40 0.9046182699917527 0.2407772324311946 0.08343227711788863 0.07973227360693613