17 0.7170062107832363 0.19580246023229056 0.11406434523075966 0.10497960064862313
35 0.40678522550587604 0.5109634046296779 0.12078794191141173 0.11133869480442442
36 0.1892388375338678 0.7254191911542718 0.11250184523075961 0.1049523271096728
41 0.31902327114690976 0.5983191286550957 0.12078794191141169 0.11133869480442442
35 0.36151934708163747 0.5523247901813371 0.12078794191141169 0.11133869480442442
41 0.2744202435525081 0.6412293774372796 0.11742614357108563 0.10815914772652384
36 0.23137971595810644 0.6841123526805133 0.1157452444009226 0.10656937418757337
40 0.5334330037249776 0.37377527597787763 0.10241645020978148 0.0954136858759707
39 0.4944879802797608 0.4243889306042602 0.12426813942190088 0.11608074188232517
39 0.4492221018555222 0.46575031615591944 0.12246884108157477 0.11292846834337489
17 0.7624496879627195 0.15209732468063136 0.1209063410815748 0.11290119480442451
28 0.6728884352634271 0.2426053222449994 0.1258306394219007 0.11610801542127547
28 0.628344607254107 0.28473432102718343 0.11574524440092268 0.10656937418757347
40 0.5820606804895423 0.3292343433483177 0.10577824855010753 0.09859323295387146
1 0.14482506408865103 0.7761283031669806 0.13255423610255282 0.12246710957707681