21 0.75546875 0.38203125 0.04765625 0.05078125
30 0.36953125 0.3734375 0.05234375 0.05859375
22 0.809375 0.38203125 0.04921875 0.05703125
27 0.13515625 0.3859375 0.040625 0.059375
28 0.25078125 0.3796875 0.046875 0.05859375
34 0.70234375 0.3828125 0.053125 0.05703125
27 0.19375 0.3828125 0.04296875 0.059375
34 0.64609375 0.37578125 0.046875 0.05546875
32 0.42265625 0.3796875 0.05078125 0.0578125
33 0.5359375 0.3796875 0.0515625 0.05859375
33 0.590625 0.38046875 0.05 0.05859375
32 0.48125 0.3796875 0.05 0.0578125
23 0.86171875 0.38203125 0.05390625 0.05546875
29 0.31328125 0.37421875 0.046875 0.05859375