11 0.28515625 0.42578125 0.04375 0.06171875
15 0.39140625 0.428125 0.04375 0.06171875
11 0.17734375 0.42421875 0.04375 0.0609375
15 0.3390625 0.42734375 0.04453125 0.0609375
15 0.44375 0.42890625 0.04296875 0.06171875
30 0.8078125 0.42734375 0.0453125 0.059375
30 0.91484375 0.43046875 0.05390625 0.06015625
15 0.4984375 0.42890625 0.0421875 0.06015625
12 0.7546875 0.42578125 0.04609375 0.06171875
30 0.85703125 0.42890625 0.04609375 0.05859375
11 0.23125 0.42578125 0.04375 0.0625
12 0.7046875 0.42734375 0.04453125 0.0625
7 0.1234375 0.42265625 0.04921875 0.06015625
4 0.06796875 0.42109375 0.04921875 0.06328125
26 0.54765625 0.428125 0.04453125 0.0640625
26 0.6 0.42578125 0.04453125 0.05625
26 0.65234375 0.42734375 0.046875 0.059375