20 0.5502601130720128 0.42068029125559453 0.08057497060135788 0.07745338534372674
20 0.5125044855278216 0.38130016526100335 0.08057497060135788 0.07745338534372674
25 0.40232165931768266 0.263904674610139 0.08221935775648763 0.07903406667727228
35 0.6687500842391976 0.543444534571959 0.08550813206674715 0.08219542934436319
20 0.4771335515611951 0.341111517266094 0.07893058344622812 0.07587270401018138
35 0.7078634938955645 0.5867127292330047 0.0871525192218769 0.08377611067790855
26 0.6279513438501361 0.5025382712444586 0.08550813206674715 0.08219542934436319
35 0.7500609599743666 0.6307258112269595 0.0871525192218769 0.08377611067790855
25 0.36452508819592644 0.22530579861554784 0.08057497060135788 0.07745338534372677
36 0.8319074242441463 0.7226854972151873 0.0871525192218769 0.08377611067790855
36 0.7908187567858633 0.6724133245544597 0.08550813206674697 0.08219542934436319
7 0.3282500734966054 0.1874699912874112 0.08879690637700657 0.085356792011454
26 0.5887969906162042 0.4600513265834129 0.08221935775648745 0.07903406667727228
25 0.4385557304394389 0.30252173193827553 0.08386374491161734 0.08061474801081765
36 0.8705671325210323 0.7597127825430057 0.07728619629109837 0.07429202267663584
2 0.2895084780645897 0.15200520595959277 0.09044129353213641 0.08693747334499946
0 0.2579619069428335 0.11333360463081983 0.08879690637700666 0.085356792011454