11 0.8415004090861912 0.5806190088998477 0.058705366604888454 0.07457487012586875
11 0.18205597641671903 0.5433202570489699 0.05547123920022683 0.07121307178554268
3 0.1313565719702153 0.5448244800792682 0.05859623920022683 0.07144987012586893
39 0.6121502149839737 0.5660516364988938 0.05552580290255769 0.07277557178554268
41 0.5568724379421317 0.5647860570396811 0.052237111795565026 0.0678512734452168
10 0.7847692594490108 0.5763468286107981 0.055471239200226743 0.07121307178554286
0 0.0290922279991495 0.5349660732354353 0.058184455998299 0.07360436597668389
8 0.39594486162592907 0.5543841211515541 0.05541667549789597 0.06965057178554268
8 0.4504686705189365 0.5549276501958482 0.05229167549789597 0.06941377344521679
41 0.5024577564537859 0.5611175279953869 0.052237111795565026 0.06785127344521662
12 0.9030554679791984 0.5806297416784083 0.06339286660488845 0.07493006763635783
6 0.07629704973769674 0.5373089006200555 0.055471239200226806 0.07121307178554268
39 0.724940391662996 0.5715301966620745 0.055471239200226743 0.07121307178554286
39 0.6697171783234849 0.5687021172028619 0.05708830290255769 0.07289397095570571
13 0.2838813712445759 0.5504088614032918 0.05229167549789597 0.06941377344521679
8 0.34233871198874877 0.5498751425221784 0.05385417549789597 0.06953217261537983
12 0.23100190790506475 0.5474031831888346 0.055471239200226743 0.07121307178554268