24 0.28828125 0.4234375 0.21953125 0.1328125
6 0.759375 0.55859375 0.2109375 0.11640625
40 0.2875 0.559375 0.22734375 0.1390625
35 0.28046875 0.69453125 0.23046875 0.1375
12 0.52109375 0.2890625 0.23125 0.12734375
13 0.28125 0.2875 0.21875 0.11796875
34 0.75234375 0.28828125 0.20859375 0.1234375
29 0.51796875 0.42421875 0.215625 0.1171875
31 0.521875 0.5578125 0.2171875 0.1203125
12 0.52421875 0.69453125 0.2125 0.12421875
9 0.7640625 0.6921875 0.21484375 0.11796875
22 0.7578125 0.42578125 0.2125 0.1078125