24 0.3055311399113545 0.41580857159169715 0.233215156344514 0.1595833642426358
6 0.7666537439191672 0.6075497045234725 0.22340374525034717 0.14050598202865067
40 0.2953956865484727 0.5505010301218849 0.2427356267092363 0.16616074645662096
35 0.27977329939000056 0.6842212656939146 0.2458606267092362 0.16626987386128267
12 0.545845055755174 0.31023072730414525 0.24564242116215276 0.15689487386128267
13 0.307054659478646 0.28003476269868977 0.231325348023889 0.14546630054030496
34 0.7767684006449308 0.3378101233979465 0.22202308320625014 0.14826391832631974
29 0.5341289185967018 0.4440873721320021 0.22816398043270852 0.14379467313564315
31 0.5294258476426393 0.5774083036203479 0.2297992156150695 0.14697423683797411
12 0.5232330118709381 0.7137996714063627 0.22522081838861113 0.15149804573098144
9 0.7627319229651047 0.7408979178629836 0.228200348023889 0.14535717313564334
22 0.7737187486688197 0.47509186858862307 0.22325827488562525 0.1342559820286507