17 0.3463166135205074 0.6237589345114506 0.1559718258882322 0.2038669945971538
36 0.3053577814270222 0.8039693502541138 0.15604460049533805 0.20542949459715382
19 0.5939107433804622 0.490266082120611 0.14721325599585597 0.1830994682887946
24 0.6796982702638796 0.1288364874811049 0.15916960049533807 0.20561150512049756
16 0.5403361714211715 0.2818767294474228 0.15604460049533805 0.20542949459715382
25 0.5565670628585536 0.6639989847090947 0.1495035020669146 0.1988154735504665
11 0.6603299176971179 0.6885068900695885 0.160659325888232 0.2041400103821694
18 0.4507879437519658 0.6466588372411085 0.15113877667402048 0.20046897881213824
22 0.4136625870513747 0.8250792398295921 0.13983740363849115 0.19201944198043536
20 0.43392135152879535 0.2677070846102726 0.14132712903138528 0.19054794724210716
15 0.7862950266740205 0.14691238231825507 0.1480137766740203 0.20028696828879458
14 0.7436645326698765 0.32487005332259017 0.14972182588823219 0.2035029735504664
16 0.7043409751834971 0.5065519638035816 0.147722678245597 0.19403696828879458
11 0.5166805791934919 0.8504138978209219 0.13685795285270289 0.19496243145709152
33 0.6216784483000797 0.867799547919744 0.1431079528527029 0.19532645250377884
40 0.6409376389561828 0.30578539533126037 0.13983740363849115 0.19201944198043536
3 0.5791331900324213 0.10570907159726732 0.13322353060296183 0.18384292093374793
2 0.4763335217116217 0.08973181598265963 0.13812935442427943 0.17946363196531925
38 0.3894736463997809 0.4402870108762795 0.14154545285270287 0.19523544724210726
20 0.4946898393276863 0.4623601609751016 0.13322353060296202 0.18384292093374785