17 0.6875 0.6375 0.1734375 0.10234375
36 0.87109375 0.6359375 0.17421875 0.10390625
19 0.503125 0.4265625 0.15390625 0.1015625
24 0.13359375 0.4265625 0.17421875 0.10625
16 0.3125 0.52734375 0.175 0.10234375
25 0.68046875 0.42265625 0.1703125 0.096875
11 0.68125 0.31640625 0.17265625 0.1078125
18 0.68671875 0.53046875 0.17109375 0.0984375
22 0.86796875 0.525 0.165625 0.0890625
20 0.321875 0.63359375 0.1640625 0.08984375
15 0.12734375 0.31796875 0.171875 0.0953125
14 0.31015625 0.31875 0.17421875 0.096875
16 0.4953125 0.315625 0.16484375 0.09609375
11 0.8703125 0.41875 0.1703125 0.08359375
33 0.8640625 0.3125 0.16796875 0.09140625
40 0.3140625 0.4234375 0.16484375 0.0890625
3 0.1328125 0.5296875 0.16015625 0.084375
2 0.13515625 0.634375 0.16171875 0.0890625
38 0.5 0.6375 0.16953125 0.0890625
20 0.49765625 0.5296875 0.15859375 0.08515625