13 0.24430645267916087 0.5714583940763711 0.2341578731437834 0.23531375730360082
14 0.5178040817748727 0.2878065482990119 0.21690674063022614 0.22407624837514692
24 0.3050025372827039 0.7461623392878327 0.23099651170746496 0.2290092102256999
2 0.5762336844305924 0.44927015381889907 0.21532605991206671 0.22092397483619663
16 0.7896825851927181 0.5510024289827025 0.20902151775758923 0.21143988068039513
22 0.3588830788480064 0.34682481250247144 0.22631810206654457 0.23048988960884892
15 0.465536037184508 0.6785230515454229 0.22471924063022614 0.22421261606989873
30 0.41654052186280577 0.5067395547918337 0.22630901170746487 0.2289273896088489
18 0.7359450277165382 0.38867575284596434 0.20590560811666875 0.21294783360249453
30 0.6354309015476927 0.6130638725693109 0.21846015027114643 0.22254102191409722
29 0.6782694039835796 0.23188601055660213 0.2090669695529872 0.2192523806803952
12 0.18985582289607805 0.3974266047091082 0.23729196350286302 0.23693080438150133