41 0.6221802746415181 0.1522920467006493 0.22223490496334897 0.2244312378889811
41 0.790480704498487 0.6256920075393533 0.21689184110137844 0.21464613477870315
34 0.4127438345682162 0.5856389548064359 0.217547404963349 0.22402113477870333
28 0.5166890173520511 0.3635309260127324 0.21921916560701077 0.22572033581546255
40 0.3554508685928884 0.42951538539083395 0.2224534262506724 0.2275562378889811
39 0.6349462525210154 0.6833171627704179 0.2188913836760255 0.22103283581546265
29 0.463411562020385 0.20862810400523232 0.22401592625067254 0.22769293892574033
7 0.7346409778794973 0.46786923708699213 0.22368814431968714 0.22300543892574037
18 0.2973220222957297 0.27267891649361164 0.22256268689433423 0.2291187378889811
30 0.4686928218308675 0.7450242252587971 0.22056314431968732 0.2227320368522218
25 0.6799102831914929 0.31466561611625127 0.22212564431968734 0.2228687378889811
20 0.5778171775111802 0.5295373433548158 0.21867286238870207 0.21790783581546264