41 0.31953125 0.75625 0.1703125 0.1671875
41 0.315625 0.253125 0.1671875 0.16015625
34 0.65625 0.41953125 0.16640625 0.16796875
28 0.48671875 0.59375 0.165625 0.1703125
40 0.659375 0.58671875 0.16875 0.171875
39 0.4796875 0.2515625 0.1671875 0.165625
29 0.48671875 0.7578125 0.17109375 0.1703125
7 0.31640625 0.42109375 0.17109375 0.16640625
18 0.66328125 0.75390625 0.16875 0.1734375
30 0.65546875 0.25078125 0.16875 0.1671875
25 0.31796875 0.58359375 0.1703125 0.165625
20 0.48359375 0.41640625 0.16875 0.16328125