10 0.640625 0.73359375 0.1328125 0.13671875
40 0.50703125 0.72890625 0.13515625 0.13671875
27 0.4984375 0.3421875 0.12578125 0.12421875
10 0.36484375 0.734375 0.13515625 0.1375
12 0.628125 0.3375 0.12578125 0.12421875
27 0.3609375 0.33828125 0.1234375 0.125
41 0.63125 0.46328125 0.1296875 0.1296875
16 0.49765625 0.46484375 0.12890625 0.128125
35 0.5046875 0.59765625 0.13359375 0.134375
17 0.63828125 0.6 0.13046875 0.1328125
21 0.37265625 0.60078125 0.13203125 0.13203125
36 0.36484375 0.4640625 0.12734375 0.1171875