13 0.2375 0.45500269241259306 0.1890625 0.20247832544787006
14 0.59453125 0.266735255513103 0.171875 0.19628711404351817
24 0.2296875 0.6416236975963894 0.1875 0.19609162441111075
2 0.58828125 0.44071955966014 0.171875 0.19159961404351816
16 0.74765625 0.6041198039106959 0.16875 0.18351371196999972
22 0.42578125 0.2744677174831026 0.18125 0.20023232026407367
15 0.40234375 0.6265182330344915 0.1828125 0.19255652130083298
30 0.4203125 0.44603992111176005 0.18125 0.19866982026407382
18 0.7578125 0.43213749717176075 0.1640625 0.18466610885972196
30 0.5828125 0.6161980132887974 0.175 0.1934355161170366
29 0.7625 0.26297739406148296 0.1640625 0.19091610885972193
12 0.2515625 0.2709598830817598 0.190625 0.2041775264846292