41 0.9515625 0.63203125 0.04375 0.0578125
1 0.15078125 0.62109375 0.04921875 0.0578125
16 0.4125 0.62421875 0.04296875 0.0546875
25 0.51484375 0.62421875 0.046875 0.0546875
35 0.56875 0.6265625 0.04453125 0.0578125
17 0.46484375 0.62421875 0.04296875 0.0546875
0 0.04453125 0.61640625 0.0609375 0.0578125
37 0.621875 0.62734375 0.0421875 0.05390625
8 0.35546875 0.6234375 0.046875 0.05546875
40 0.7875 0.6296875 0.04453125 0.05078125
4 0.09609375 0.61796875 0.046875 0.05703125
39 0.89765625 0.63125 0.05390625 0.05703125
5 0.2 0.62421875 0.04140625 0.05703125
34 0.30625 0.6234375 0.0484375 0.05703125
7 0.25625 0.62265625 0.0453125 0.05859375
36 0.73203125 0.63203125 0.04296875 0.05390625
40 0.83984375 0.6328125 0.04609375 0.05078125
38 0.67578125 0.63046875 0.04296875 0.0515625