14 0.6105698066776581 0.2511601283050185 0.2704073212215256 0.2674817029858776
35 0.4978621257731518 0.3816120888324647 0.2670272297062567 0.26413818169855413
34 0.6279318762321939 0.4927302692705111 0.26364713819098745 0.26079466041123067
39 0.48226985030926073 0.1337117693581246 0.27209736697916026 0.2674235387162492
30 0.5130717639641393 0.62568987076345 0.26026704667571837 0.25745113912390727
32 0.24349349016723823 0.4033278237493275 0.26702722970625653 0.26413818169855413
37 0.3569346236471199 0.2626103525782196 0.2704073212215256 0.2674817029858776
0 0.7635979224488703 0.6050285374557414 0.25857700091808394 0.25577937848024546
19 0.6480841059384504 0.7396052692705111 0.2535068636451804 0.25076409654926035
27 0.3794146278991838 0.5187510919345578 0.26702722970625664 0.26413818169855413
15 0.8720098243259846 0.4763575982156187 0.25598035134803077 0.25577937848024546
24 0.7460445342578828 0.3611146464902488 0.25012677212991113 0.2474205752619368