29 0.59765625 0.5296875 0.2046875 0.1234375
27 0.38515625 0.27421875 0.209375 0.12734375
38 0.165625 0.271875 0.21484375 0.1265625
22 0.38125 0.39921875 0.20859375 0.11875
26 0.82578125 0.6546875 0.20859375 0.12109375
9 0.821875 0.27109375 0.20625 0.10703125
41 0.81953125 0.39765625 0.19765625 0.10625
40 0.81875 0.525 0.2015625 0.10859375
33 0.5984375 0.271875 0.1984375 0.11015625
30 0.1640625 0.3984375 0.20234375 0.109375
27 0.1640625 0.52421875 0.20234375 0.1
31 0.38125 0.5265625 0.18984375 0.11015625
22 0.37734375 0.40234375 0.1890625 0.1078125
22 0.596875 0.4015625 0.19453125 0.10703125
13 0.1671875 0.65078125 0.19609375 0.09765625
28 0.38515625 0.65546875 0.19140625 0.1078125
29 0.603125 0.65234375 0.19453125 0.1