39 0.4461519142696284 0.5741201267595829 0.13764138367602552 0.20887419396136267
39 0.3180822725478312 0.35670364847120467 0.13473490496334897 0.21185364474715102
11 0.3214414913731506 0.5728744580244985 0.13840620818165766 0.21981169396136266
5 0.44402814146969566 0.12902379652812457 0.16082751139996637 0.22864303846084472
10 0.7024947494189223 0.5747214784977752 0.14131268689433424 0.2168322431755744
8 0.5738234462006137 0.5728764962804556 0.13251684110137862 0.20240587014004524
25 0.5781824363132566 0.7921359185301966 0.14040575075630457 0.22613446856846853
12 0.7000978250098353 0.12571889826631688 0.14821825075630457 0.22649834160399784
19 0.45056553470410227 0.7941607990093239 0.13339092625067256 0.21490587014004525
7 0.7032752714625504 0.798850337265281 0.13506268689433423 0.21654114474715094
30 0.6999878364098017 0.34832164433737545 0.1287034262506726 0.21468754631872758
35 0.5750970970534633 0.35570611290584403 0.12470434110137862 0.20204199710451592
26 0.5691920324351882 0.12554557795965599 0.12492286238870207 0.20516699710451586
15 0.44671537093867686 0.34679349338497145 0.13629740496334897 0.2119264193542568
8 0.3248553405203009 0.7898265175777925 0.12336036238870207 0.20509422249741008
30 0.3170832292168796 0.12944978970369903 0.1349534262506725 0.21497864474715103