19 0.69140625 0.7924202400938594 0.084375 0.08535679201145392
19 0.65390625 0.7497963880887687 0.078125 0.0774715666772721
41 0.5375 0.624223128739633 0.075 0.07587270401018138
41 0.46328125 0.5436720153962245 0.075 0.07431020401018137
19 0.73203125 0.835080454766041 0.084375 0.08535679201145392
41 0.503125 0.5831981394016332 0.071875 0.07271134134309047
13 0.19921875 0.25622437002704423 0.0796875 0.08061474801081765
40 0.38984375 0.4600049927195885 0.0734375 0.07429202267663584
13 0.23671875 0.2957232220321349 0.078125 0.07747156667727229
39 0.578125 0.6653208434118145 0.078125 0.0774715666772721
13 0.3125 0.377073766709089 0.075 0.07587270401018138
40 0.4296875 0.5026561167249973 0.0734375 0.07429202267663584
40 0.3515625 0.418934550047725 0.075 0.07587270401018134
39 0.615625 0.7071634454169052 0.078125 0.0774715666772721
7 0.1625 0.21439085868872626 0.08125 0.08219542934436311
13 0.27421875 0.3391283240372256 0.075 0.07587270401018138