11 0.4098008269822849 0.8624164979856527 0.08006020472226431 0.06730951680591417
10 0.4204736648072818 0.5478446620160975 0.07845225292686617 0.059433349809719614
35 0.44938692164297295 0.020661373992826304 0.08939884328594587 0.04132274798565261
9 0.4208463695295461 0.6119071620160975 0.07687157220870695 0.05624468281352506
35 0.44744769262201595 0.08022873908840404 0.0831670240041051 0.06431185079830275
39 0.4298845053627532 0.4193058265408339 0.08002384328594588 0.061059516805913996
39 0.4334225958200286 0.3558654090503479 0.08002384328594588 0.061059516805913996
13 0.41297984825591555 0.7372573304951666 0.08003293364502558 0.06262201680591381
39 0.4263600504440971 0.4850899940313199 0.08001475292686618 0.059497016805913995
8 0.4173310049699698 0.6792538295065834 0.07690793364502543 0.062494682813525236
12 0.40943721261910027 0.7999164979856526 0.0800511143631848 0.065747016805914
38 0.43771466520006524 0.2877056580617648 0.07690793364502543 0.062494682813525236
38 0.43653798458010196 0.21976874155986198 0.07690793364502543 0.062494682813525146
38 0.4447317587805987 0.15066857308079282 0.07376475292686635 0.059242348821136395
2 0.40545876062731045 0.9219824989742358 0.08480224687674198 0.07687551779449713