31 0.6392995530538141 0.5804227124336215 0.08631987939699588 0.0872883576783142
30 0.2907990538027202 0.37493618733801953 0.08982751666989941 0.09221265601864026
31 0.23674941152884674 0.34837460995339936 0.09646015394280302 0.09737375269929238
33 0.391787340017457 0.4372450879580751 0.08644742515463033 0.0888508576783142
33 0.5409101083543464 0.5210612130583214 0.08813747091226495 0.09053175684847722
33 0.44075086956423404 0.4689085624382659 0.0830673336393613 0.08548905933798814
30 0.18949190319389703 0.30872103671796397 0.094642562427534 0.09413035352912935
27 0.7904472069966172 0.6601549887786232 0.0798147878817268 0.08368976099766208
7 0.8412443035128561 0.6853908645035695 0.0831948793969957 0.08705155933798814
30 0.13499585076830273 0.2766907093333438 0.10127519970043757 0.09929145020978147
33 0.4893317618381075 0.4958845369184567 0.08306733363936125 0.08548905933798814
29 0.6863817182065048 0.6082983360839753 0.0813772878817268 0.08380816016782511
28 0.7405589062380129 0.6364224134685955 0.07968724212409235 0.08212726099766207
32 0.5929348650223062 0.5517066391981862 0.08462983363936125 0.08560745850815117
29 0.3437963791071318 0.40786616389280284 0.08813747091226495 0.09053175684847722
0 0.8905426729079122 0.7115263893986788 0.0880099251546305 0.08896925684847723