14 0.746875 0.675 0.05234375 0.09296875
12 0.56015625 0.67734375 0.05078125 0.0984375
5 0.08125 0.6734375 0.05390625 0.09375
14 0.8078125 0.67421875 0.05234375 0.090625
12 0.50078125 0.67734375 0.05078125 0.0984375
13 0.68515625 0.678125 0.0515625 0.09765625
26 0.87109375 0.6703125 0.0546875 0.0828125
11 0.3796875 0.67421875 0.05546875 0.0984375
13 0.61953125 0.678125 0.05078125 0.09921875
11 0.4390625 0.675 0.05234375 0.0984375
9 0.2609375 0.67578125 0.05078125 0.09296875
17 0.19765625 0.6703125 0.05 0.08125
26 0.934375 0.6703125 0.05234375 0.084375
9 0.31796875 0.6734375 0.05234375 0.0953125
17 0.140625 0.66796875 0.04765625 0.08359375