34 0.8913774310259504 0.6997515395494285 0.2172451379480993 0.28935670298587757
26 0.26146420171816526 0.2012682970141224 0.3065929952503016 0.32500997972108275
27 0.3147430099496227 0.24537357609511604 0.29179351085413385 0.30996413392812705
28 0.36798087460351525 0.28869760517610965 0.2934378980092636 0.3116358945717888
27 0.42644182779201856 0.3269517220042871 0.29500039800926353 0.3117451552154506
28 0.48083275667026226 0.362353990441619 0.28686034938874455 0.3049488519971419
29 0.5323443470138953 0.40266228016627437 0.27855652645796614 0.2950275487788332
28 0.5836921630472689 0.4398455698909297 0.2769940264579661 0.2949182881351714
28 0.6357393419255127 0.4754117292937542 0.26375704206179834 0.2799817029858776
30 0.6832218515364512 0.5136494206275639 0.25882388059640904 0.27496642105489233
31 0.7277840790352139 0.5560118832486971 0.2702527035271876 0.2851062455605245
32 0.7790909514910226 0.5924139229733524 0.27033459068231736 0.28666874556052446
32 0.8243525418346558 0.6331592552726547 0.27699402645796595 0.29491828813517157
33 0.864695422319523 0.6715608375719568 0.27060915536095387 0.296699309422495
3 0.20674572421940246 0.15961602857679053 0.29837105947465287 0.3166511765027741