7 0.516125606330666 0.05845707686782657 0.09497730925276535 0.07304034639736087
20 0.4420309561652149 0.5155314424655174 0.09810230925276535 0.07313127461060631
23 0.4703626874975285 0.3474346603330637 0.10122730925276535 0.07322220282385157
22 0.4794689062479405 0.2869828936400163 0.09807503571381489 0.07156877461060622
20 0.4527814955324779 0.4597217116658472 0.09492276217486459 0.06991534639736088
24 0.46036612459131526 0.4016591590794224 0.09966480925276536 0.07317673871722899
19 0.40214016192668806 0.7378981874509524 0.10287162986961636 0.07795516693047429
19 0.48710808238467856 0.2320453410535915 0.09963753571381488 0.07161423871722887
20 0.43204803002847686 0.5705371912118761 0.09812958279171564 0.0746937746106063
18 0.41209581452447586 0.6813299387045937 0.09971935633066598 0.07630173871722885
17 0.4212565803527884 0.6240031720115462 0.09812958279171564 0.0746937746106063
18 0.39214359902047474 0.7921226861973112 0.09653980925276535 0.07308581050398359
18 0.49779043790456556 0.17232936025392145 0.09807503571381489 0.07156877461060622
18 0.3821743096532118 0.8479096849436699 0.0933602621748646 0.06986988229073816
17 0.5077733640413038 0.11732361150756265 0.0917977621748646 0.06982441818411553