11 0.3243593180487982 0.3773607508285695 0.07146474729857691 0.07656680810555186
10 0.3610626574972196 0.4022858221686877 0.06815773677523325 0.07329625889134021
12 0.7007754178088018 0.6128571792835635 0.0699022472985769 0.07649403349844608
12 0.6610380836220522 0.589640157157657 0.07155575256024882 0.07812930810555194
14 0.24961765230613495 0.33148963275543897 0.06824874203690508 0.07485875889134022
16 0.5074664916133821 0.4949548575291606 0.06659523677523324 0.07322348428423435
15 0.21438580759604164 0.30492928680821485 0.06824874203690508 0.07485875889134022
16 0.5836341494635375 0.5384094509951852 0.06981124203690499 0.0749315334984459
16 0.5478940705384597 0.5165729923515141 0.06815773677523325 0.07329625889134021
13 0.2869202312312127 0.3532533167920042 0.06815773677523325 0.07329625889134021
12 0.6205194994353027 0.5664595223353034 0.07155575256024882 0.07812930810555194
11 0.47071764953412476 0.4692485361890423 0.06981124203690499 0.0749315334984459
4 0.865330012448308 0.7078143066623189 0.0831302893919517 0.0895762303552928
0 0.8245384124765428 0.6799461718399654 0.0780787683452644 0.08310790653397522
11 0.432588317978211 0.44673998945603 0.06981124203690499 0.0749315334984459
9 0.39698474694564106 0.4272472808123588 0.06981124203690507 0.07493153349844595
31 0.8132192938065774 0.942902090160765 0.05254814732681164 0.04607878742738762
2 0.7832840809206292 0.6575831743211648 0.08138577886860805 0.08637845574818712
3 0.7428109993647155 0.6351837894988112 0.0831302893919517 0.0895762303552928