7 0.08125 0.58125 0.05234375 0.08515625
20 0.5421875 0.559375 0.0515625 0.08671875
23 0.37265625 0.56640625 0.0515625 0.08984375
22 0.31171875 0.5703125 0.05 0.08828125
20 0.4859375 0.56015625 0.05 0.084375
24 0.42734375 0.56484375 0.0515625 0.0890625
19 0.76796875 0.55234375 0.05625 0.08984375
19 0.25625 0.57421875 0.04921875 0.0890625
20 0.5984375 0.5578125 0.053125 0.08828125
18 0.71015625 0.55390625 0.0546875 0.0890625
17 0.65234375 0.55703125 0.05390625 0.08671875
18 0.82265625 0.55078125 0.0515625 0.0859375
18 0.19609375 0.57578125 0.04921875 0.08671875
18 0.87890625 0.5484375 0.05 0.0828125
17 0.13984375 0.57734375 0.04921875 0.08125