27 0.4226449699634108 0.26953125 0.0944227093411815 0.0578125
32 0.4395479225811857 0.6296875 0.0944227093411815 0.0578125
34 0.4355513132559127 0.5703125 0.10069089067472685 0.059375
32 0.4306740039385938 0.45234375 0.09442270934118144 0.0578125
29 0.4305927352800934 0.3921875 0.0944227093411815 0.0578125
33 0.4346797039306395 0.5109375 0.09758407200827227 0.0609375
33 0.4443076005729134 0.690625 0.09600339067472685 0.059375
26 0.41788583931413725 0.14140625 0.09129770934118149 0.0578125
26 0.41949324530554677 0.2046875 0.0944227093411815 0.0578125
28 0.45705140654841453 0.87109375 0.09447725334181775 0.0625
28 0.4531002505570051 0.8078125 0.0944227093411815 0.0578125
34 0.4498848912317319 0.7484375 0.09445907200827222 0.0609375
28 0.42190862595482026 0.3328125 0.09911020934118149 0.0578125
26 0.4146795706556369 0.08125 0.09286020934118148 0.0578125
12 0.6684590986632729 0.025 0.07558180267345413 0.05