35 0.084375 0.4328125 0.0546875 0.303125
35 0.146875 0.434375 0.0515625 0.29375
35 0.21171875 0.440625 0.05 0.3046875
36 0.27578125 0.446875 0.05234375 0.2984375
36 0.340625 0.44609375 0.05390625 0.296875
36 0.40234375 0.45234375 0.04765625 0.29609375
37 0.46640625 0.45078125 0.053125 0.2921875
37 0.52890625 0.44921875 0.0546875 0.29609375
37 0.590625 0.45234375 0.0546875 0.31484375
38 0.6515625 0.45 0.05625 0.3046875
38 0.7140625 0.45390625 0.05390625 0.2984375
18 0.77734375 0.45703125 0.05234375 0.2921875
18 0.8375 0.46171875 0.05078125 0.29453125
18 0.896875 0.46640625 0.04921875 0.30390625