35 0.6273273754119801 0.8736407864908529 0.29559669236879244 0.2055159123358699
35 0.5993893360447171 0.8191814649839737 0.28452282467404083 0.19732146641955417
35 0.57386323052483 0.7607340479235983 0.2939796452908919 0.20233634863353914
36 0.549899625004943 0.7022320671608918 0.2908273717519414 0.2006647212288776
36 0.5188502224071552 0.6471006230586744 0.28926487175194143 0.20061015752654665
36 0.4948457065788426 0.5909423922959681 0.28603077759614004 0.19425103012188494
37 0.4637826672115796 0.5365921981937507 0.28452282467404083 0.19732146641955417
37 0.43269235430536634 0.48380450409153325 0.2892921452908918 0.2021726575265465
37 0.40631681493810345 0.4292906188823232 0.30664328652459394 0.212147858252186
38 0.3759804784929398 0.37803814292894033 0.29718646590774284 0.20713297603820086
38 0.35039982589515206 0.3227157258685649 0.2908273717519414 0.2006647212288774
18 0.3232703100668395 0.26666662251052026 0.2845228246740407 0.1973214664195541
18 0.2992248839301014 0.21285214174781397 0.28449555113509045 0.1957589664195541
18 0.2751658210238881 0.15981891098510764 0.2923898717519415 0.20071928493120833