35 0.8872491943775674 0.781792732960462 0.17530885471063096 0.33570349512873604
35 0.8397604289381612 0.7615171891289723 0.1635075366848003 0.3058250803560837
35 0.7953057352855096 0.7380620982195817 0.15845632383181876 0.2932432597392328
35 0.7514731672596786 0.709124620540716 0.1618995725781776 0.3042353068171334
36 0.7054332415537158 0.6849155531702759 0.16355300079142285 0.30738758035608366
36 0.6607739594212622 0.6544292122608855 0.16685985721791355 0.3136921274339842
36 0.6111005683550353 0.6396633287378212 0.16355300079142285 0.30738758035608366
36 0.5666004105957612 0.6146457378284307 0.1618995725781776 0.3042353068171334
37 0.5169497515828456 0.6006611043053663 0.16189957257817741 0.3042353068171334
37 0.46959737846330746 0.5850730604738766 0.16355300079142285 0.3073875803560835
37 0.42587847070403323 0.560041832795011 0.16368939311129083 0.31207508035608367
37 0.382872616784825 0.5326532183466701 0.16534282132453626 0.315227353895034
38 0.33841792313217345 0.5091981274372797 0.16368939311129083 0.31207508035608367
38 0.2940541576927672 0.4888680365278891 0.175036070070895 0.3263284951287361
41 0.24815062430667237 0.469346469157449 0.16860421364440425 0.3199694009729347
41 0.1991675550272002 0.45144194886490946 0.16180864436493209 0.30111030681713336
41 0.15618443316130332 0.42483458441656874 0.16525189311129088 0.31210235389503393
41 0.11253372156196309 0.40214710673770304 0.17360996239076304 0.33098872158978565