14 0.79375 0.7484375 0.05625 0.096875
14 0.73125 0.7484375 0.053125 0.096875
11 0.3203125 0.75234375 0.0546875 0.096875
14 0.85 0.74765625 0.05625 0.09765625
13 0.43984375 0.7515625 0.05390625 0.09765625
13 0.5 0.753125 0.05234375 0.09921875
8 0.14453125 0.753125 0.053125 0.09609375
13 0.3796875 0.75234375 0.0515625 0.09765625
10 0.26171875 0.7546875 0.05546875 0.0984375
9 0.2046875 0.7546875 0.0546875 0.09765625
11 0.61328125 0.7515625 0.05390625 0.0984375
11 0.67421875 0.7515625 0.05390625 0.0984375
11 0.55546875 0.7484375 0.0546875 0.0984375
8 0.084375 0.7546875 0.04921875 0.096875
5 0.9125 0.74609375 0.05625 0.09921875