4 0.06640625 0.496875 0.046875 0.084375
20 0.1703125 0.49609375 0.04453125 0.07734375
17 0.64453125 0.49296875 0.0421875 0.06953125
19 0.43671875 0.4921875 0.04453125 0.0671875
17 0.69765625 0.4921875 0.0421875 0.06640625
17 0.3296875 0.49375 0.0453125 0.0703125
20 0.2765625 0.49453125 0.0453125 0.07421875
22 0.75078125 0.4953125 0.04453125 0.0765625
20 0.2234375 0.49609375 0.04453125 0.075
25 0.59140625 0.4953125 0.04375 0.07578125
23 0.8 0.4953125 0.04609375 0.07578125
24 0.53984375 0.4953125 0.03984375 0.07578125
18 0.384375 0.49375 0.0421875 0.07109375
23 0.4890625 0.4953125 0.04296875 0.071875
24 0.8515625 0.4953125 0.04296875 0.07421875
21 0.553125 0.15078125 0.06875 0.059375
2 0.11640625 0.49609375 0.04453125 0.08046875
9 0.66796875 0.12109375 0.07109375 0.075