27 0.24706532113523041 0.4164693502541138 0.09706339867609245 0.11005681043863902
32 0.5486341674967392 0.5827798058122517 0.09706339867609248 0.11005681043863902
34 0.49841799772819756 0.5568767294474227 0.10204199710451575 0.11657982622365459
32 0.400474957405326 0.501809068825257 0.09706339867609248 0.11005681043863902
29 0.3512219741545491 0.4719542398295921 0.09706339867609248 0.11005681043863902
33 0.44990987717386766 0.5277576478209219 0.10196922249741007 0.1150173262236546
33 0.601157699961728 0.609327624284573 0.09877144789030404 0.11327281570031093
26 0.14074685463367645 0.35721471857114323 0.09542812406898657 0.10840330517696728
26 0.19312483788445342 0.38688753704346446 0.09706339867609244 0.1100568104386391
28 0.7548220473566941 0.6891985928557162 0.10189644789030403 0.11345482622365459
28 0.7015900394988112 0.6611337770142309 0.0970633986760923 0.11005681043863902
34 0.6514466443373754 0.6336682006494019 0.10026117328319835 0.11180132096198285
28 0.2977352551717957 0.4493581739881069 0.10040672249741008 0.11492632096198281
26 0.08982220947224066 0.32979464483715015 0.09699062406898658 0.10849431043863911
12 0.19183643548430734 0.07998508966018295 0.09015842721213971 0.0956302893919517