35 0.29813255370516584 0.8492260763391011 0.3070040012659444 0.2539961443649322
35 0.3248388974445636 0.8094194302583094 0.31185519237293696 0.25882003668479997
35 0.3547520867374577 0.772047462390763 0.2973561827542901 0.24591085972519586
35 0.38862608973268253 0.7363516547897733 0.30705856496827516 0.25555864436493214
36 0.416813087918584 0.6942467228156042 0.2909970553496283 0.24260400329870535
36 0.45796387757429774 0.6657867536944166 0.3070040012659444 0.2539961443649322
36 0.4806548439090338 0.6227414473470683 0.31826888347992954 0.2636893931112908
36 0.5161459106065895 0.5886536038527013 0.3070040012659444 0.2539961443649322
37 0.5364931269413256 0.5455401013454187 0.2909970553496283 0.24260400329870535
37 0.5648165343830541 0.5073414193712498 0.3294792019915837 0.2718201418576497
37 0.594003037378279 0.4715092194503921 0.3166518197775986 0.26208142900466813
37 0.6263691040758348 0.4373304477427797 0.3262996382892528 0.27016671364440425
38 0.6506771341129017 0.3958931055020539 0.3070040012659444 0.2539961443649322
38 0.6846602645127883 0.36332229790106424 0.3198859471822605 0.26529735721791353
18 0.712929108252186 0.3235611159268952 0.3086756286706061 0.2571666084715548
18 0.7460491430985764 0.28862382627259414 0.30867562867060594 0.2571666084715548
18 0.7720833642426358 0.2519194481384911 0.3038244375636136 0.25234271615168674
18 0.803640899089026 0.21693669437756738 0.29250499164729754 0.24108696740532798