35 0.508003560760544 0.07015144399694087 0.3161029742462448 0.10693538717321698
35 0.5208541181871083 0.13173382630218916 0.3063453369733412 0.10208424593951496
35 0.5301172900077586 0.19729064245481331 0.31728283697334125 0.10227516071216733
36 0.5392529160707746 0.26128495860743745 0.31116038273097574 0.103728566556366
36 0.5554197921337906 0.3251565438347851 0.3095978827309757 0.10370129301741562
36 0.5643640995603547 0.38680710998740925 0.30752519970043757 0.09742401947846524
37 0.5804672027445534 0.4498974452147568 0.3049103827309757 0.10361947240056461
37 0.5971602372923004 0.5106303936726293 0.3097254284886102 0.1052637930174157
37 0.6084482947188643 0.5722400495168279 0.3287305200038794 0.10871607548481972
38 0.6258588063877941 0.6321781112052253 0.31779302000387943 0.10852516071216733
38 0.6363656138143582 0.6938014038188991 0.31116038273097574 0.103728566556366
18 0.6485624669985569 0.7569599228936225 0.3049103827309757 0.10361947240056466
18 0.6581604786674864 0.8170343522767716 0.30634533697334126 0.10208424593951486
18 0.6676947174575988 0.8763275316599206 0.3157203369733413 0.10224788717321687