35 0.8029125587972843 0.19089502108794 0.3713371687014785 0.21524843424145304
35 0.7756197184536513 0.2334806273742463 0.3681302815463489 0.21354038502724135
35 0.7636243294894992 0.2830439797316111 0.3440376843053105 0.1999487659206535
35 0.727819626300996 0.3236668256788352 0.34724457146044047 0.20165681513486522
36 0.7104373744919735 0.3714129669113295 0.33433513568479184 0.1932621182780183
36 0.6875454291053865 0.4196856470189534 0.3616346200809595 0.208561786598818
36 0.665516620873929 0.46643221443013017 0.32644074852966193 0.191335745242489
36 0.6359619176854258 0.5073461588057777 0.33770579715018095 0.19809516749223005
37 0.6047218837642278 0.5505310785743193 0.3520139586155702 0.2034376389561828
37 0.5858590191103352 0.5966419451997078 0.35209584577069997 0.2050001389561828
37 0.5669961544564426 0.6427528118250964 0.3553846200809595 0.20827068817039454
37 0.5358789512679393 0.6835939815936379 0.3616346200809595 0.208561786598818
38 0.5193188930364819 0.7305952601296852 0.3553027329258297 0.20670818817039455
38 0.4881198026928488 0.7729989298982268 0.3826022173219975 0.22200785649119403
38 0.4790446958408724 0.8266140814698033 0.34880707146044043 0.20172958974197108
38 0.44492532338506374 0.8649659520241334 0.35053334577069994 0.20492736434907677
41 0.4124093945068199 0.8991642269430802 0.3616346200809595 0.20167154611383972