35 0.30314113957547834 0.10122969066201182 0.3249677208490433 0.20245938132402364
35 0.33242682117374434 0.12035819896038158 0.32577135765251136 0.24071639792076316
35 0.372832013295354 0.12856086265269168 0.3058228786991988 0.25712172530538335
35 0.3950563528143626 0.16140371575761375 0.3090388839608707 0.2847590439906485
36 0.43142649231925373 0.19131543608861967 0.2959018471291678 0.2728743506293443
36 0.46587011077745755 0.2275955555897886 0.32052241553090177 0.2949628381817897
36 0.49884223449733317 0.2624315742611206 0.29103233660582395 0.26939415311885523
36 0.5245100924321932 0.30248788919818614 0.30086236291418333 0.2779170481398334
37 0.5508681951053814 0.3440475045501702 0.31234589448421435 0.28812084233097457
37 0.5848035793486007 0.37569932363642067 0.31399939974588625 0.2898017415011376
37 0.6187389635918201 0.4073511427226711 0.31730641026922973 0.29316353984146365
37 0.6427533162650082 0.44908835682989967 0.3205224155309018 0.2949628381817897
38 0.6791689584007354 0.4782188271609056 0.315652905007558 0.2914826406713006
38 0.7039645610739236 0.5198968416830526 0.3386199681476203 0.3118902290535829
38 0.7492014663638303 0.544469866578162 0.3091298892225426 0.28632154399064846
38 0.7707810637753467 0.5879471794406351 0.31234589448421435 0.28812084233097457
41 0.7908891664485349 0.6299803914732712 0.3205224155309018 0.2949628381817897