33 0.706396820203909 0.57454530359736 0.07611988229073816 0.09603619629109836
33 0.2108151987337235 0.47570824966131575 0.07299488229073817 0.09587242198083885
30 0.5389198151893441 0.5396391163513732 0.07299488229073817 0.09587242198083885
33 0.7629734291376822 0.5871814224351241 0.07611988229073816 0.09603619629109836
33 0.6498202112701359 0.561909184759596 0.07611988229073816 0.09603619629109836
1 0.04791203345260185 0.4444626509499397 0.07464831050398354 0.0990793091359686
30 0.5956100843896739 0.5483689851891372 0.07299488229073817 0.09587242198083885
6 0.10214489238637506 0.4572216005203984 0.07460284639736088 0.09751680913596843
30 0.48464149214894825 0.5284426667809144 0.07299488229073817 0.09587242198083885
34 0.26587477177411933 0.4868637556542096 0.07299488229073817 0.09587242198083885
27 0.37443141785491113 0.5092566547951269 0.06826191818411553 0.09406426051544958
27 0.428777937055241 0.5181093543655856 0.06821645407749291 0.09250176051544959
27 0.3201530948145152 0.4980602052246682 0.06821645407749281 0.09250176051544959
40 0.877916467538342 0.6045592729555225 0.07281302586424729 0.08962242198083885
32 0.1564686795333936 0.466855550090857 0.06982441818411553 0.09414614767057934
40 0.8227659662847007 0.5965287669626286 0.07120506175762467 0.0879780348257091