30 0.6226784540993824 0.8262040509493949 0.07104167549789597 0.0704324683211162
5 0.5275942319438327 0.06753888115501008 0.06117560217691818 0.055714404459145925
15 0.5808035004633362 0.4854422931557246 0.06597222958157989 0.05916718639013112
19 0.5403719957388308 0.1702978943965619 0.06419147477225665 0.0528079257464694
29 0.6154314384902858 0.7659221148113652 0.06915179328391083 0.06094820767745457
31 0.5858704571794253 0.5412006202592468 0.06915179328391083 0.06094820767745457
33 0.6006918706116038 0.652389492535306 0.07087798439090331 0.0657449683211162
11 0.5539037276826634 0.2737835273162828 0.06279266587924912 0.057386165102807675
12 0.5590525299522489 0.327198104419805 0.06435516587924912 0.057495425746469396
15 0.5733382300449161 0.43141035701769503 0.0642460384745874 0.05437042574646931
13 0.5681348640729997 0.37955827991417285 0.06430060217691817 0.05593292574646931
28 0.6104190454765275 0.7086012877078429 0.06926092068857255 0.06407320767745457
20 0.547919111710747 0.22198608053459146 0.05815972958158007 0.0586208831718225
18 0.5335515660645835 0.12011757793670141 0.06430060217691817 0.055932925746469395
32 0.5948436638955146 0.5966857957536147 0.06915179328391083 0.06094820767745457
4 0.5201016796742473 0.022353834266938467 0.06758929328391083 0.044707668533876935