14 0.4247496666012699 0.4956987658309749 0.07847199247815265 0.06963747060135787
11 0.49833060444793364 0.7282003273417926 0.07860838479802065 0.07432497060135787
10 0.5160205581297151 0.7904579879026707 0.08017088479802066 0.07440685775648745
29 0.47811504433966157 0.6723154975136092 0.07847199247815269 0.06963747060135787
30 0.45810407271119147 0.6093994176854257 0.08017088479802066 0.07440685775648763
31 0.44023226260291926 0.5533917571245476 0.0800799565847754 0.07128185775648763
19 0.3729013247562555 0.3205626469932108 0.07869931301126601 0.07744997060135787
15 0.4061420705996204 0.4381695488476616 0.07851745658477535 0.07119997060135788
20 0.35735053259467203 0.2652134056996381 0.07382995658477523 0.0709543091359686
16 0.39065947459797096 0.3804765575540888 0.07695495658477532 0.07111808344622812
9 0.5368582438648077 0.8517706241532894 0.08499477711788864 0.0793400192218769
21 0.3395241865930226 0.20764324513875998 0.07387542069139794 0.07251680913596859
36 0.32257001880461844 0.14690714100031696 0.07378449247815269 0.06939180913596861
36 0.30396242280296903 0.08937792401700376 0.06896060015828454 0.06445864767057934