14 0.45819321404011565 0.4591846703091315 0.08177884890464338 0.07372974715020852
11 0.35060934923384773 0.6844957544653122 0.08347774122451135 0.07845361474138883
10 0.31947902117888693 0.7430719738801039 0.08508570533113406 0.0800524823325695
29 0.3747766234487425 0.628426939210833 0.08177884890464338 0.07372974715020852
30 0.403472273290458 0.5667802711828122 0.08508570533113406 0.0800524823325695
31 0.4300514936652869 0.5130006545415622 0.08343227711788867 0.07689111474138884
19 0.5417007328447342 0.2930674014074301 0.08356866943775679 0.08157861474138892
15 0.4847269703083219 0.4038425536678815 0.08186977711788863 0.07685474715020835
20 0.5690839352728743 0.2400508509705898 0.07869931301126591 0.07521951196784729
16 0.5136272086298395 0.34922713563986074 0.08026181301126592 0.07525587955902786
9 0.29232313928386017 0.8039010243169443 0.08986413354437942 0.08328658510611113
21 0.5963989415410805 0.1846905505337495 0.07869931301126609 0.07521951196784729
36 0.6260349657559753 0.12849444871013838 0.07865384890464337 0.07365701196784728
36 0.6525232579175588 0.07158983206888833 0.0722674565847754 0.06882404160312508