39 0.0953125 0.60625 0.06875 0.1109375
31 0.4578125 0.64140625 0.053125 0.1140625
31 0.33515625 0.63203125 0.05625 0.115625
31 0.396875 0.63359375 0.05546875 0.11796875
39 0.0359375 0.6 0.065625 0.1078125
10 0.153125 0.6109375 0.06328125 0.10859375
26 0.5234375 0.63515625 0.0546875 0.11484375
26 0.58359375 0.62578125 0.05703125 0.1140625
10 0.275 0.62890625 0.06015625 0.1109375
14 0.7015625 0.5703125 0.0578125 0.1078125
10 0.21640625 0.60234375 0.0578125 0.10703125
26 0.6453125 0.61953125 0.0546875 0.11484375
14 0.76875 0.57890625 0.059375 0.11171875
14 0.8328125 0.571875 0.05390625 0.10859375
0 0.8953125 0.5734375 0.0671875 0.1109375