39 0.6168757795851967 0.11384748363615697 0.13777278763096845 0.11939852084968253
31 0.42591655188092636 0.40456209718878366 0.13221120248167448 0.10676212852981451
31 0.4883458600429136 0.305022749933493 0.13555472376899794 0.10997805674305985
31 0.4599748416055817 0.35643448574772807 0.13878898441265974 0.11163148495630519
39 0.6481368512408372 0.07031644398185596 0.13377370248167447 0.10680759263643717
10 0.5873957292168797 0.16054898739708068 0.13421074505632155 0.11305759263643714
26 0.4027247063400723 0.46314147532288674 0.13544546312533629 0.10841555674305994
26 0.3848377198337256 0.5195362278301692 0.13399222376899794 0.10993259263643722
10 0.5176073891239072 0.2551962461725693 0.13242972376899792 0.1098871285298145
14 0.3829688532576496 0.6489054790838105 0.1291954631253362 0.10823370031656906
10 0.5673288836760255 0.2192192937444291 0.12752370248167466 0.10662573620994645
26 0.36304448332737893 0.5758173200708949 0.13544546312533629 0.10841555674305994
14 0.3461133454639794 0.7016296623116208 0.13410148441265973 0.11149509263643723
14 0.3237027499231254 0.7602317724990352 0.12886768119435105 0.10354620031656907
0 0.2953863618076244 0.8124247583132702 0.13766352698730663 0.11783602084968266