38 0.5557021167990717 0.41720653908452654 0.08012383723582168 0.0787115049623988
38 0.5286719841873184 0.47238634470887897 0.08012383723582168 0.07871150496239868
34 0.32319570647078016 0.8836278674539579 0.08799087939029934 0.08845037799792799
35 0.4714503575274936 0.5766415051717957 0.0848295179539809 0.08205482878371625
34 0.34869061015977226 0.8332083364367113 0.08798178903121974 0.08688787799792799
35 0.5000702612164856 0.5260764249403374 0.0832670179539809 0.08198205417661039
36 0.5858663397699044 0.3634436842459623 0.08641019867214013 0.08525260339082212
36 0.616012382022578 0.30655582940739806 0.08797269867214012 0.08532537799792798
41 0.6707948099120669 0.18600358085514013 0.09109769867214013 0.08547092721213971
41 0.6414527435570923 0.2467612983901514 0.09110678903121965 0.08703342721213972
8 0.447531589377121 0.6293320115819364 0.0848295179539809 0.08205482878371625
21 0.37340880902830403 0.7836064427230176 0.07698065651766246 0.07544095574818695
3 0.7025078973442802 0.12982420140947 0.09583065046753828 0.0935017510334573
8 0.4204878212267483 0.682168067206289 0.0801329275949012 0.08027400496239885
21 0.39578780307637573 0.7348949609199827 0.07698065651766237 0.07544095574818713