38 0.46792225942872123 0.46868106029900447 0.08137201680591381 0.08469397748246603
38 0.5193229333449978 0.5062602058877828 0.081372016805914 0.08469397748246621
34 0.9031381537246836 0.7848786682539706 0.08956651878308008 0.09456962523071262
35 0.6159061146756482 0.581799228866742 0.08468801779449713 0.08958173658176474
34 0.8557710638007958 0.7506748465393155 0.08950285178688588 0.09300712523071261
35 0.5691929407593717 0.5445204719269118 0.08468801779449713 0.08958173658176456
36 0.417988585018153 0.42885829425987554 0.08794035178688589 0.09290699568106327
36 0.3657111606075848 0.3888853338962726 0.08794035178688597 0.09290699568106335
41 0.2519404792769344 0.31224488587117083 0.08963018577927465 0.09613212523071261
41 0.30893723718559973 0.3532994848837217 0.09119268577927464 0.09623225478036197
8 0.6655851211014389 0.6153719949058709 0.08468801779449713 0.08958173658176456
21 0.8099983073750053 0.7173524043743098 0.07811968281352515 0.0813687183831675
3 0.2003806378701718 0.27075949028239255 0.09613485376405224 0.10278264342930994
8 0.7146102115196183 0.6520196961701752 0.08299818380210837 0.08635660703211538
21 0.7642892179454089 0.6855924622093041 0.07811968281352524 0.0813687183831675