38 0.4234375 0.48359375 0.0484375 0.0640625
38 0.484375 0.4796875 0.05078125 0.06328125
34 0.93515625 0.45078125 0.05625 0.06796875
35 0.60078125 0.4765625 0.0515625 0.0671875
34 0.8796875 0.45390625 0.0546875 0.06796875
35 0.54375 0.47734375 0.04921875 0.0671875
36 0.36328125 0.484375 0.053125 0.06953125
36 0.3 0.48671875 0.05234375 0.0703125
41 0.1703125 0.5 0.05 0.07421875
41 0.23671875 0.4953125 0.0515625 0.07421875
8 0.6578125 0.47109375 0.05078125 0.06875
21 0.82578125 0.4578125 0.046875 0.0609375
3 0.10703125 0.50078125 0.05625 0.07734375
8 0.715625 0.46796875 0.0515625 0.0625
21 0.77265625 0.4625 0.046875 0.0609375