33 0.5521566363093579 0.5298970004941103 0.10133425782192056 0.08220482622365459
30 0.6074342124624253 0.6983515979056266 0.09811825256024882 0.08046031570031094
33 0.5315109363658277 0.4715230583725005 0.10289675782192056 0.08229583148532651
31 0.5092117311606256 0.4116776215125627 0.10620376834526439 0.08560284200867016
15 0.5915215151497311 0.6404858899990014 0.09968075256024882 0.08055132096198285
15 0.5716115625753648 0.5812851952465558 0.0995897472985769 0.07898882096198286
31 0.4869580285862593 0.35261343465262496 0.10620376834526439 0.08560284200867016
25 0.4679735391801902 0.2823842346385075 0.11134629465362345 0.09368835779368574
30 0.629604615050909 0.7425265321347284 0.09499325256024882 0.08027830517696728
25 0.44122205240495693 0.21339131093274927 0.11134629465362363 0.09368835779368574
13 0.39401458148532653 0.07582269247454551 0.11594278939195171 0.09239887357870129
38 0.6659887070595791 0.8423144295321274 0.08507222099021768 0.07035727360693614
38 0.6439548123636033 0.8004832453030255 0.08176521046687402 0.0670502630835923
13 0.4129535682605597 0.14527064248866295 0.11107327886860804 0.08900085779368574