31 0.7148260983524067 0.5187861452875965 0.10880065727678297 0.10955800649282174
31 0.65395224229327 0.5567304301906326 0.10216802000387944 0.10476141233702041
35 0.7756999544115434 0.48084186038456045 0.1123082945496865 0.11430005357072233
28 0.5994719074459608 0.5869849460189451 0.09709788273097572 0.09999209172016954
28 0.5466178454774687 0.6180479853862082 0.09528029121570665 0.09683981818121908
20 0.27479012715027773 0.776351814527771 0.08670251666989941 0.08732845048646727
35 0.8423614248647663 0.4468992828678505 0.1123082945496865 0.11430005357072237
17 0.502166214872525 0.6469172792176978 0.09177265394280312 0.09209777110331849
36 0.9615906884905498 0.38375617491233155 0.07681862301890022 0.12989778003177205
20 0.3103131679069424 0.7527876294625793 0.08332242515463033 0.08414890340856669
17 0.4484033571463984 0.6764041818154857 0.09008260818516849 0.09050799756436803
18 0.4083841350261855 0.7022302962638265 0.09177265394280312 0.09209777110331832
36 0.9086402580450855 0.40826920535114075 0.11607102333785946 0.12216710064862309
18 0.3576187315424244 0.730209245939515 0.08995506242753404 0.08894549756436802