3 0.36925976964019797 0.8740616279435072 0.10273120181924558 0.09447865824437507
34 0.5950600587247244 0.3267918101235769 0.0960445541766104 0.08495818787965277
30 0.4077892686067406 0.7797492367009726 0.09760705417661053 0.08499455547083343
33 0.5681743810982999 0.3862570758911463 0.09277400496239885 0.08176045269729171
35 0.5265755401134745 0.49844729815572963 0.09121150496239885 0.08172408510611114
35 0.5049039013621796 0.552571100492431 0.0960445541766104 0.08495818787965277
32 0.5466119042576637 0.44272462822784764 0.09440927956950454 0.08335932028847229
26 0.6866888248547749 0.11587445355031308 0.08972177956950453 0.08325021751493064
35 0.48404989991443753 0.6074943366247225 0.09440927956950454 0.08335932028847245
32 0.46170617307380135 0.6639437051658337 0.09753427956950453 0.08343205547083343
39 0.6191482220831253 0.2742850591736463 0.09767982878371625 0.08655705547083344
0 0.4274317187733564 0.5312578385245836 0.09440927956950454 0.08335932028847229
31 0.437836333536718 0.7211379561157643 0.09433650496239868 0.08179682028847228
39 0.6431636108344202 0.22021580822371584 0.09604455417661058 0.08495818787965286
2 0.3447178420137734 0.9335814450978475 0.10095037799792798 0.08975479065319476
39 0.66423593610348 0.16998007209142416 0.0977526033908223 0.08811955547083339
26 0.7026926604629168 0.07410518084888948 0.07442211124870504 0.056360409194305607