14 0.17109114789150914 0.5559103338609486 0.05529371572854584 0.06556281551854859
30 0.6302834083442657 0.4917966388881488 0.06539675782192056 0.07833560015828453
31 0.573168858358383 0.5050036810497323 0.06530575256024881 0.07677310015828454
29 0.7533869793768356 0.47424908920471787 0.06723227360693614 0.08306856426490725
0 0.8861917741010462 0.4648095562143345 0.07201077886860788 0.0847674565847754
29 0.6918124425451326 0.48341348904643333 0.0654877630835923 0.07989810015828454
32 0.5158645925733676 0.5080317411580044 0.05878273677523325 0.07190374373179384
19 0.35967550575578205 0.5293120446023589 0.06181673151356133 0.0704321719450391
27 0.31399898470909465 0.5342435855103013 0.053822220990217676 0.06707985141192588
16 0.08194534790562655 0.568185361836767 0.061634720990217676 0.0673071719450391
15 0.12784938210649358 0.5593475709288247 0.05538472099021767 0.06712531551854858
29 0.21920242419986838 0.5494844891129403 0.05869173151356133 0.07034124373179367
17 0.46531856100333646 0.5159518897460786 0.05860072625188941 0.06877874373179385
2 0.8177679977926872 0.47064436757624784 0.06723227360693614 0.08306856426490725
28 0.2580752084007354 0.540442109725196 0.0586007262518895 0.06877874373179385
18 0.4133465373258131 0.5214828242275301 0.05869173151356133 0.07034124373179385