15 0.7426314899001794 0.5066898917202078 0.0915798262236546 0.10338695435896632
15 0.8032581767601172 0.5301166589416473 0.09157982622365486 0.10338695435896632
26 0.3024453766330602 0.3579839790535829 0.09672235253201382 0.11155465186945542
19 0.23492394766563018 0.33168066556640985 0.09681335779368574 0.11311715186945541
17 0.9089698504658752 0.5608832520978144 0.08156778939195171 0.09173905933798814
26 0.37042183190884953 0.376474792540756 0.0915798262236546 0.10338695435896632
19 0.1599162423898409 0.3126570558135032 0.10021137357870132 0.11804145020978148
17 0.9477670399566491 0.5818711809369714 0.0504087946536238 0.0909335759347277
19 0.08692606342241087 0.2859393452307596 0.10039338410204497 0.12116645020978148
26 0.4385880029837718 0.40518105561301054 0.09157982622365464 0.10338695435896632
21 0.5017404503670533 0.4256604215896946 0.08671031570031093 0.09990675684847723
21 0.6826040425168978 0.4864473240838499 0.08496580517696728 0.0966633576783142
21 0.5650749082736785 0.44301478756637847 0.08671031570031093 0.09990675684847723
21 0.6241390951336163 0.46632315561765497 0.08331229991529536 0.09498245850815117
17 0.8635509346526249 0.5323312769929236 0.0832212946536238 0.09341995850815117