14 0.7041488407164349 0.13671875 0.1415408254478699 0.1890625
40 0.449016175071295 0.640625 0.11970549019805535 0.1359375
5 0.9007146675784246 0.7046875 0.11691268086722176 0.121875
15 0.6030743562678238 0.16015625 0.14208762959490712 0.1953125
7 0.8226969743173598 0.71484375 0.11066268086722184 0.121875
0 0.9606311609805086 0.696875 0.07873767803898275 0.121875
11 0.23767140607953632 0.3859375 0.14118951093324042 0.1671875
10 0.3219589317156938 0.34921875 0.1335137119699997 0.16875
8 0.544175684307592 0.353125 0.13365041300675884 0.1703125
40 0.6178734818102303 0.65078125 0.10992038708777763 0.13125
8 0.8180239959474994 0.2953125 0.1319512119699997 0.16875
8 0.6304064187562031 0.3296875 0.1341972171537961 0.1765625
9 0.4194196920832864 0.36484375 0.13011530989648112 0.165625
40 0.5255691131485636 0.62265625 0.11515469123481452 0.1375
39 0.22828401003828586 0.61796875 0.13118979434509231 0.1421875
8 0.7224476557967124 0.31015625 0.13079881508027746 0.1734375
39 0.2940853758252304 0.56640625 0.1405060057494442 0.159375
13 0.8092368819039812 0.1234375 0.14480252648462938 0.190625
3 0.7151380440157856 0.74453125 0.1538850005656478 0.1515625