25 0.6140625 0.4515625 0.08671875 0.11875
6 0.29453125 0.60546875 0.09921875 0.14296875
31 0.4953125 0.5953125 0.09375 0.1390625
5 0.18671875 0.61015625 0.1140625 0.15703125
31 0.4 0.59921875 0.09453125 0.1375
24 0.52109375 0.45 0.0765625 0.1203125
33 0.6828125 0.58125 0.10859375 0.14609375
40 0.34375 0.45546875 0.08046875 0.11640625
34 0.77734375 0.5796875 0.11015625 0.1421875
23 0.43515625 0.4578125 0.0828125 0.125
41 0.69140625 0.4484375 0.06875 0.11328125
32 0.590625 0.58359375 0.096875 0.13984375
41 0.77421875 0.44375 0.0734375 0.1046875
40 0.2453125 0.459375 0.0890625 0.12890625
40 0.1453125 0.45703125 0.07890625 0.121875
41 0.8515625 0.4390625 0.06796875 0.09609375
39 0.2390625 0.0375 0.08203125 0.075