31 0.32044966459674595 0.4617951406713006 0.08754284946188076 0.10783765601864026
35 0.4829390101296852 0.5908817572726844 0.10589474317557439 0.1341400468904336
31 0.3917617384180635 0.4718698029137182 0.08754284946188076 0.10783765601864026
37 0.8531744274170275 0.5504291589416473 0.07082623035529281 0.08321616431700996
37 0.9096063639347921 0.5585977790675161 0.07409677956950453 0.08657796265733601
35 0.5549039013621796 0.5815435686852651 0.09074062406898661 0.10963695435896632
35 0.6237095593438969 0.6046626825873567 0.08583480024766903 0.10459425684847723
36 0.7941804170779454 0.5373954400605339 0.07424232878371625 0.08970296265733602
21 0.2510446931327932 0.44252307718412753 0.0856892510334573 0.10146925684847723
36 0.7354047305601806 0.5290492211794204 0.07595037799792799 0.09294636182749905
36 0.6725772448282042 0.5172820043728995 0.07744010339082212 0.09150226099766208
21 0.10373304549015808 0.42201855518880327 0.08925089867609244 0.11108105518880329
21 0.17898775661502858 0.4331704653566285 0.08441784946188072 0.1076008576783142
31 0.4608756114535928 0.4848918664008913 0.09393839867609248 0.11143625269929239