33 0.7333164542407881 0.5664598729434168 0.14980309330833314 0.14863346302712266
20 0.8918337088589364 0.7201749490964842 0.11216639227157402 0.14488683674699843
20 0.7935513252115289 0.6139410886719625 0.15292809330833315 0.14881547355046648
33 0.6696537868987046 0.5132823940606913 0.15007649538185158 0.15175846302712265
34 0.27340066936833374 0.2138019786709639 0.109646985014259 0.1338583314853265
20 0.8573506935903715 0.665556067554688 0.15435389227157365 0.14734397881213823
33 0.6039795602257879 0.47412191254713 0.13872889227157384 0.14643392619541978
34 0.22121274425055587 0.1730712918816133 0.10454938190398125 0.12889781570031095
12 0.54554163510801 0.43302720471109196 0.0950964694628702 0.1096927893919517
12 0.4941445219129636 0.37428226529090536 0.08673716531583313 0.10298776308359248
28 0.4359799988687042 0.33006255745486734 0.10033077360990714 0.11621580517696728
28 0.37547172582444494 0.28570634172632153 0.09605337672018503 0.12063028939195171
28 0.32362555329856524 0.24106940493697088 0.09490097983046271 0.12522678413027988
34 0.17292150721004657 0.15062787350811413 0.08986216531583313 0.10316977360693613