14 0.890625 0.45234375 0.05625 0.06484375
10 0.67109375 0.4640625 0.05625 0.06640625
31 0.17578125 0.62734375 0.06640625 0.08671875
12 0.78359375 0.4625 0.05703125 0.065625
31 0.24296875 0.63984375 0.06796875 0.096875
37 0.39453125 0.49453125 0.0515625 0.06328125
11 0.72890625 0.465625 0.05703125 0.06484375
1 0.03828125 0.64765625 0.071875 0.09453125
13 0.8375 0.4578125 0.053125 0.06484375
5 0.1078125 0.62890625 0.07265625 0.0890625
37 0.33359375 0.50078125 0.05625 0.07265625
9 0.61796875 0.47578125 0.05234375 0.06640625
36 0.5640625 0.4796875 0.04609375 0.06015625
36 0.50859375 0.48515625 0.046875 0.0625
36 0.45234375 0.49375 0.0484375 0.0625
31 0.309375 0.621875 0.0703125 0.09765625