38 0.6050302515126094 0.4239169408161647 0.09965007475773362 0.08710284639736088
38 0.618918152869662 0.35384012153669253 0.10957137797604233 0.09518813103709692
23 0.5503745105667871 0.7394259320406761 0.10968063861970415 0.096750631037097
24 0.5390106756695948 0.8008180731069029 0.10789961733238052 0.0935801669304741
20 0.5050777081047831 0.9536763001456492 0.10157320767745474 0.07000627461060631
19 0.5170260510477471 0.9118381411327338 0.09841535668871906 0.09174488229073816
22 0.5779974939710406 0.5523063652684863 0.11280563861970413 0.09684155925034225
22 0.5723209303611718 0.6166643819615338 0.11113387797604232 0.09523359514371954
2 0.6613852502521016 0.05983485500824729 0.1494751121366006 0.11966971001649458
22 0.563464736429472 0.6803320768678265 0.10779035668871888 0.09201766693047411
41 0.6477705005042032 0.1283256444979461 0.1442413089182919 0.12270537727617326
18 0.5296081785195864 0.8566732680131957 0.09975933540139544 0.08866534639736087
22 0.5898694272590786 0.4869852421489481 0.11291489926336595 0.09840405925034226
41 0.6295717935830532 0.2822917304704657 0.1161491599070276 0.1000574874635877
41 0.6354286736527823 0.20931723172410693 0.13599176634364482 0.11622805674305985