14 0.4859375 0.53984375 0.11015625 0.08203125
14 0.6828125 0.47109375 0.1125 0.07421875
11 0.39296875 0.4546875 0.09921875 0.06875
10 0.3109375 0.46953125 0.1 0.07265625
15 0.5625 0.51171875 0.1140625 0.07890625
11 0.63984375 0.3671875 0.1015625 0.0578125
15 0.75234375 0.453125 0.1125 0.071875
41 0.1484375 0.5703125 0.10859375 0.075
41 0.246875 0.56640625 0.10234375 0.07421875
10 0.5765625 0.38828125 0.09765625 0.06015625
12 0.70703125 0.34609375 0.1078125 0.05703125
9 0.225 0.48203125 0.09765625 0.07265625
13 0.39140625 0.5578125 0.1109375 0.08828125
16 0.8359375 0.43203125 0.11875 0.06875