31 0.44375 0.45631424431480516 0.0578125 0.08461719468185844
33 0.37890625 0.45488127595542344 0.059375 0.08627069994353036
33 0.3109375 0.457953797072698 0.0578125 0.08774219468185844
31 0.5015625 0.45655643899666354 0.0609375 0.0847992052052021
29 0.97265625 0.440244525390726 0.046875 0.07304265785015537
7 0.1765625 0.460283594568919 0.065625 0.09444722099021767
33 0.246875 0.46047258134415214 0.0609375 0.0910492052052021
31 0.5609375 0.44673338894019377 0.0609375 0.0832367052052021
27 0.80859375 0.4385014729151819 0.053125 0.08121917889684287
29 0.91171875 0.44450782018552387 0.059375 0.07845819994353036
27 0.8578125 0.44293063865784515 0.0515625 0.08112817363517096
3 0.1109375 0.4634926235787013 0.0671875 0.0929757262518894
26 0.74453125 0.437895257186636 0.059375 0.07845819994353032
26 0.6828125 0.43976929935059805 0.059375 0.07845819994353036
26 0.62578125 0.4364476072995756 0.053125 0.07496917889684288
5 0.0421875 0.4633946420651399 0.0734375 0.0917772472985769