5 0.6045303697422753 0.027632188295683553 0.1061548247398008 0.055264376591367105
10 0.5781117961341281 0.4851604145846856 0.08288109905006032 0.06186474801081765
35 0.5601685430819104 0.7828439365850037 0.0780298247398008 0.05868520401018138
23 0.5640891604493364 0.6633399585853219 0.08485303482570909 0.0696954293443632
41 0.5481045550676981 0.8938541619191855 0.07153416327441153 0.05392497867599957
35 0.5616358678217113 0.7250496179185492 0.08131859905006031 0.061846566677272105
19 0.5950757253510562 0.2210615519175947 0.08789614767057934 0.06816929201145401
2 0.6040899564678636 0.07885587058404926 0.10450379353213642 0.08710110534690844
9 0.5829907259168831 0.4218609832511401 0.08773237336031983 0.06504429201145397
8 0.5881562607425922 0.3530928019175947 0.08954053482570909 0.06974997334499947
21 0.5756585035065029 0.5468700739179129 0.07186171189493056 0.060174978675999566
41 0.5550406298074988 0.8359962085853219 0.07482293758467104 0.05708634134309065
20 0.593076134102912 0.2890121205840493 0.08172803482570909 0.06965906667727229
41 0.5491856982157216 0.947714958585322 0.07613977611928177 0.05241702267663584
18 0.6000774858665058 0.15541837058404925 0.09932497060135788 0.07767156134627214
22 0.5709842916115724 0.6062632552514583 0.0811548247398008 0.05872156667727228