3 0.6330109361572512 0.8669347293679008 0.11880816162790708 0.1076207945496865
33 0.3598210788113688 0.24263519953125973 0.10394462523071261 0.09397288273097573
33 0.340038307373569 0.18751713589577776 0.10404475478036197 0.09553538273097573
30 0.4340829942967874 0.39356022861899487 0.10051923658176473 0.08903029121570664
30 0.44980932141011315 0.45134090664856313 0.10364423658176473 0.08928538273097572
41 0.5252634970745647 0.6200433670998464 0.10374436613141391 0.09084788273097573
34 0.3800043684477659 0.2915032631667417 0.10394462523071261 0.09397288273097573
41 0.5501645650885918 0.6801837705836075 0.10374436613141391 0.09084788273097573
17 0.49781841996123877 0.5632192822525371 0.10071949568106327 0.09215529121570665
29 0.318292517737172 0.13877661801793031 0.10051923658176473 0.08903029121570664
34 0.41185634330933835 0.3401959836199646 0.10706962523071266 0.09422797424624481
29 0.30000239512735294 0.09674848574599655 0.10404475478036197 0.09553538273097573
17 0.47115459284791295 0.5063314245264106 0.10550712523071262 0.09410042848861018
40 0.5746651149040216 0.7465741740673686 0.09729410703211538 0.08721269970043757
40 0.6005476920173474 0.8035258046723124 0.10041910703211539 0.08746779121570683