14 0.7484375 0.471875 0.059375 0.07421875
14 0.80390625 0.4625 0.0625 0.0765625
14 0.8640625 0.45859375 0.0609375 0.075
38 0.62890625 0.484375 0.053125 0.06953125
38 0.6921875 0.47734375 0.053125 0.065625
10 0.17421875 0.52421875 0.065625 0.08828125
12 0.5078125 0.49296875 0.05625 0.0734375
11 0.38359375 0.50703125 0.059375 0.08046875
11 0.44765625 0.49921875 0.05546875 0.0765625
11 0.24609375 0.51875 0.06328125 0.08359375
11 0.31328125 0.5125 0.06171875 0.08359375
13 0.56953125 0.4890625 0.0578125 0.07578125
8 0.03125 0.54140625 0.0625 0.0921875
9 0.1046875 0.53359375 0.06640625 0.08984375