34 0.45538425703076335 0.5968840388502427 0.18230727298576407 0.1838334053945836
34 0.39208351681440917 0.6662893087018746 0.17591180262104178 0.1774379350298613
26 0.7770307062126734 0.1966417706141313 0.167917464665139 0.1694435970739585
26 0.7041185766536456 0.27642149601284666 0.16471972948277802 0.16624586189159735
26 0.6403086901607635 0.3677017658644786 0.1550901563445141 0.1550901563445141
27 0.5175459502287498 0.24094185695451342 0.16951633225631965 0.171042464665139
27 0.4563343868741317 0.32123007541937465 0.16951633225631962 0.171042464665139
28 0.3917250665856594 0.41330977906659694 0.17111519984750015 0.1726413322563196
28 0.3259351060045829 0.4890196003049997 0.17910953780340294 0.18063567021222243
28 0.25325936578822866 0.5586430757037151 0.1839061405769446 0.1854322729857641
30 0.5791880457840968 0.44408373432933973 0.16471972948277802 0.16624586189159735
31 0.5164685338162496 0.5220645703853816 0.16628222948277802 0.16628222948277802
32 0.3295458428024647 0.7364576447579163 0.15672539152687506 0.15825152393569458
33 0.2740030511993396 0.8080248266536456 0.1567253915268751 0.1582515239356944