24 0.2761174042160503 0.7060048892225425 0.10171823295387146 0.10426183674699843
41 0.6211206180984935 0.3506998230987085 0.08902731818121908 0.09259629465362354
24 0.18645666070887204 0.8006810814147393 0.10171823295387142 0.10426183674699843
24 0.23166402069298594 0.7525844866340587 0.10171823295387143 0.10426183674699843
9 0.5813001874975285 0.3944274362952405 0.09535913879807012 0.09764781570031093
40 0.7407182775961401 0.22732948350911278 0.08266822402541756 0.08598227360693614
41 0.701583639608849 0.2656338493364806 0.08582049756436802 0.08772678413027979
40 0.7766733685055306 0.1857181071584012 0.08584777110331832 0.08928928413027984
9 0.4984934159871731 0.47935690216496063 0.09376936525911965 0.09599431043863901
41 0.6617086619299833 0.3062364625330125 0.0874375446422686 0.0909427893919517
9 0.5391223701270883 0.43723729159926467 0.09535913879807012 0.09764781570031093
13 0.41021789447681767 0.5639678496188292 0.09697618587597075 0.10086382096198285
13 0.4547530986167329 0.5220757522073128 0.0969761858759707 0.10086382096198285
13 0.3665593977232285 0.6113741996611817 0.10015573295387145 0.10417083148532633
24 0.3220787406612139 0.6563912970726979 0.10171823295387146 0.10426183674699843