15 0.52890625 0.3828125 0.09140625 0.1171875
15 0.6265625 0.37265625 0.09375 0.115625
17 0.40546875 0.5953125 0.11484375 0.16171875
15 0.43046875 0.3890625 0.090625 0.1203125
33 0.73515625 0.36875 0.10625 0.1140625
11 0.52265625 0.58515625 0.11484375 0.15546875
26 0.32890625 0.38671875 0.08515625 0.10078125
26 0.225 0.39765625 0.0890625 0.11328125
17 0.2828125 0.5984375 0.1140625 0.15234375
26 0.1203125 0.4015625 0.09140625 0.11171875
11 0.746875 0.56796875 0.12265625 0.15078125
11 0.63515625 0.57734375 0.1140625 0.15546875
17 0.159375 0.60859375 0.1265625 0.15703125
33 0.83203125 0.3609375 0.1140625 0.1109375