15 0.48158038009784576 0.5998075398167867 0.13241252614450919 0.13977154800821018
15 0.3847286908857264 0.5800495517206433 0.1355375261445091 0.1397897287263694
17 0.6527422172307282 0.4346769226249316 0.175382198759889 0.19156130698520069
15 0.5795685168204541 0.6242484827333902 0.13421182448483507 0.1429056383672897
33 0.277791606652629 0.5509711057789778 0.1465934253146722 0.1414158612399266
11 0.5358856813379568 0.4087825640172834 0.17178360207923687 0.18529312626704136
26 0.6774265989789592 0.6572877208295335 0.12017263527271585 0.12252041549465283
26 0.78136873777616 0.6777860523098186 0.1289323286340199 0.1350658672900508
17 0.7725936985593963 0.4691513956939602 0.16998430373891082 0.18215903590796176
26 0.8843403724241761 0.7061059741491832 0.1304948286340199 0.13507495764913066
11 0.3131693091374955 0.3577114642884299 0.17779680373891082 0.18220448770335995
11 0.4244386958601039 0.38207513915285674 0.17022110207923688 0.1852840359079618
17 0.8958778332074122 0.49735314286528987 0.183076299589726 0.1900442587805987
33 0.18154356868526514 0.5288648225032946 0.15284342531467215 0.14145222267624522