11 0.5981963240624323 0.4101912862225817 0.1298800090451115 0.2455973079967011
11 0.5724272829051451 0.6480860913162889 0.13136062188998174 0.24408027210332364
11 0.5467810724805526 0.8812004962058229 0.129716234734852 0.23759900758835428
13 0.384543259838081 0.3961502036152744 0.1345675090451115 0.24573370031656908
14 0.3045126803485818 0.1465700892712249 0.131278734734852 0.24251777210332376
10 0.700294412597043 0.4178566852063673 0.13440373473485218 0.24260870031656911
14 0.24874079941348848 0.6284960391920826 0.1314425090451115 0.24564277210332364
10 0.6496194674375985 0.8849990976177485 0.13604812188998175 0.23000180476450288
10 0.72770784090946 0.1784448442192828 0.13308689620024125 0.24725073620994645
14 0.2766046070791191 0.3804904482049981 0.1314425090451115 0.2456427721033238
12 0.48590104195025663 0.4030116205457487 0.1345675090451115 0.24573370031656908
12 0.4391323467908121 0.8773751230530312 0.13275934757972224 0.24100073620994636
16 0.03815626074259219 0.8407219398917277 0.07631252148518439 0.24081887978345556
11 0.6266776074178033 0.16533342728880854 0.13127873473485216 0.24251777210332376
16 0.06429545511109691 0.3695516335443794 0.12859091022219382 0.24881323620994653
16 0.09172275327936034 0.1309892387172289 0.13300500904511153 0.24568823620994645
12 0.520509494572933 0.16067936803846622 0.13292312188998173 0.24412573620994643
15 0.19135426108127646 0.1409301915410805 0.13284123473485204 0.24256323620994644
10 0.6799941214397559 0.6559106146732538 0.1314425090451115 0.24564277210332364
12 0.46251669437053444 0.6401933717993898 0.131606283355371 0.24876777210332363
13 0.35626669437053443 0.6371018125490476 0.1345675090451115 0.24573370031656908
8 0.8738415394638658 0.8992441113745485 0.13062363749381375 0.20151177725090283
9 0.8155509203989592 0.4282522790964457 0.13136062188998174 0.24408027210332367
15 0.16171991350155418 0.377930086368231 0.1346493962002413 0.24729620031656915
15 0.11194904907480425 0.8498589106622682 0.13267746042459255 0.23943823620994636
16 0.050609212743670896 0.6065969924781526 0.10121842548734179 0.24573370031656908
9 0.7656162816619497 0.8906443496960662 0.12979812188998174 0.21871130060786764
13 0.33156550825620135 0.8695505996960662 0.13423996042459246 0.23948370031656907
14 0.22079178256646084 0.8631976481258559 0.12922491180407353 0.23309730799670092
15 0.139857122344267 0.615938551728495 0.12297491180407354 0.2329154515702104
9 0.7867387663968017 0.6644936559769076 0.12798996042459265 0.2393018438900784
8 0.8923746127333285 0.6793039652272499 0.12609991180407362 0.23300637978345584
8 0.9197880410457454 0.4398921242401654 0.12494684757972223 0.24077341567683308
9 0.8375365422889409 0.18790006373618182 0.12979812188998174 0.24403480799670105
8 0.9410333565132923 0.19873592682659014 0.11285628335537083 0.2482222028238516
13 0.40977671246075753 0.15354516646825583 0.1293886861143331 0.2362223079967011
14 0.3044717367710169 0.14735133927122487 0.12609991180407346 0.2330063797834557