32 0.8099224703125 0.22595910468749997 0.744000925 0.18540235625 0.7073142640625 0.2877196921875 0.77247884375 0.33235479375 0.8099224703125 0.22595910468749997
25 0.46357036406249996 0.4485271015625 0.45314902031250004 0.53195859375 0.5406070046875 0.5589722781249999 0.550806625 0.4747342 0.46357036406249996 0.4485271015625
24 0.6389041140625 0.520896675 0.5747044109375 0.47876096874999996 0.536428615625 0.5789617140625001 0.5990600609375 0.6213960953125001 0.6389041140625 0.520896675
23 0.5695478375 0.6382095828125001 0.5807520484375 0.7233417140625 0.6700561781250001 0.7176491781250001 0.662333065625 0.631844553125 0.5695478375 0.6382095828125001
22 0.4715101328125 0.4494679828125 0.5510340828125 0.4024941375 0.51666325 0.32428210156250004 0.4400388171875 0.3727586328125 0.4715101328125 0.4494679828125
21 0.49135821249999995 0.556650525 0.427934821875 0.5220143 0.3982057234375 0.6228912125 0.4602959109375 0.657761065625 0.49135821249999995 0.556650525
20 0.6717283015625 0.8451622171875 0.7337512109375 0.8182461125 0.6990760078125 0.7105204765625001 0.6340653328125 0.7389169609375 0.6717283015625 0.8451622171875
19 0.48255522187500005 0.201170665625 0.5512043156249999 0.20544003437499997 0.5507533718750001 0.08833979843749999 0.48098262500000005 0.0847078546875 0.48255522187500005 0.201170665625
18 0.47209379374999993 0.3325452578125 0.515164715625 0.265928409375 0.445249959375 0.18639040625 0.40117223593749995 0.2489789890625 0.47209379374999993 0.3325452578125
17 0.3430719484375 0.4891671875 0.39961971875 0.538340453125 0.4450949921875 0.44922590937500007 0.388591415625 0.39847013124999997 0.3430719484375 0.4891671875
16 0.249617953125 0.4473186359375 0.1918520953125 0.3943226046875 0.14643415312500002 0.48135597499999994 0.202554534375 0.5340161046875 0.249617953125 0.4473186359375
15 0.5939724109375 0.9053546156250001 0.6431146171875 0.8562421984374999 0.5857732 0.76495243125 0.534384296875 0.8152923453125 0.5939724109375 0.9053546156250001
14 0.180302271875 0.616385346875 0.222203278125 0.6865250921875 0.286093909375 0.6206650953125 0.24562987343749998 0.55079900625 0.180302271875 0.616385346875
13 0.1459294890625 0.39333368750000003 0.20761682656249997 0.37277452968749997 0.1766544671875 0.2657677296875 0.1159305984375 0.2883083265625 0.1459294890625 0.39333368750000003
12 0.2943679890625 0.2069049859375 0.23143619843750002 0.1713582171875 0.20016260312499998 0.270397390625 0.26156863750000003 0.3090600140625 0.2943679890625 0.2069049859375
11 0.560544434375 0.9158460421875001 0.5220040671875 0.8442472328124999 0.45226690625000004 0.9038316140625 0.49117253906249997 0.9715736578125 0.560544434375 0.9158460421875001
10 0.453702359375 0.1653032828125 0.47843608125000003 0.08415190312500001 0.390728975 0.0367374875 0.3687035765625 0.1161521546875 0.453702359375 0.1653032828125
9 0.2585861875 0.46082394843749996 0.3146965859375 0.42190345625000003 0.2668183359375 0.32132999375 0.21096402812499998 0.36092407656250003 0.2585861875 0.46082394843749996
8 0.5730287953125 0.7738611546875 0.5745452625 0.689960609375 0.4827379453125 0.6808845734375 0.485153184375 0.7631887859375001 0.5730287953125 0.7738611546875
32 0.48175350000000006 0.6743322984375 0.41966848749999996 0.637004940625 0.3899965875 0.7386505999999999 0.450997946875 0.7743407062500001 0.48175350000000006 0.6743322984375
31 0.29897786718749997 0.587542428125 0.326854278125 0.5165665374999999 0.24877702968749998 0.456655459375 0.2176269515625 0.527162840625 0.29897786718749997 0.587542428125
30 0.3322931359375 0.7005556953125 0.2943345421875 0.6308321 0.2240651125 0.6882211953125 0.261119159375 0.755912925 0.3322931359375 0.7005556953125
29 0.4016129015625 0.7773437828125 0.3693814421875 0.698635146875 0.2937413953125 0.7447475046875 0.326682975 0.822540759375 0.4016129015625 0.7773437828125
28 0.3411776984375 0.1837553265625 0.3622257140625 0.0995353125 0.2743119078125 0.061198853124999994 0.25715926875 0.1409153234375 0.3411776984375 0.1837553265625
27 0.39091208593750004 0.2982570375 0.405991278125 0.21168685156249997 0.3169355125 0.1768931265625 0.3028994046875 0.2598572984375 0.39091208593750004 0.2982570375
26 0.3652228328125 0.43415191406250003 0.40217452343750004 0.36597294062499997 0.32864135 0.2961738375 0.291177246875 0.363569625 0.3652228328125 0.43415191406250003
33 0.6712053171875 0.671177009375 0.7414507718750001 0.6843335015625 0.748452146875 0.5719331484375 0.6792919687500001 0.5597160390625 0.6712053171875 0.671177009375
33 0.55387324375 0.6871281328125 0.5780656984375 0.6067374953125 0.49291688906250003 0.55977496875 0.46904533437499996 0.6369000171875 0.55387324375 0.6871281328125
34 0.6631260859375 0.35992639375 0.593271134375 0.3724583203125 0.6121447234375 0.48771656874999997 0.6817172234375 0.47602078125 0.6631260859375 0.35992639375
34 0.410293846875 0.651266928125 0.373334425 0.578764821875 0.29980685937499996 0.6352738515625 0.33829102187500004 0.7082106625 0.410293846875 0.651266928125