13 0.5804987613574951 0.906734384330548 0.15308190990138842 0.1791807597392328
32 0.42144926947517 0.7883683936660388 0.15151940990138843 0.17915348620028232
25 0.16941343668345435 0.7121159906645091 0.1515194099013884 0.17915348620028232
21 0.5354224460189452 0.5615212958567894 0.1467773628234877 0.17594666558343128
19 0.711552523535655 0.495085592527653 0.14675008928453756 0.17438416558343128
10 0.8566327930141202 0.7975265742637083 0.14823076866768625 0.16972393912238157
15 0.38753969398705496 0.9447784862002824 0.1504557418823252 0.11044302759943533
8 0.9859098210205929 0.7218016456913384 0.028180357958814285 0.1631818384737585
11 0.7666350844099782 0.8318822090045888 0.14987508928453722 0.17443871266133196
9 0.9409109667185216 0.7577294630617785 0.11817806656295674 0.16632620373287832
37 0.48074680843869116 0.42701388230195303 0.1338955332781829 0.1538534772718286
14 0.48330616151965095 0.9268603291382677 0.15267280681713338 0.14627934172346463
38 0.7234780048679686 0.32815719114768127 0.13074325973923262 0.15223643019392785
22 0.446287808031654 0.6005780673671449 0.1467228157455871 0.1728216655834313
20 0.6215548149315129 0.5294412272685334 0.1483125892845374 0.17441143912238175
34 0.23854704057848836 0.8695251160698986 0.14836713636243806 0.17753643912238176
35 0.6451444991859259 0.35959237743068906 0.1338682597392326 0.1522909772718286
23 0.3532196465054125 0.6380041550301245 0.1467500892845374 0.17438416558343128
29 0.6945810320570717 0.6861372865212986 0.1467228157455871 0.1728216655834313
24 0.2609872820570717 0.6785688794625793 0.14036372158978574 0.16646257142762994
16 0.29733743384078526 0.9682335771096728 0.14336026217486458 0.0635328457806544
36 0.5637132670428333 0.39253551663579617 0.1354853068171334 0.1554432508107789
27 0.8798815580316541 0.6081464744258642 0.135621674511885 0.1632557508107789
33 0.32614645210472987 0.8320035710205929 0.15146486282348767 0.17602848620028233
18 0.8053746615229462 0.45611064163414855 0.14513304220663664 0.171231892044481
17 0.8961808936660386 0.4233311436627435 0.1434614480508351 0.16495461850553067
41 0.3993564866040241 0.4623007715070601 0.1323603068171333 0.1553887037328782
12 0.6665765831921622 0.8715293157422919 0.15146486282348767 0.17602848620028233
26 0.9502529646899269 0.5712016278344307 0.09949407062014615 0.15813187418757338
28 0.7837020332748876 0.6462992650109431 0.14189894805083547 0.16492734496658024
30 0.6045151396055537 0.7165866712621789 0.15305463636243816 0.1776182597392328
31 0.512214591309837 0.7532451456946336 0.15001145697928903 0.18225121266133187
39 0.31792525446093156 0.49524391071216733 0.1307978068171333 0.15536143019392784
40 0.2317110649315129 0.5226364793004235 0.137020533278183 0.1539080243497292