25 0.7746468701925011 0.8727330707208779 0.11535276232447185 0.11851918973360753
24 0.7256428041591276 0.8301980608350462 0.11535276232447185 0.11851918973360745
23 0.6758984317033189 0.7884124674511173 0.11864153663473136 0.12177152372599612
25 0.6254137528250752 0.7473762905690913 0.12028592378986111 0.12339769072219067
24 0.5764096867917016 0.7048412806832595 0.12357469810012063 0.12665002471457926
23 0.5273237336031983 0.6607437707974277 0.12028592378986111 0.12339769072219049
21 0.4783196675698247 0.618208760911596 0.12020403663473136 0.12183519072219048
21 0.4285752951140161 0.5764231675276671 0.12357469810012063 0.12665002471457926
20 0.37800872908064254 0.5338244906456409 0.12357469810012063 0.12665002471457942
19 0.3274012194697041 0.4904445637636147 0.12357469810012063 0.12665002471457926
18 0.27679370985876567 0.44706463688158865 0.12513719810012064 0.12671369171077376
17 0.22458275667026237 0.40283979300336814 0.12842597241038015 0.12996602570316257
17 0.17389335990419416 0.35789736612134193 0.12028592378986111 0.12339769072219049
17 0.12250460029325574 0.3144856057412186 0.11872342378986116 0.12333402372599611