0 0.6204673032546164 0.7274089153623159 0.09390048620519006 0.07042866013203693
7 0.6183559266149363 0.7919498689909733 0.09291119629109837 0.08122945909527761
39 0.6570666287873868 0.15284912130004752 0.08978619629109837 0.08095605702175908
39 0.6533927521477066 0.21752677596546421 0.08970430913596843 0.07939355702175914
39 0.6520216819304615 0.28121812907574195 0.09587242198083885 0.07837786116879605
38 0.6474437245580867 0.3436203842595382 0.08452548620519007 0.06960845391148132
38 0.6405629607632768 0.40700894099847335 0.07811171189493056 0.0659366497644442
38 0.6329418905460318 0.4712470982557882 0.08107293758467105 0.06308505183796279
21 0.783476399818286 0.27364149198796445 0.10064180913596843 0.08035046427907391
21 0.7787313461093843 0.34783084769014033 0.08945864767057934 0.07470605702175907
21 0.7792503245126582 0.4176354997636588 0.09710737336031983 0.07226456220555537
23 0.7758630529159322 0.4877819044290755 0.1036030348257091 0.07749886635259244
23 0.7724348377416412 0.5571470590944921 0.10352114767057934 0.07593636635259245
17 0.6307895703287867 0.5350068018844456 0.08756859905006031 0.06831935598499986
17 0.6246491129564119 0.5975457581050012 0.08452548620519007 0.0696084539114814
17 0.6231961555840371 0.6596746112152789 0.08756859905006031 0.06831935598499986