37 0.5244245445498258 0.6760681076819435 0.0767456443766669 0.08156164976444433
37 0.4726613695879508 0.7138128239872676 0.07358427678548622 0.07972574769092589
20 0.42476807703489516 0.7534617928844899 0.08157861474138887 0.08822175287472209
20 0.37453103448183966 0.7929057102265733 0.07678201196784729 0.08312414976444434
20 0.3258928595199646 0.830923828605416 0.07994337955902786 0.08496005183796278
12 0.7660918997919095 0.3496299126774522 0.09113545269729162 0.09685445909527761
12 0.7191071438079859 0.3838784820930542 0.08637521751493064 0.09331935598499985
12 0.6736303364372913 0.42060750254541535 0.08633884992375015 0.09175685598499986
32 0.6282080804533677 0.4549927729977766 0.08633884992375015 0.09175685598499986
32 0.5827676406738538 0.49015929345013776 0.08157861474138883 0.08822175287472209
32 0.5381448184855204 0.5238316644208785 0.0831774823325695 0.0899209539114814
26 0.495793011114826 0.5608340869467583 0.07674564437666671 0.08156164976444416
26 0.45200599031326333 0.5922310584358788 0.0767820119678472 0.08312414976444434
26 0.40576611673815927 0.6281104783698603 0.07838087955902787 0.08482335080120365
3 0.36190636075423555 0.6626324498589808 0.08637521751493064 0.09331935598499967