5 0.9011558954975685 0.5859744147064576 0.09444086729005079 0.12093205547083344
7 0.8176348683702054 0.5754200808346173 0.08508404800821019 0.12383884992375016
25 0.33203371165615125 0.5289179016917706 0.0771988251355733 0.11115701196784719
25 0.4108945098607532 0.5348938383371525 0.0771897347764936 0.1095945119678472
25 0.4944109918085765 0.5462294222089927 0.07247496369925485 0.10479790919430557
41 0.43768478971859076 0.36085627308267326 0.06943177693097127 0.11878767401194441
41 0.5243626331027326 0.36586912177215236 0.07569086729005096 0.12049564437666671
32 0.6125711602300956 0.3763143528704509 0.07102154800821019 0.12351154160312508
32 0.705480822896078 0.38430673119520775 0.07260222872636941 0.12667290919430566
32 0.7952473048439013 0.39549684470232577 0.07260222872636941 0.12667290919430557
30 0.09472460919682328 0.5016332755512152 0.07876132513557325 0.11119337955902786
30 0.17592006704234558 0.5091171608098263 0.07721700585373252 0.1142820119678472
30 0.25554393452878826 0.5181999136596179 0.07718064441741398 0.1080320119678472
27 0.577187130372258 0.5505519398764231 0.056886325135573304 0.11068423328249999
27 0.6575922478587006 0.5596165089306244 0.06317268657189175 0.11707970364722228
27 0.7379882749860638 0.5702435779848257 0.06317268657189175 0.11707970364722228