39 0.878125 0.51875 0.05703125 0.103125
39 0.81640625 0.51875 0.05625 0.1015625
39 0.75390625 0.51953125 0.0578125 0.10390625
37 0.690625 0.521875 0.05859375 0.103125
37 0.6296875 0.5234375 0.0578125 0.10234375
37 0.56640625 0.5234375 0.05703125 0.10390625
24 0.50546875 0.52578125 0.05703125 0.103125
24 0.44375 0.52578125 0.05546875 0.10234375
24 0.3828125 0.528125 0.0609375 0.10078125
23 0.31953125 0.528125 0.06015625 0.103125
22 0.25703125 0.52890625 0.059375 0.103125
18 0.1953125 0.52890625 0.05859375 0.1046875
18 0.13203125 0.53046875 0.05703125 0.1015625
18 0.06875 0.53046875 0.0546875 0.09921875