17 0.5806784576102139 0.1741463883962155 0.10320208271265763 0.0763275468904335
18 0.5668663606295324 0.23503634420507433 0.10305653349844608 0.07320254689043351
19 0.5507832882559569 0.29418620125868866 0.10327485731976367 0.07789004689043359
19 0.5354450785788286 0.3541765078973844 0.10320208271265763 0.0763275468904336
20 0.5208881189017001 0.41422601412116167 0.10007708271265763 0.07609074855010749
21 0.5056226838316775 0.4726538207598576 0.10000430810555194 0.07452824855010753
22 0.48723224876165483 0.5308448290582273 0.10156680810555194 0.07464664772027056
22 0.47438333829873824 0.5878877344521676 0.10142125889134021 0.07152164772027056
22 0.45915429053226847 0.6455342910908635 0.10142125889134021 0.07152164772027056
23 0.44392524276579887 0.7031808477295594 0.10156680810555194 0.07464664772027056
23 0.42873258230288214 0.7600461543682551 0.10476458271265768 0.07644594606059663
23 0.4119410345364125 0.8175743118367877 0.10320208271265781 0.0763275468904336
38 0.39901934946638995 0.8761797172307283 0.08884848428423427 0.06901195435896632
38 0.3830454390034732 0.9329858242843425 0.0901198858558109 0.06288035352912935