2 0.059375 0.52734375 0.06640625 0.10625
19 0.95625 0.56796875 0.06015625 0.10703125
19 0.89296875 0.565625 0.05859375 0.10625
20 0.8265625 0.5578125 0.06015625 0.10703125
21 0.7640625 0.55625 0.06015625 0.10625
22 0.7015625 0.5546875 0.05859375 0.10390625
22 0.6375 0.55 0.0578125 0.10546875
23 0.575 0.5484375 0.06015625 0.1015625
24 0.5109375 0.54375 0.05703125 0.10625
23 0.446875 0.54140625 0.05546875 0.10859375
24 0.38125 0.5375 0.05234375 0.10703125
25 0.315625 0.53515625 0.05859375 0.10625
18 0.25 0.53359375 0.05078125 0.1015625
18 0.18828125 0.53046875 0.0546875 0.09921875
18 0.121875 0.52578125 0.04921875 0.1015625