9 0.25488781659920046 0.14482186340829345 0.11617827792830412 0.10646137357870127
9 0.2881230404799186 0.1942912423898409 0.11774077792830413 0.10655237884037314
10 0.31909640151576657 0.24233462926389615 0.11617827792830412 0.10646137357870131
10 0.34842537539648477 0.29203152139962324 0.1193851650834338 0.10820588410204497
10 0.3802209300098976 0.33924815564284255 0.12431832654882316 0.11316639988706054
33 0.41033115389061575 0.3888995451477337 0.12102955223856356 0.1098593893637168
33 0.4420038777713339 0.438459929390953 0.1194670522385636 0.10976838410204497
33 0.4728953516520521 0.48806581626500833 0.12267393939369331 0.11151289462538863
27 0.5037868255327703 0.5376717031390635 0.12102955223856356 0.10985938936371689
27 0.5347192429910533 0.5864963400131188 0.12431832654882306 0.11316639988706054
27 0.5679135232942067 0.6367469689946662 0.12431832654882306 0.11316639988706054
17 0.5995043600197951 0.6878698532378855 0.12431832654882306 0.11316639988706054
17 0.6326576967453835 0.7389017322194331 0.11626016508343398 0.10802387357870132
17 0.6635082270485368 0.7892888690934883 0.12102955223856356 0.10985938936371671