11 0.9140625 0.7671875 0.05859375 0.1015625
10 0.85390625 0.76875 0.05859375 0.09921875
9 0.79453125 0.76640625 0.0578125 0.09921875
8 0.7359375 0.7640625 0.05625 0.0984375
8 0.678125 0.7625 0.0546875 0.1
16 0.62109375 0.7625 0.05625 0.09921875
16 0.5640625 0.7625 0.05546875 0.0984375
16 0.50703125 0.7625 0.05390625 0.09921875
16 0.45078125 0.76171875 0.05078125 0.09296875
15 0.39375 0.7609375 0.05078125 0.0953125
14 0.33984375 0.7578125 0.0515625 0.09140625
12 0.28671875 0.7578125 0.04921875 0.09296875
13 0.2328125 0.75859375 0.053125 0.09296875
14 0.1765625 0.76171875 0.05234375 0.09140625
6 0.12109375 0.7625 0.046875 0.09296875