37 0.6843486899298652 0.7202882401119408 0.0811875446422686 0.09057876834526439
37 0.6353520823813833 0.6910781532237682 0.07641822402541756 0.08561825256024883
37 0.584066271910802 0.6651295742281033 0.08275004464226861 0.09066977360693614
37 0.5381537540538945 0.6333937268165869 0.0843125446422686 0.09076077886860805
28 0.7885919050268291 0.7783443928415987 0.09716710064862308 0.11180132096198285
28 0.7341401842478223 0.7502340743692775 0.10190914772652385 0.11519933674699842
31 0.29015481046728603 0.4937753028990672 0.09237050649282175 0.10527830517696728
30 0.23963661322722954 0.4669999712725664 0.08919095941492108 0.10197129465362345
34 0.48601850973593735 0.6035844004517579 0.08283186525911965 0.09535727360693613
34 0.19369682183137174 0.43370162386104993 0.08285913879807008 0.09691977360693613
33 0.4363088360348312 0.5783260661944212 0.0971398271096728 0.11023882096198286
33 0.14249283197764145 0.41244054486538506 0.08444891233702041 0.09857327886860805
32 0.3880798417168741 0.5482892266754126 0.08919095941492117 0.10197129465362345
32 0.3375207341683921 0.5191701450489117 0.08921823295387146 0.10353379465362345
32 0.09028940381230846 0.3787249685005561 0.09234323295387144 0.10371580517696728