36 0.9136243187499999 0.451966534375 0.8594923109374999 0.45263381875 0.8912435796875 0.5248534578124999 0.9490307109374999 0.5217904140625 0.9136243187499999 0.451966534375
36 0.8590555484375001 0.45282489375 0.8045948671875 0.4534686609375 0.8304520546875 0.5263408859375 0.8888193296875 0.5243008171875 0.8590555484375001 0.45282489375
30 0.8028632609375 0.4540242421875 0.7468364125 0.455902634375 0.7705318484375 0.5289835703125 0.829091034375 0.52488579375 0.8028632609375 0.4540242421875
30 0.7455989203125 0.453121790625 0.691451471875 0.4550001828125 0.709252828125 0.5282898296874999 0.7675031921875 0.5252356046875 0.7455989203125 0.453121790625
30 0.6906485359375 0.4569608828125 0.6324290546875 0.4590421078125 0.6490127718750001 0.5308913578125 0.7084807750000001 0.5292775296875 0.6906485359375 0.4569608828125
32 0.6294864265625 0.45032036875000003 0.5734595765625 0.4528190140625 0.5826006953125 0.525085684375 0.645002503125 0.5226370140625 0.6294864265625 0.45032036875000003
32 0.571141209375 0.44518198125 0.51557759375 0.4458022328125 0.5200863890625 0.5180689046875 0.58156173125 0.5177249734375 0.571141209375 0.44518198125
32 0.5137026046875001 0.44922684375 0.4581389890625 0.449847096875 0.46021029999999996 0.5217051671874999 0.51918639375 0.5207468625 0.5137026046875001 0.44922684375
41 0.45649120468750004 0.45084949375 0.3974820234375 0.4506349046875 0.3957018875 0.52335133125 0.45806619531250004 0.522578221875 0.45649120468750004 0.45084949375
41 0.3962842359375 0.451196365625 0.33727505468749996 0.450981775 0.332715525 0.523698203125 0.3941533671875 0.5231485015625 0.3962842359375 0.451196365625
41 0.3360221203125 0.4521399703125 0.27665779375 0.45223403749999996 0.26728505937499997 0.5276636984375 0.3295567203125 0.5268288562500001 0.3360221203125 0.4521399703125
38 0.27517765625 0.44758067968750004 0.21608465156249998 0.44742782031250006 0.2024259140625 0.5204587843749999 0.2662174203125 0.52029416875 0.27517765625 0.44758067968750004
38 0.217769934375 0.437918275 0.1567798828125 0.439599715625 0.1372733890625 0.5114019328125 0.20182812343749998 0.5115371546875 0.217769934375 0.437918275
38 0.1545365140625 0.4439267796875 0.09246117499999999 0.4445499703125 0.06955985 0.5186391828125 0.1342403203125 0.5167549109375 0.1545365140625 0.4439267796875