29 0.1615064233463544 0.3028815754152828 0.07365701196784728 0.0811684592838688
31 0.21446842239642389 0.33279841532853505 0.08165134992375007 0.08948160703211538
12 0.27384407560680585 0.3701470234403846 0.07703658510611114 0.09230621838316741
10 0.330040177430417 0.4049516224529355 0.07696384992375008 0.0891812183831675
38 0.3862180954584379 0.43897497146548636 0.06896951196784729 0.08086807063492078
37 0.44646591764677124 0.48027989435216056 0.07216724715020853 0.08419332973421945
36 0.5073677032659726 0.5161661320136595 0.07216724715020853 0.08419332973421945
35 0.5675609740675351 0.5551273049003337 0.07692748233256949 0.08761871838316751
36 0.6284627596867366 0.5910135425618325 0.08648432028847228 0.09603199568106327
38 0.6910543318750699 0.6324686597729807 0.08168771751493065 0.09104410703211538
39 0.7558623674942714 0.6686052213086029 0.09447865824437507 0.10434514342931003
39 0.8183812045002437 0.7069353385197511 0.09284342306201401 0.10112001387966067
40 0.8801006077106255 0.7444341409560746 0.0752558795590275 0.08283108883351815