16 0.5009930386154929 0.9101712556787476 0.1453726841585148 0.057169392044480814
15 0.491011822886947 0.8459996615229463 0.14849768415851478 0.05722393912238175
14 0.4812126176817449 0.7849530673671449 0.15171368942018654 0.05884098620028233
8 0.4761919177382147 0.7255507938281945 0.14546368942018653 0.058731892044480996
8 0.46878196516384846 0.6653263599808186 0.1426117052052021 0.06336484496658024
10 0.45976400995864636 0.6042934025944925 0.14224768415851474 0.05711484496658024
9 0.45492532053845974 0.5480161290555421 0.13930469468185844 0.060185297888679656
8 0.45073137322576545 0.489408742286067 0.1344351841585148 0.05697847727182861
13 0.4395061759130711 0.4306786245913153 0.13581567363517094 0.0538807508107789
13 0.43379523123121266 0.3728252142828897 0.12800317363517094 0.05374438311602718
13 0.42817529181102615 0.31653430397446425 0.1340711631118273 0.05072847727182861
14 0.4217285997600036 0.25944850689656357 0.13572466837349922 0.0523182508107789
14 0.41155766823232487 0.20541952597128704 0.1387586631118273 0.050810297888679565
14 0.4113154735504664 0.14766157304918773 0.13388915258848363 0.047603477271828565
6 0.4010990393919517 0.09285134212391118 0.1340711631118273 0.05072847727182857
27 1 0.55982136875 0.9182690953125 0.5232645703125 0.8654041328125001 0.56404954375 0.9671747749999999 0.6024164 1 0.575580509375 1 0.55982136875
25 1 0.44793337031249997 0.8920579046875 0.42744501875 0.8671886390625 0.4744910390625 0.9800201062499999 0.4941201484375 1 0.4547902578125 1 0.44793337031249997
28 1 0.3391095546875 0.92884435625 0.2891901046875 0.8662135671875 0.316213125 0.9331311640625 0.37130620312499996 1 0.343735015625 1 0.3391095546875