28 0.621875 0.5046875 0.053125 0.08203125
28 0.45234375 0.5109375 0.05078125 0.0828125
27 0.5640625 0.50625 0.04765625 0.0828125
27 0.3953125 0.5140625 0.04921875 0.08671875
26 0.50859375 0.509375 0.05 0.08671875
26 0.3375 0.51796875 0.0515625 0.0890625
34 0.79296875 0.49609375 0.05703125 0.08671875
34 0.28046875 0.51796875 0.05 0.08515625
33 0.73671875 0.496875 0.05078125 0.0828125
33 0.2234375 0.52109375 0.04453125 0.08671875
32 0.90703125 0.49140625 0.0453125 0.08203125
32 0.853125 0.49296875 0.03984375 0.08203125
32 0.67890625 0.50078125 0.04921875 0.0828125
32 0.1671875 0.5234375 0.05234375 0.0890625
2 0.109375 0.525 0.04765625 0.0890625