4 0.49228060097468357 0.9831581631690668 0.09250176051544959 0.03368367366186646
25 0.5056304500247439 0.9416958605758596 0.08945864767057934 0.07269462523071261
25 0.5153197105401934 0.876471378774457 0.09069359905006032 0.06654475478036197
25 0.5232008095902538 0.8158342674234049 0.0889673247398008 0.06331962523071262
17 0.5388125214851843 0.7572603038205996 0.08567855042954128 0.059994366131413915
17 0.5498186205352447 0.6968234515688462 0.0874048247398008 0.06321949568106326
17 0.5606609452750455 0.6395115993170928 0.0825535504295413 0.059794107032115386
24 0.5722026328597166 0.583812311840164 0.08551477611928178 0.05686936613141391
23 0.5815234011770822 0.5256190800387612 0.08411605042954129 0.05989423658176456
22 0.5888312901412343 0.4759194686877092 0.08395227611928177 0.056769236581764734
18 0.6045248891912947 0.41578300508490373 0.07753850180902226 0.05324371838316746
18 0.6085440038451873 0.3690081346345531 0.08551477611928178 0.056869366131414
22 0.6203313528952475 0.30862134715762435 0.08263543758467104 0.06135660703211539
21 0.6298192175491402 0.26219693013104634 0.07934666327441153 0.058031347932816765
20 0.6455537601767654 0.20127921652824088 0.07951043758467105 0.06115634793281677