16 0.86875 0.596875 0.08359375 0.15703125
15 0.778125 0.59921875 0.0890625 0.15703125
15 0.59296875 0.59609375 0.0890625 0.1578125
14 0.68671875 0.59765625 0.0921875 0.16015625
14 0.50078125 0.59765625 0.09140625 0.15625
14 0.315625 0.596875 0.0890625 0.15625
13 0.409375 0.596875 0.08828125 0.15703125
13 0.221875 0.59765625 0.09296875 0.16015625
12 0.128125 0.596875 0.09375 0.15703125
10 0.6859375 0.43828125 0.0890625 0.153125
10 0.59375 0.43828125 0.0890625 0.15234375
10 0.503125 0.4390625 0.0875 0.15390625
9 0.41171875 0.4375 0.0890625 0.1546875
9 0.31953125 0.4375 0.08984375 0.15546875