32 0.24023092992213774 0.8698972671289414 0.09855951680591397 0.08746779121570683
32 0.26228500205152844 0.8187492263722767 0.10337435079830275 0.09097542848861018
32 0.2866828241809191 0.7677925042520638 0.10337435079830275 0.09097542848861018
13 0.30954997980840704 0.7174894863742163 0.10500051779449712 0.0926654742462448
13 0.3348245524320893 0.6689402871328207 0.10981535178688588 0.09617311151914834
39 0.3569741250557716 0.620135996376156 0.11300401878308035 0.09799070303441741
39 0.38153111467564826 0.5730855242559432 0.11137785178688597 0.09630065727678297
39 0.40599260380123336 0.5236913021357303 0.10981535178688588 0.09617311151914834
40 0.4298320104173044 0.4781395571367001 0.11313135277546901 0.10111570303441741
40 0.45276283304098663 0.4293990392588526 0.11150518577927464 0.09942565727678296
40 0.47657040615896057 0.3830660442598225 0.10994268577927464 0.09929811151914833
9 0.4995967292769343 0.336669276381975 0.1131313527754692 0.10111570303441741
9 0.5224957184025195 0.28714750850412757 0.11150518577927464 0.09942565727678296
9 0.5471163750185906 0.24165953638391469 0.11150518577927464 0.09942565727678296
9 0.5701426981365645 0.19526276850606727 0.10831651878308043 0.09760806576151389
7 0.5954491042583439 0.14749481926467162 0.11000635277546919 0.10086061151914842
2 0.6160361768820262 0.09856298275037238 0.10168451680591399 0.08772288273097573