39 0.10790216517968225 0.6895881166454555 0.06727461733238065 0.0913340720082724
39 0.16073758807616007 0.6819477919716832 0.0672746173323806 0.09133407200827222
39 0.21811304550151314 0.6875250826305017 0.0641496173323806 0.09129770934118149
35 0.38247011246557666 0.5474438806095027 0.06524222376899794 0.10692270934118149
35 0.4491330885803631 0.531836514600594 0.06746028763096845 0.11631589067472703
16 0.5200300966261349 0.5114961952578216 0.07414733020561534 0.12263861600890866
16 0.5912877375916274 0.5083251945815039 0.0743658514929388 0.12576361600890867
16 0.6665608892007817 0.5035462405713226 0.08083437278026225 0.12896134134309048
15 0.2710959338691157 0.666612598623502 0.060336202481674484 0.10374316534054522
15 0.32600195515643915 0.6628512519494114 0.05532092055068931 0.09900112133990877
15 0.38772070515643914 0.6621330892743663 0.054195463125336296 0.1052329400063634
15 0.4478605296620713 0.6505046985996394 0.06836722376899793 0.10695907200827222
9 0.5110707238458726 0.6396211952578217 0.06524222376899794 0.10692270934118149
9 0.5782035935240417 0.6396206479153675 0.0733825056999832 0.11170111600890867
9 0.652695495133196 0.6348507845719589 0.07683528763096845 0.11642497867599957
3 0.8109396838691157 0.6603309478835507 0.07549130891829199 0.11953179734245403
4 0.8891357396853146 0.6695690405395058 0.08017880891829207 0.11958634134309047
7 0.7330332051564391 0.658115014560823 0.0774908514929388 0.12579997867599957