0 0.3009510830695257 0.10863599648461833 0.10089256175762476 0.08666615824437508
4 0.32449623165759994 0.15921787794350722 0.10236413354437941 0.08357752583555564
40 0.3480186481923628 0.21058100940239616 0.09285274122451134 0.07867182028847228
40 0.37154106472712567 0.26194414086128504 0.09602320533113406 0.08030705547083343
40 0.39352371331519986 0.31248965472899337 0.09441524122451135 0.07870818787965286
38 0.42014839779665136 0.3647067713702434 0.09285274122451134 0.07867182028847228
38 0.4420628502247915 0.41759603523795175 0.09763116943775674 0.08190592306201405
38 0.4664574449727998 0.4658523504924309 0.09441524122451135 0.07870818787965277
38 0.4908293076674967 0.5148899157469101 0.0880288489046432 0.07387521751493047
13 0.5120079742022595 0.5661984958190283 0.08807431301126592 0.07543771751493064
13 0.5348173368969564 0.6151996934823268 0.09124477711788863 0.0770729526972918
11 0.559166467538342 0.665018508736806 0.08807431301126592 0.07543771751493047
11 0.5834474020197934 0.7171810739912852 0.0976766335443795 0.0834684230620141
11 0.6062113006078678 0.7677447716545839 0.09441524122451135 0.07870818787965277
15 0.6321456633025646 0.8168187045002435 0.09124477711788863 0.0770729526972918
15 0.6533470618906387 0.8673460345723616 0.09763116943775678 0.0819059230620141
15 0.677809852798581 0.9132585998268409 0.09124477711788863 0.0770729526972918