39 0.5711044576774545 0.11342283714251906 0.1209787715394249 0.08600088606495562
39 0.5647012743894166 0.1773737668390773 0.11930701089576327 0.08431084030732112
39 0.5597513304577169 0.23988974229327012 0.12076025025210164 0.08287588606495559
33 0.5518402774915098 0.3044943762321938 0.11763525025210146 0.08262079454968649
33 0.5455463548471335 0.3700078059287521 0.12421303218308673 0.08781847758022465
33 0.5408149322027572 0.4356487813829449 0.11897922896477801 0.07962334030732113
30 0.5327946185928883 0.49869091532186866 0.11785377153942492 0.08574579454968649
29 0.525719445948512 0.5641405721396096 0.11807229282674854 0.0888707945496865
28 0.5195347839477975 0.6312165018361678 0.11785377153942492 0.08574579454968649
27 0.5122957203379287 0.6943224086539088 0.11618201089576327 0.08405574879205205
27 0.5063295796245377 0.764523338350467 0.11472877153942491 0.08549070303441741
27 0.5008169069801613 0.8301005409258426 0.11785377153942508 0.08574579454968649
26 0.4923431253012778 0.897766401985949 0.12443155347041035 0.09094347758022465
26 0.4840878649097176 0.963719092203832 0.11294775025210164 0.07256181559233603