6 0.06875 0.6484375 0.04453125 0.075
16 0.9375 0.63359375 0.05390625 0.07890625
16 0.87421875 0.63046875 0.05625 0.0765625
15 0.80703125 0.63515625 0.0578125 0.08125
14 0.74609375 0.6375 0.0484375 0.08359375
14 0.6234375 0.63671875 0.05625 0.08046875
13 0.6875 0.634375 0.05078125 0.07890625
13 0.56328125 0.6375 0.0484375 0.07734375
13 0.44140625 0.6375 0.04765625 0.075
12 0.50234375 0.63984375 0.0515625 0.07890625
12 0.37890625 0.640625 0.0484375 0.07890625
11 0.31640625 0.64453125 0.05078125 0.07890625
41 0.25390625 0.64609375 0.0421875 0.06875
41 0.190625 0.64453125 0.0453125 0.071875
41 0.1328125 0.6484375 0.0421875 0.0796875