15 0.8342789614340977 0.7100963692879899 0.1051265239356944 0.15844766508343397
15 0.7526471017267019 0.6894319872212429 0.10832425911805572 0.1617364393936933
15 0.6718146758148964 0.6695897987320606 0.10981402393569457 0.15869332654882307
12 0.5885839485163199 0.6472810295101838 0.10981402393569457 0.15869332654882307
13 0.5069520888089241 0.6266166474434367 0.10981402393569457 0.15869332654882307
13 0.4237577291015283 0.6058703782215599 0.10985039152687506 0.16025582654882306
13 0.3397821193941324 0.5850831654221181 0.1146106267092362 0.16362648801421234
12 0.25506162727791715 0.5658175090451115 0.11461062670923623 0.1636264880142125
11 0.17103146618375045 0.5426865462456698 0.11301175911805568 0.16198210085908257
9 0.6926876074262852 0.5271090496365718 0.10817878875333342 0.1554864393936935
9 0.6110739315144796 0.5072259175698248 0.10817878875333342 0.1554864393936935
10 0.5294420718070837 0.4865615355030776 0.10974128875333342 0.15556832654882308
9 0.44860964589527813 0.46671934701389545 0.10977765634451409 0.1571308265488231
8 0.3677044848011115 0.44375215852471317 0.10825152393569457 0.15861143939369332