19 0.03471591964354148 0.5001711255905631 0.06943183928708296 0.12465774881887377
39 0.0893981939604857 0.4855431411996598 0.08103440729444455 0.12772818511654283
39 0.153024936076701 0.46848956125526015 0.08259690729444458 0.12778274881887378
35 0.21737837680614547 0.45375244945969506 0.0873571424768057 0.13107143992586626
15 0.28487500133118016 0.43812496025946823 0.08572190729444458 0.12789187622353534
14 0.34999150826503433 0.4241418166127378 0.08575827488562507 0.12945437622353534
13 0.4167250665856594 0.4077603592636764 0.08572190729444458 0.12789187622353532
12 0.4834404411106942 0.392160151914615 0.08732077488562524 0.12950893992586626
11 0.5501558156357288 0.37655994456555364 0.09364351006798621 0.13285219473518967
11 0.6859666822769789 0.3437151843139346 0.09364351006798621 0.13285219473518967
10 0.6168893739563538 0.36017848721649226 0.08572190729444458 0.1278918762235354
10 0.7558070568020137 0.3280058495602115 0.09364351006798621 0.13285219473518967
9 0.8233400489182289 0.3108158603599847 0.09208101006798622 0.13279763103285874
7 0.8915451882609025 0.29828608930859246 0.08888327488562524 0.12956350362819702