35 0.4286830153217022 0.14260957299302288 0.06438066256778666 0.05916718639013112
35 0.42990008167667676 0.20187531234936112 0.06436248184962742 0.05604218639013114
35 0.4295501028521115 0.2620315623493611 0.07062157220870695 0.058041728964778015
9 0.429985919207086 0.3213519320275303 0.07063066256778665 0.05960422896477802
9 0.42339048556206055 0.3811639746021772 0.06121021077238851 0.051136165102807676
9 0.42383539227611466 0.4389218442803463 0.06590680113146821 0.05302644703379293
15 0.42505700381062905 0.4974063336366846 0.05495112041330881 0.0491366225281606
15 0.4247388412428424 0.5520938336366846 0.0643443011314682 0.05291718639013112
15 0.4267644286750558 0.6066174426711919 0.06276362041330893 0.049682925746469306
15 0.42175876610726915 0.6616327246021771 0.056513620413308804 0.049245883171822415
31 0.4214587842576417 0.7131952246021772 0.061246572208706995 0.057386165102807675
31 0.42273493794663375 0.7623047139585155 0.06123748184962743 0.055823665102807674
31 0.42319348019930736 0.8177188336366846 0.06435339149054772 0.05447968639013112
26 0.4274750393258073 0.0817813336366846 0.07063066256778665 0.05960422896477806
26 0.42704831332991244 0.025322974059536818 0.06906816256778665 0.050645948119073636