37 0.7174871552075583 0.7599455290255765 0.07161501482874755 0.07271330290255769
37 0.6720818133065042 0.7177927453603126 0.07317751482874754 0.07276786660488846
37 0.6273940544092557 0.6741047435462141 0.06992518083635879 0.06953373920022692
35 0.41218159539827637 0.4660938029873757 0.06667284684397004 0.06629961179556502
35 0.3700285874896109 0.42717514672677337 0.06504667984777565 0.06468254809323426
35 0.32778007908665396 0.38591274046617113 0.0683626808363588 0.06947917549789598
20 0.8068626730020556 0.8473215326537737 0.08456068380210838 0.08408731252120454
20 0.7605487471086125 0.8020164671373443 0.07968218281352524 0.07923612141421188
17 0.5819250455120071 0.6303894598809501 0.07805601581733086 0.07761905771188111
17 0.5404896206071472 0.5899355854715133 0.07155134783255317 0.07115080290255768
17 0.4996762782118015 0.545602742913242 0.07480368182494193 0.07438493030721922
17 0.4560562707974277 0.5089732729503088 0.07805601581733086 0.07761905771188111
18 0.2887839046760858 0.3478844616102307 0.0683626808363588 0.06947917549789598
18 0.24738031326932317 0.30821183720079376 0.06673651384016441 0.06786211179556503
18 0.20913355536065778 0.2694295901960187 0.07324118182494202 0.07433036660488854
7 0.16391921444818675 0.2319643065307547 0.08293451680591395 0.08247024881887362