13 0.91796875 0.54921875 0.04140625 0.08203125
13 0.86015625 0.55546875 0.040625 0.09609375
14 0.8015625 0.5609375 0.04140625 0.09296875
15 0.74609375 0.56953125 0.04140625 0.08828125
16 0.6875 0.571875 0.0421875 0.084375
12 0.628125 0.57890625 0.0453125 0.090625
13 0.5671875 0.58515625 0.0484375 0.090625
14 0.50859375 0.58828125 0.04609375 0.096875
9 0.4484375 0.59375 0.046875 0.0921875
10 0.3890625 0.5921875 0.0484375 0.103125
11 0.328125 0.6078125 0.05546875 0.10546875
14 0.26796875 0.60703125 0.05859375 0.10546875
15 0.20546875 0.61875 0.059375 0.10546875
16 0.14296875 0.62421875 0.05859375 0.1078125
6 0.0796875 0.62890625 0.05546875 0.103125