41 0.90859375 0.7203125 0.03984375 0.11796875
41 0.853125 0.7234375 0.04375 0.1234375
41 0.79765625 0.725 0.05 0.13203125
18 0.7453125 0.72265625 0.04453125 0.1265625
18 0.69375 0.7171875 0.04921875 0.13046875
20 0.63984375 0.7234375 0.04765625 0.12578125
21 0.5875 0.72421875 0.04765625 0.1296875
22 0.53515625 0.72578125 0.0484375 0.12890625
21 0.48203125 0.72578125 0.0515625 0.1328125
21 0.42890625 0.728125 0.0515625 0.1328125
21 0.37734375 0.7296875 0.05234375 0.13359375
17 0.325 0.7296875 0.05234375 0.1328125
18 0.27109375 0.7296875 0.05234375 0.13046875
19 0.21953125 0.73125 0.04765625 0.13046875
7 0.16875 0.73046875 0.05078125 0.1296875
5 0.1140625 0.73125 0.05546875 0.13203125
1 0.06015625 0.73125 0.04765625 0.12890625