0 0.9881015833318303 0.7513360070063155 0.023796833336339418 0.08871155575957416
32 0.9099831612869771 0.7723981929117916 0.06933650496239849 0.08504442182065049
32 0.8629454954473769 0.7817892973039383 0.06450345574818712 0.08153678454774678
32 0.816507143090012 0.7873379245749023 0.06272263192686936 0.07672173879011232
32 0.7720315510717294 0.8016078476035007 0.06286818114108109 0.07984673879011232
34 0.590385598838199 0.8451511982026254 0.0565454065339754 0.07777405575957416
34 0.5457280703021518 0.8555148712312238 0.059670406533975394 0.07802914727484307
34 0.5002165171589986 0.8642522713810052 0.06286818114108109 0.07984673879011232
35 0.724285409839235 0.8124976791168301 0.05959763192686936 0.07646664727484342
35 0.6803727439996348 0.8221438750242459 0.057962357319763666 0.07477660151720888
35 0.6341891027671404 0.8331612522952098 0.057962357319763666 0.07477660151720862
39 0.45247037592650424 0.8751421028943346 0.054764582712657627 0.07295901000193972
39 0.406995210086904 0.8846607530441158 0.05788958271265763 0.07321410151720861
39 0.3607024069437509 0.8933343803150798 0.06130568114108117 0.07971919303247788
41 0.3153364030148095 0.9051967804648609 0.05654540653397522 0.07777405575957416
41 0.2684442863894209 0.9177128848570076 0.053420406533975305 0.07751896424430527