25 0.7252557362050386 0.1839724197962612 0.12276756242753387 0.08817268657189174
25 0.6979440660513779 0.24113548000291565 0.12458515394280312 0.09130677693097136
25 0.6720673501400829 0.29985194985049046 0.1228951081851685 0.08973518657189175
24 0.6439744299864223 0.35701955523668477 0.12471269970043757 0.09286927693097136
23 0.6158177369539446 0.414968410622879 0.12627519970043757 0.09287836729005097
22 0.5885698396791013 0.4713502208295335 0.12471269970043757 0.09286927693097127
24 0.5619118737678062 0.5300712358566482 0.12471269970043757 0.09286927693097127
23 0.5352539078565111 0.5887922508837627 0.12809279121570666 0.09601245764913066
22 0.5086597148240333 0.6467320159108774 0.12965529121570665 0.0960215480082102
22 0.481156726033921 0.7062388261175319 0.12978283697334128 0.09758404800821019
21 0.4536537372438086 0.7657456363241864 0.12991038273097572 0.09914654800821018
20 0.4252419526960617 0.8268194917103806 0.13160042848861023 0.10071813836728997
20 0.3961764639059494 0.8863353922761146 0.13160042848861037 0.10071813836729007
20 0.3662659522370198 0.9466370880213886 0.1279652454580721 0.09444995764913067