10 0.14891377058805605 0.5975489301939279 0.07500497840045357 0.13560230925276534
10 0.20321932467174006 0.5875660040571897 0.07500497840045364 0.13560230925276534
11 0.2568254743089204 0.5799131911509765 0.07511410580511538 0.13872730925276536
12 0.31032249654143895 0.5691353782447632 0.07829366950744614 0.14034435633066594
13 0.3615303324762884 0.5598791550301245 0.07829366950744614 0.14034435633066594
14 0.41435523211346864 0.552212705354436 0.07818454210278455 0.13721935633066593
15 0.464836381750649 0.544505345370322 0.07500497840045366 0.13560230925276534
16 0.5159896539831677 0.5336866221556833 0.07818454210278461 0.13721935633066593
40 0.5664708036203479 0.5259792621715693 0.07818454210278443 0.13721935633066593
40 0.6153621714063627 0.517463378648505 0.07333335099579194 0.1324500357138149
40 0.6650893528947084 0.5105236318949159 0.07807541469812271 0.13409435633066594
36 0.7155705025318888 0.5028162719108019 0.07484128729346118 0.13091480925276536
36 0.764489152169069 0.49508163838773767 0.07187997840045349 0.13554776217486458
36 0.8141344881039185 0.48579814163414864 0.07495041469812272 0.13403980925276535
6 0.8629985740387678 0.47650100811108426 0.06859128729346083 0.130805715096964
3 0.910409287378279 0.4703016010490696 0.07489585099579159 0.13247730925276535
2 0.9554489688666248 0.46328003367862947 0.06859128729346117 0.13080571509696387