2 0.9241669422422465 0.5269150607892671 0.09106535178688588 0.088518154678545
0 0.8964703651699398 0.5562662061186764 0.08456068380210838 0.08219542934436319
4 0.8736841225843136 0.5911406454487219 0.08781301779449713 0.08535679201145392
13 0.843643795512007 0.6204645187778131 0.08456068380210838 0.08219542934436319
12 0.807098800454923 0.6434656667727223 0.08456068380210838 0.08219542934436319
11 0.7794340568807135 0.6735980621021317 0.08618685079830275 0.08377611067790855
10 0.7477038958160183 0.6997787540976773 0.08781301779449713 0.08535679201145392
9 0.7226694037246837 0.7369696714274048 0.08130834980971961 0.07903406667727211
8 0.6950046601504742 0.767102066756814 0.08781301779449713 0.0853567920114541
16 0.6699065010629452 0.8027304840865414 0.08456068380210838 0.08219542934436319
16 0.6569409274506798 0.8486515114178598 0.08293451680591399 0.08061474801081765
14 0.6212726828878873 0.8740055000795419 0.08456068380210838 0.08219542934436319
11 0.5978006907965527 0.9112145987428146 0.08130834980971961 0.07903406667727211
16 0.5793663671842872 0.957071991406724 0.08618685079830275 0.08377611067790838
15 0.5472860376405226 0.9714590186982713 0.08692167984777566 0.05708196260345737
14 0.5135795411005638 0.9876652740292714 0.08558467292769337 0.024669451941457154