16 0.10956848964767334 0.3218856544670607 0.07601959897381953 0.1143579065339753
16 0.17106903410059 0.32838605748637933 0.07609233415618064 0.1174829065339753
16 0.23102526234909693 0.33417798511280383 0.07609233415618064 0.1174829065339753
14 0.29248943921083304 0.3422408881321225 0.07765483415618064 0.11755568114108109
14 0.35315418227697887 0.35112142845499406 0.07605596656500006 0.11592040653397531
14 0.41383710913871496 0.3592207187778656 0.07921733415618064 0.11762845574818695
12 0.475301286000451 0.3672836217971842 0.07918096656499998 0.11606595574818704
12 0.5352211466577774 0.3746380494236087 0.07761846656499997 0.11599318114108108
12 0.595159191110694 0.3812112270500332 0.07921733415618064 0.11762845574818703
10 0.6550790517680205 0.38856565467645765 0.07925370174736131 0.11919095574818694
10 0.7181057286297566 0.39655578308867045 0.08237870174736131 0.11933650496239867
10 0.780369339287083 0.40380104880443624 0.08394120174736112 0.11940927956950458
8 0.8433960161488191 0.41179117721664893 0.08546733415618064 0.1179195541766104
8 0.9032976930105552 0.41992685484307335 0.07445709897381932 0.1142851319268694