13 0.14722509402309242 0.8193171056807819 0.1086141335443794 0.0818681444174139
13 0.1690606415949522 0.7668551810127469 0.10700616943775679 0.08029655405833439
13 0.1917001712201234 0.713607461165172 0.10388116943775669 0.08027837334017515
6 0.21438516495191723 0.6587972413175972 0.10544366943775677 0.08028746369925485
40 0.23546219457708836 0.605558611829102 0.10705163354437941 0.08185905405833438
40 0.2542182062555709 0.5515523678792261 0.1086141335443794 0.0818681444174139
40 0.2760764858807421 0.4983091932111911 0.10544366943775678 0.08028746369925485
14 0.2987160155059132 0.44506147336361623 0.10705163354437941 0.08185905405833438
14 0.31823054513108434 0.39183193423420065 0.11022209765100204 0.08343973477649361
14 0.3377450747562555 0.33860239510478507 0.10548913354437942 0.08184996369925476
15 0.35960335438142665 0.28535922043675 0.10388116943775678 0.08027837334017515
15 0.3830241340065978 0.23210695540963538 0.10379024122451135 0.07715337334017516
15 0.40175741363176903 0.17888196145975957 0.10383570533113406 0.07871587334017516
15 0.42283444325694014 0.12564333197126437 0.10379024122451135 0.07715337334017516
8 0.44471545493542264 0.07161890730322933 0.10222774122451135 0.07714428298109555
8 0.4647839140274804 0.02769723224241084 0.1016821719450391 0.05539446448482168