1 0.8875 0.6421875 0.065625 0.1171875
34 0.821875 0.63984375 0.059375 0.11015625
34 0.76015625 0.628125 0.05546875 0.10859375
34 0.7 0.6359375 0.0546875 0.109375
32 0.63984375 0.63671875 0.05 0.10390625
31 0.58046875 0.63125 0.05078125 0.10859375
30 0.5234375 0.634375 0.0515625 0.10390625
28 0.46328125 0.63515625 0.04765625 0.1046875
27 0.40546875 0.6265625 0.04765625 0.1046875
26 0.346875 0.6296875 0.04765625 0.096875
41 0.28828125 0.6265625 0.04296875 0.0953125
41 0.23046875 0.63125 0.0421875 0.1046875
36 0.171875 0.63203125 0.040625 0.09296875
36 0.11171875 0.62734375 0.03828125 0.09765625
36 0.0546875 0.62578125 0.0375 0.09140625