37 0.85390625 0.60390625 0.0390625 0.09296875
37 0.80859375 0.6046875 0.0359375 0.096875
41 0.765625 0.60703125 0.03984375 0.10234375
41 0.71875 0.60703125 0.03828125 0.1
41 0.6734375 0.60390625 0.03828125 0.1
33 0.62734375 0.6 0.0390625 0.0953125
33 0.58125 0.59296875 0.03671875 0.08828125
33 0.534375 0.59453125 0.0390625 0.09921875
27 0.4875 0.59453125 0.03203125 0.09375
27 0.44296875 0.58828125 0.03046875 0.0953125
27 0.39921875 0.58359375 0.03359375 0.09375
26 0.35234375 0.58515625 0.0390625 0.0890625
26 0.3046875 0.58515625 0.0390625 0.09140625
26 0.25859375 0.5828125 0.03671875 0.09921875
26 0.2140625 0.578125 0.03828125 0.08828125
1 0.165625 0.57890625 0.04296875 0.09921875
0 0.12109375 0.57890625 0.03671875 0.096875