6 0.10809177476006163 0.5163187252854206 0.05130912986961631 0.07703734387822045
0 0.053445185068487125 0.5162033201522244 0.06397277110331837 0.08692167984777566
34 0.8883775182672398 0.5844533936901277 0.06400004464226897 0.08848417984777565
34 0.8282621785756653 0.5845608230436118 0.06254663879807013 0.09467051285158128
30 0.7697775227314667 0.5806983354009014 0.06251936525911983 0.09310801285158128
31 0.7129099139651688 0.5736471807619967 0.059367091720169365 0.09141817885919253
32 0.6552337816599204 0.5681903596211892 0.05775004464226861 0.08822951186299796
28 0.5982843522767716 0.5658267049822845 0.059367091720169365 0.09141817885919253
27 0.5421843567409983 0.5595249668452826 0.05942163879807012 0.09454317885919253
26 0.4876059508967997 0.5555033117120863 0.05467959172016936 0.09122717787060938
26 0.43306845536102656 0.54913790657889 0.05624209172016936 0.09129084486680376
26 0.3769002759778776 0.5467424184418881 0.05632391233702041 0.09597834486680376
26 0.3215678936726293 0.541190096806789 0.05470686525911974 0.09278967787060939
32 0.2669894878284307 0.5371684416735928 0.05308981818121907 0.08960101087441501
31 0.21631733198423203 0.5329876190499104 0.057777318181219076 0.08979201186299815
30 0.16253381290950855 0.528152880418617 0.05454322402541765 0.08341467787060922