41 0.13866182426564147 0.613075734698519 0.07420251666989945 0.08906680810555194
41 0.20543486502230618 0.5856549019858613 0.08565019970043757 0.09582623035529281
38 0.27180929305187446 0.5629579565767566 0.0835775166698994 0.08950345574818712
38 0.3392998109297219 0.5347194865605459 0.08539510818516849 0.0927012303552928
38 0.4041117389592902 0.512095315758547 0.08357751666989946 0.08950345574818712
33 0.46579866698885847 0.4896166941707597 0.08408769970043757 0.09575345574818694
33 0.5291756407760614 0.46862779797586657 0.08383260818516866 0.09262845574818712
33 0.5924888416844469 0.44685765178097353 0.08565019970043757 0.09582623035529285
22 0.6510507697140152 0.4245245794073981 0.07719997091226496 0.08764985731976349
22 0.7088314477435835 0.40222789433737544 0.08201501666989941 0.08943068114108113
22 0.7703908300155173 0.37818677274958823 0.08708515394280311 0.09433650496239868
40 0.8320139851662685 0.35492690116180103 0.07330969636645782 0.07812930810555194
40 0.8939560047111058 0.3355732795740138 0.0785073793969957 0.08459763192686945
40 0.9527092513771258 0.3155839572004383 0.08539510818516831 0.0927012303552929