33 0.6814442842093912 0.9263874429309726 0.13093074879205205 0.11874760487264738
33 0.6490620899689653 0.8709093985142138 0.12924070303441743 0.11708497532299766
32 0.6172698270920878 0.8178251688722794 0.1341832945496865 0.12051036397194573
31 0.5864501328516619 0.7624472540051697 0.13249324879205204 0.11884773442229637
30 0.5549129614900534 0.7062380243632352 0.13249324879205204 0.11884773442229637
29 0.5224669943708103 0.6515412299464762 0.13249324879205204 0.11884773442229637
29 0.4900848001303846 0.5960631855297172 0.13587334030732096 0.12217299352159508
27 0.42544795740716745 0.48354459669619904 0.13249324879205204 0.11884773442229637
28 0.45770260588995876 0.5405851411129581 0.13249324879205204 0.11884773442229637
28 0.3931933089243762 0.42650405227944 0.13431084030732104 0.12207286397194572
28 0.36081111468395044 0.371026007862681 0.13431084030732113 0.12207286397194572
28 0.3292101704435246 0.31559802822074656 0.1326207945496865 0.12041023442229637
26 0.2954567948395506 0.2576761042543382 0.13600088606495558 0.12373549352159499
26 0.2623571234779421 0.20136674506275448 0.1326207945496866 0.12041023442229637
26 0.23322747499515079 0.1445264597452941 0.134055748792052 0.11894786397194568