20 0.4462153329919428 0.9103592494685273 0.0943918091359686 0.075567685779275
19 0.45819635458866886 0.8401913295065835 0.10088747060135787 0.08050985376405242
18 0.45640148122834906 0.776065162510389 0.10072369629109837 0.07738485376405232
20 0.46768313998020483 0.7074915760465423 0.09899742198083886 0.07419618676785796
19 0.46901326661988507 0.6432380750579592 0.09759869629109837 0.0772575197716634
18 0.4724824253717408 0.5749828235750843 0.09899742198083886 0.07419618676785796
23 0.47693755201142096 0.5106019885941124 0.10220430913596842 0.07588602076024671
24 0.4783495658062309 0.44791098760552933 0.10039614767057933 0.07113485376405215
25 0.48338122455808674 0.3795920691264601 0.10064180913596843 0.07582235376405233
35 0.4868913268875074 0.3121180676435854 0.10384869629109836 0.07751218775644109
35 0.4919639292169281 0.2445803991645162 0.10072369629109837 0.07738485376405232
41 0.4947337251239136 0.17791948117973863 0.10023237336031983 0.06800985376405229
41 0.49964255314307476 0.10725681270066949 0.10195864767057934 0.07119852076024666
41 0.5070589054724954 0.03962364372730874 0.10500176051544959 0.06976335475263544