16 0.8822887625912277 0.42560768031227153 0.10224427693097127 0.12488344606059658
15 0.8313257054096355 0.4530097072819732 0.10224427693097127 0.12488344606059658
14 0.7795768530485032 0.48113378466659357 0.10538745764913049 0.1282452444009227
13 0.7286001603282914 0.5108795616362952 0.10538745764913067 0.1282452444009227
12 0.6752842627876194 0.5396664898507524 0.10538745764913067 0.1282452444009227
11 0.6227496152469475 0.568512617650291 0.10695904800821018 0.12992614357108573
11 0.5702149677062756 0.5973587454498299 0.10695904800821018 0.12992614357108573
10 0.5176757749860638 0.6269861232493685 0.10538745764913067 0.1282452444009227
9 0.46435987744539176 0.6557730514638257 0.10695904800821018 0.12992614357108573
9 0.4118115943661004 0.6869629292633643 0.10853972872636941 0.13316954274124876
9 0.35770535646634877 0.71725315789274 0.11166472872636941 0.13340634108157462
10 0.30359911856659716 0.7475433865221157 0.1101113190854491 0.13485044191141177
9 0.24714913066684557 0.7776560163962468 0.11323631908544902 0.13508724025173785
8 0.191480392767094 0.8078278458554594 0.1085306383672898 0.13160704274124874