0 0.3908183296899456 0.8920332187778655 0.07093254809323427 0.06570208271265798
2 0.40439224556919473 0.8383624092245716 0.07238592068857255 0.06264985731976366
18 0.4123337203414513 0.7896338107961482 0.06709821996293316 0.04524403349844608
18 0.4226735088160387 0.739233550457066 0.07033234736759479 0.04851458271265763
18 0.4323684565464531 0.6849634274215367 0.0751835384745874 0.053420406533975395
27 0.4405554679791986 0.6292035789931132 0.07351191106992569 0.050222631926869356
27 0.44790666570961307 0.5750426178682428 0.06882441106992569 0.05000430810555194
27 0.4577107408446893 0.5176474948327134 0.07200397477225647 0.05171235731976367
32 0.46433525227743466 0.4619604210113959 0.07216766587924912 0.05639985731976367
32 0.4765649229660072 0.4021123860652079 0.07383929328391084 0.0595976319268694
32 0.48723209365457976 0.3423371257261256 0.0738938569862416 0.06116013192686944
21 0.495664641747814 0.2795460272977022 0.06758929328391083 0.05930653349844599
21 0.5056324079898827 0.21746340426217295 0.06909722958158007 0.05781680810555192
24 0.5189161471901096 0.1497664820124319 0.07556548439090349 0.0643579065339753
24 0.5312003815810129 0.08835594706624385 0.08025298439090331 0.06457623035529288
24 0.5397966207812397 0.025765094604180493 0.0770188569862416 0.051530189208360985