37 0.6298492000247439 0.9180730791349724 0.10598440637700648 0.08614778003177222
37 0.6096905082562014 0.8700213628201924 0.1041762449116174 0.08143300649282174
35 0.5886686793325291 0.8235185097359373 0.10598440637700648 0.08614778003177222
35 0.5701953182966811 0.7731503169601077 0.10113313206674715 0.082940959414921
35 0.5508178765281386 0.725112237414803 0.10113313206674697 0.08294095941492116
15 0.5290966847595959 0.6770332475610727 0.1043400192218769 0.08455800649282175
15 0.5129261301461832 0.6274872150936687 0.10598440637700648 0.08614778003177204
15 0.4904646319552054 0.5786133384704633 0.10762879353213642 0.0877375535707225
8 0.4694837466090981 0.5313292353862081 0.1043400192218769 0.08455800649282175
8 0.44862569199568514 0.48170138230195303 0.10919129353213637 0.08776482710967279
8 0.43011138738227234 0.4321144395261234 0.10910940637700665 0.0862023271096728
9 0.40925333276885956 0.38248658644186834 0.10762879353213636 0.0877375535707225
9 0.3884362217330116 0.3320774833576132 0.10762879353213642 0.08773755357072241
9 0.36766005427472853 0.2808871302733581 0.10762879353213632 0.08773755357072241
2 0.34458108039401036 0.22887461688067753 0.10285940637700657 0.08609323295387143
6 0.32466805009085703 0.17613540056589758 0.10762879353213642 0.08773755357072241
4 0.3046321890550091 0.12573993425111768 0.10582063206674715 0.08302278003177212