16 0.6968497781746205 0.10944931171859629 0.12601335475263548 0.10581846878180676
15 0.6797378740300074 0.169506357997732 0.1437101907221905 0.11891866950744619
14 0.6531554693911026 0.22754703649085287 0.137205522737413 0.11245041469812274
14 0.6272588142579064 0.28321668313280823 0.137205522737413 0.11245041469812271
13 0.5997678256266129 0.3381596434770945 0.1405215237259963 0.11724704210278443
12 0.5748115879839025 0.3977082582678845 0.1486523587069682 0.1253323606144387
11 0.5507639343335811 0.46035459120750905 0.14383752471457925 0.12204366950744613
10 0.5227145301889679 0.5207935834029607 0.1501511917107738 0.12382442431676957
9 0.496259459542452 0.5819592618960815 0.14689885771838504 0.12059029691210785
10 0.47143055589213034 0.6446328766868715 0.146898857718385 0.12059029691210803
9 0.4442579022418089 0.7073883370311578 0.1469625247145793 0.12215279691210804
8 0.41789833208958455 0.7708977655242786 0.13876802273741298 0.11250497840045366
8 0.3933240964240406 0.8398213803150686 0.13570668973360744 0.11395835099579195
8 0.3583071092756218 0.9020684091710092 0.14377385771838505 0.12048116950744614