38 0.6545442703125001 0.346658178125 0.6389338703125 0.39600832812500003 0.7139977015625 0.4367432015625 0.7293289765625001 0.382190815625 0.6545442703125001 0.346658178125
38 0.4262961140625 0.0615107515625 0.41759703281249994 0.1034494484375 0.482463415625 0.12190697343750001 0.48954597499999997 0.0788041390625 0.4262961140625 0.0615107515625
38 0.4830422125 0.28498868125 0.44127976875 0.3184377765625 0.49095700625000005 0.37993860625 0.5318358421875 0.3467805453125 0.4830422125 0.28498868125
35 0.3006782875 0.109789365625 0.251319559375 0.1230578828125 0.26961503124999997 0.18430736406249998 0.3186877859375 0.1677051828125 0.3006782875 0.109789365625
36 0.545136190625 0.0884777203125 0.566327359375 0.052455617187500005 0.5167528671875 0.0200615203125 0.4936951625 0.049571732812500005 0.545136190625 0.0884777203125
36 0.8555119 0.3612694203125 0.8248698984375 0.4179814140625 0.8764530562499999 0.45849801250000005 0.9061343921875 0.3974601921875 0.8555119 0.3612694203125
40 0.71493953125 0.36807896093750003 0.725142115625 0.3142806171875 0.6513488984375 0.2855244484375 0.6397181578125 0.334527340625 0.71493953125 0.36807896093750003
26 0.7429170109375 0.1949532640625 0.754140196875 0.2464729421875 0.8235359250000001 0.24308966875000002 0.8078947015625 0.1913980171875 0.7429170109375 0.1949532640625
14 0.8071720609374999 0.43431240468750004 0.794578940625 0.5154778890625 0.8569297828125 0.54455155 0.8675912953125 0.46368371406250003 0.8071720609374999 0.43431240468750004
8 0.541502440625 0.1017760015625 0.5825508046875 0.1290174703125 0.6120848734375001 0.0800211921875 0.572209515625 0.055547856250000006 0.541502440625 0.1017760015625
15 0.6438690578124999 0.15602081875 0.6601404515625 0.20389595468750002 0.7245701671875 0.190700196875 0.7063740171874999 0.1409796390625 0.6438690578124999 0.15602081875
17 0.304925084375 0.087340040625 0.3552770140625 0.10034728906249998 0.362804803125 0.042659668750000004 0.31485025625 0.0352581390625 0.304925084375 0.087340040625
17 0.7647297875 0.12072299375 0.7991202734375 0.1575785140625 0.8439753421875 0.12484708124999999 0.8096653406250001 0.08822968125 0.7647297875 0.12072299375
17 0.6291816515625 0.0681383953125 0.6063551234375 0.099494028125 0.6602705953125 0.1372226515625 0.6817426015625 0.10170324374999999 0.6291816515625 0.0681383953125
18 0.729553303125 0.364017709375 0.7400915218749999 0.41761100625 0.8156776406249999 0.41694956406249994 0.8031513046875001 0.364093775 0.729553303125 0.364017709375
19 0.12842790312500002 0.25668890625 0.09318977187500001 0.3023647484375 0.1521380390625 0.3422728203125 0.1871175953125 0.2953369328125 0.12842790312500002 0.25668890625
20 0.5621370734375 0.31651298125 0.527597609375 0.3795185921875 0.575574415625 0.41812031562499996 0.6113125734375 0.35001830156249997 0.5621370734375 0.31651298125
20 0.6473178671875 0.058408590625 0.6901351609375 0.08592125 0.7150080265625001 0.04076133125 0.672603428125 0.0169295953125 0.6473178671875 0.058408590625
21 0.45070320312499995 0 0.4265495515625 0.0266130984375 0.47694086875 0.060005971874999994 0.5046392234375 0.028584193749999997 0.45070320312499995 0
21 0.4412420953125 0.12463211249999999 0.4273937734375 0.16448065625 0.49171732031250004 0.1880709671875 0.5027127546875 0.14559980781249998 0.4412420953125 0.12463211249999999
22 0.3518573171875 0.1165823703125 0.318977184375 0.145011125 0.3658357828125 0.19539312343749998 0.39824328750000004 0.1624698734375 0.3518573171875 0.1165823703125
22 0.5804650796875 0.1849225046875 0.5975173359375 0.2252373640625 0.65901710625 0.21032516562499998 0.640334628125 0.1645434921875 0.5804650796875 0.1849225046875
23 0.5650053734375 0.050573815625 0.6074818953125 0.0755796109375 0.6366666296875 0.029070353124999997 0.594566840625 0.0050104187500000005 0.5650053734375 0.050573815625
23 0.52478068125 0.162876659375 0.5607020671875 0.19680199375000001 0.6007589421875 0.151628846875 0.5651320921874999 0.12193343125 0.52478068125 0.162876659375
24 0.7364235234375001 0.0171181046875 0.7289436828125 0.0496477984375 0.7924435562500001 0.07282801562499999 0.7972349015625 0.037880754687500004 0.7364235234375001 0.0171181046875
24 0.7366940859375 0.226672690625 0.6879569640625001 0.22388802343749997 0.695089184375 0.2888051984375 0.7461791671875 0.2929722796875 0.7366940859375 0.226672690625
24 0.6080641171875001 0.2335814484375 0.6196811578125 0.2773854109375 0.6868610171875 0.2663459515625 0.6737079375 0.22177471718750003 0.6080641171875001 0.2335814484375
24 0.322494490625 0.18515400937499998 0.2907770890625 0.2243311890625 0.351350440625 0.26860808281250004 0.3798159609375 0.22618653281249998 0.322494490625 0.18515400937499998
25 0.714989190625 0.0499487546875 0.704860240625 0.0870721578125 0.7673806109375 0.110758378125 0.7764615609375001 0.070992515625 0.714989190625 0.0499487546875
25 0.2783466484375 0.21910910781249998 0.2204155578125 0.2621788703125 0.2534977546875 0.30163054843750003 0.3110966375 0.256331728125 0.2783466484375 0.21910910781249998
27 0.35607671406249997 0.34566270781249997 0.32279416250000004 0.3880611078125 0.38509191875000004 0.43955102031250004 0.41924780312500004 0.39148406874999997 0.35607671406249997 0.34566270781249997
28 0.28964175625 0.0120415421875 0.2434492875 0.022915640625 0.2601984453125 0.077600315625 0.306360090625 0.06545625000000001 0.28964175625 0.0120415421875
29 0.747379571875 0.253332090625 0.7601542078125 0.3001423046875 0.8275926421875001 0.29732125625 0.8141878359374999 0.25179093125 0.747379571875 0.253332090625
29 0.263950353125 0.3522010578125 0.3058566390625 0.3894104484375 0.35543113125 0.3306810578125 0.311310690625 0.2958760078125 0.263950353125 0.3522010578125
29 0.19391589375 0.181486315625 0.23820929062500001 0.22997659218750002 0.27654347343749996 0.196636634375 0.23374844218750002 0.151906653125 0.19391589375 0.181486315625
29 0.39551540625000003 0.2800940140625 0.3675875859375 0.3436221609375 0.416182575 0.3702848671875 0.44285690625 0.30017207031250004 0.39551540625000003 0.2800940140625
30 0.4948339203125 0.0760823078125 0.483230578125 0.130879428125 0.5308083921875 0.1429110484375 0.5407883625000001 0.0897245375 0.4948339203125 0.0760823078125
31 0.5012760359375 0.193660146875 0.45486780312499997 0.20498071874999998 0.4733156796875 0.26873706249999996 0.5230186031249999 0.2592619140625 0.5012760359375 0.193660146875
31 0.36768861875000003 0.06718922656250001 0.4122508640625 0.0894599609375 0.4344009875 0.0394384484375 0.39317624375000004 0.0204815359375 0.36768861875000003 0.06718922656250001
31 0.4664214859375 0.432417375 0.5090709609374999 0.4755235171875 0.5535099125 0.41300406718750005 0.51280916875 0.3742535171875 0.4664214859375 0.432417375
32 0.176293403125 0.3397130421875 0.2109270515625 0.3833880234375 0.26984278281249996 0.3289414671875 0.23585471562500002 0.2903827359375 0.176293403125 0.3397130421875
32 0.7141946296875 0.147524603125 0.7316167671875 0.1951781546875 0.795101228125 0.184472725 0.7750522421875 0.13746738593750002 0.7141946296875 0.147524603125
32 0.7468127609375 0.307302409375 0.757780796875 0.3592255671875 0.8288701062499999 0.35724124218750003 0.813973784375 0.30516926093749996 0.7468127609375 0.307302409375
33 0.3966507390625 0.210282171875 0.3756873203125 0.2566459125 0.4381374828125 0.2883322671875 0.46002560625 0.240440596875 0.3966507390625 0.210282171875
33 0.5779974859375 0.23873407656249998 0.54273709375 0.2678970328125 0.5894364375000001 0.32581615625000004 0.6248971828125 0.29347828125 0.5779974859375 0.23873407656249998
34 0.389196584375 0.0838740875 0.3568284640625 0.110652546875 0.39758058125 0.15577939375 0.433144071875 0.12499590625000001 0.389196584375 0.0838740875
34 0.7000534843749999 0.4684229421875 0.734623771875 0.522628071875 0.7965876078125 0.48220738281250003 0.7570273328125 0.428200684375 0.7000534843749999 0.4684229421875
34 0.609394665625 0.43554930000000003 0.6232618234375 0.49939824687499995 0.6999575890624999 0.489727971875 0.6819806265625 0.42770791093750005 0.609394665625 0.43554930000000003
16 0.9782032046875001 0.6923638796875 0.9099684953124999 0.681063153125 0.9225873015625 0.7966632812500001 0.9926149109375 0.8058771625000001 0.9782032046875001 0.6923638796875
16 0.9088656984375 0.682316584375 0.8419683890625 0.6700898375000001 0.8498746203125 0.7826804078125 0.9200477859375 0.79446068125 0.9088656984375 0.682316584375
12 0.838290115625 0.667659040625 0.7713928046875 0.65543229375 0.77788629375 0.76503645625 0.8465970531250001 0.7793401296875 0.838290115625 0.667659040625
12 0.7668600359375 0.6528989734375 0.702880684375 0.6420910203125 0.7041786984375 0.7507460140625 0.774827915625 0.7648644828125 0.7668600359375 0.6528989734375
12 0.6997949078125 0.6406027765625 0.6358155578125 0.629794821875 0.6332777546874999 0.738684628125 0.7015295874999999 0.75119579375 0.6997949078125 0.6406027765625
10 0.6318085 0.625538446875 0.56782915 0.6147304921875001 0.56315425 0.7238617234375 0.6304265796874999 0.73451093125 0.6318085 0.625538446875
10 0.564635490625 0.61799470625 0.5006561406250001 0.6071867531249999 0.4933561046875 0.7133183468750001 0.560736315625 0.7251316906249999 0.564635490625 0.61799470625
10 0.49866631093749997 0.6055992921875 0.4338478765625 0.597843890625 0.4240305859375 0.7011610515625 0.49045184375 0.71183671875 0.49866631093749997 0.6055992921875
41 0.43083230781250004 0.59424895625 0.3689335453125 0.5844298578125 0.354997890625 0.6907499625 0.4198608484375 0.7000233734375 0.43083230781250004 0.59424895625
41 0.364484684375 0.58433725625 0.302585921875 0.5745181578125 0.28590183593749996 0.6748191453125 0.35257653125 0.686678790625 0.364484684375 0.58433725625
41 0.2982363796875 0.5739162453125 0.23683079375 0.5620169125000001 0.21652665781249997 0.6650959546874999 0.282487275 0.6762875453125 0.2982363796875 0.5739162453125
11 0.2307482859375 0.5631645140625 0.1693427 0.55126518125 0.1459219625 0.6543442234375 0.21140310312500002 0.6641467859375 0.2307482859375 0.5631645140625
11 0.163035865625 0.555743140625 0.101630278125 0.5438438078125001 0.0715020015625 0.6466913453124999 0.1402144734375 0.6588453328125 0.163035865625 0.555743140625
11 0.0956916140625 0.5458578968750001 0.0350052421875 0.5306513578125001 0.0037998546874999997 0.6316468578125 0.06807545312499999 0.6457289484375 0.0956916140625 0.5458578968750001