34 0.393356615897955 0.11871692138763387 0.11548776308359247 0.07941587468172658
34 0.40308866069275295 0.17980896272277014 0.11705026308359248 0.07943405601527206
34 0.4142922002258789 0.24248168539145185 0.12035727360693613 0.08259541868236298
31 0.4248054950206768 0.3035828173933609 0.12191977360693614 0.08261360001590834
31 0.43605453718463877 0.3654742900620426 0.12191977360693614 0.08261360001590834
31 0.44578658197943666 0.4265663313971789 0.12191977360693614 0.08261360001590834
32 0.4554276215125627 0.4892208727323151 0.11879477360693613 0.08257723734881743
31 0.4675489189381965 0.5495589360677696 0.12035727360693613 0.08259541868236298
30 0.4757639663638303 0.6098515460693605 0.12044827886860787 0.08415791868236297
29 0.4870585111586282 0.6709617687380421 0.12210178413027997 0.08573860001590834
28 0.4966995506917543 0.7336163100731785 0.11741428413027996 0.08568405601527207
27 0.5102923428557162 0.7955350547421783 0.11741428413027996 0.08568405601527189
26 0.52085114028135 0.8558549367440873 0.11705026308359248 0.0794340560152719
26 0.5288841771836401 0.9192725467456782 0.11686825256024883 0.0763090560152719