7 0.1691112339294461 0.8744503617344439 0.10038956220555537 0.10181536116879641
5 0.21386665933004786 0.8397916892085643 0.08339755183796278 0.08482335080120365
1 0.2524698295468534 0.8124670630540273 0.08523345391148132 0.08808505183796278
0 0.28822140183717737 0.7817440348259715 0.09019435598499985 0.09162015494824054
13 0.3274691210172236 0.7560502591898141 0.07829994872768502 0.07972574769092589
13 0.36457814175240877 0.7278076819985178 0.08339755183796278 0.08482335080120365
13 0.40189221404273273 0.6972213548072214 0.0850967528747221 0.08652255183796279
13 0.43900123477791786 0.668978777615925 0.0801358508012036 0.08298744872768501
36 0.5818318666818991 0.5570925152220821 0.08339755183796278 0.08482335080120365
36 0.6190092379354638 0.5280686880307858 0.08509675287472192 0.08652255183796279
36 0.655337008670649 0.49975776032110975 0.07999914976444433 0.08142494872768502
20 0.5452990443915751 0.5877471929317581 0.0766007476909257 0.07802654665416639
20 0.5115200752115289 0.613919422196573 0.07320234561740727 0.07462814458064795
20 0.47220400551310304 0.6403944478327304 0.07320234561740727 0.07462814458064812
25 0.6901022794058341 0.4713101315746746 0.08339755183796278 0.08482335080120365
25 0.7279925501410192 0.4431359049017578 0.08169835080120365 0.08312414976444434
41 0.7658144703578248 0.41574292822884107 0.07673744872768502 0.07958904665416658
41 0.7990172410930099 0.3871585984456466 0.07829994872768502 0.0797257476909258
41 0.8352766613098155 0.3596289207359706 0.07320234561740727 0.07462814458064795