16 0.9453125 0.5953125 0.04765625 0.08515625
25 0.88984375 0.60546875 0.0515625 0.08671875
36 0.83125 0.6046875 0.04140625 0.08671875
35 0.775 0.6109375 0.04609375 0.08125
39 0.71640625 0.60703125 0.05390625 0.0875
40 0.65703125 0.565625 0.040625 0.08125
40 0.60078125 0.61171875 0.0421875 0.08203125
38 0.54375 0.62265625 0.046875 0.0796875
38 0.48671875 0.63046875 0.04375 0.08203125
26 0.425 0.63359375 0.04609375 0.08515625
26 0.365625 0.63828125 0.05390625 0.08984375
26 0.30390625 0.640625 0.05078125 0.084375
34 0.24453125 0.64765625 0.05390625 0.08828125
34 0.18125 0.6515625 0.05 0.08828125
34 0.11953125 0.6625 0.05390625 0.096875
2 0.05703125 0.66171875 0.0515625 0.09453125