12 0.79140625 0.5733092660146688 0.103125 0.1603362024816745
12 0.71015625 0.5824714625442586 0.103125 0.1587737024816745
12 0.6296875 0.5916882893956792 0.103125 0.15721120248167447
11 0.54921875 0.6032488662470998 0.1046875 0.15888296312533629
11 0.46796875 0.6131923127766896 0.10625 0.16211722376899793
10 0.3859375 0.6238623789844485 0.1078125 0.16066398441265975
10 0.303125 0.6344778148703766 0.109375 0.16233574505632156
10 0.2203125 0.6435307507563046 0.1078125 0.16222648441265974
9 0.6796875 0.44205962999285475 0.103125 0.1603362024816745
9 0.6 0.4505498371661062 0.1046875 0.15888296312533629
9 0.51953125 0.46132916401752694 0.103125 0.1587737024816746
8 0.4390625 0.4713272408689475 0.10625 0.15742972376899797
8 0.3578125 0.48205193739853736 0.10625 0.15742972376899794
8 0.27578125 0.49115950360629623 0.1046875 0.15888296312533612