34 0.790625 0.5796875 0.075 0.13515625
33 0.71015625 0.58046875 0.075 0.13984375
32 0.6296875 0.58125 0.0765625 0.13671875
30 0.5484375 0.5828125 0.0765625 0.13828125
29 0.46796875 0.5828125 0.07734375 0.1390625
28 0.38671875 0.584375 0.08046875 0.13984375
30 0.3046875 0.58515625 0.08125 0.13984375
29 0.221875 0.58671875 0.08203125 0.13828125
28 0.1375 0.5875 0.08203125 0.1359375
34 0.628125 0.43984375 0.0765625 0.1359375
34 0.546875 0.4421875 0.0796875 0.13515625
34 0.46796875 0.44375 0.07421875 0.13203125
27 0.3875 0.44375 0.078125 0.13359375
27 0.30546875 0.4453125 0.08125 0.1359375