7 0.94453125 0.72578125 0.0515625 0.08984375
6 0.88984375 0.72734375 0.0515625 0.0875
2 0.83515625 0.72578125 0.05078125 0.08984375
33 0.77890625 0.72265625 0.05078125 0.08984375
33 0.725 0.7234375 0.05078125 0.0890625
33 0.67109375 0.721875 0.0515625 0.0875
31 0.6171875 0.721875 0.05 0.0875
31 0.56484375 0.721875 0.04921875 0.0875
31 0.51171875 0.72109375 0.0515625 0.08671875
31 0.459375 0.71953125 0.05 0.0890625
34 0.40703125 0.7171875 0.05 0.0875
34 0.35390625 0.7171875 0.05078125 0.08671875
38 0.30234375 0.7171875 0.05078125 0.0890625
38 0.25 0.71796875 0.05 0.08984375
38 0.1984375 0.71796875 0.04921875 0.0875
39 0.146875 0.71484375 0.04921875 0.0859375
39 0.0953125 0.7171875 0.05078125 0.0875
39 0.04296875 0.71640625 0.040625 0.08515625