25 0.87890625 0.615625 0.05390625 0.1015625
25 0.81953125 0.615625 0.05625 0.10078125
25 0.7609375 0.61640625 0.05546875 0.1015625
24 0.6984375 0.6171875 0.0578125 0.1015625
23 0.63671875 0.61640625 0.05703125 0.103125
21 0.57578125 0.615625 0.0578125 0.103125
21 0.515625 0.615625 0.0578125 0.103125
21 0.45546875 0.61640625 0.059375 0.10390625
20 0.39375 0.61640625 0.06171875 0.10625
19 0.33125 0.61484375 0.06171875 0.1046875
18 0.26953125 0.615625 0.0625 0.10078125
19 0.20859375 0.61796875 0.06015625 0.10546875
18 0.14375 0.61640625 0.0640625 0.1046875
17 0.0796875 0.615625 0.0578125 0.10546875