6 0.85859375 0.71015625 0.0609375 0.1046875
37 0.796875 0.7078125 0.05 0.0875
37 0.740625 0.70859375 0.05 0.0921875
37 0.68359375 0.71328125 0.04765625 0.0921875
40 0.625 0.715625 0.04921875 0.09765625
40 0.56953125 0.71796875 0.04921875 0.096875
22 0.51171875 0.72109375 0.05078125 0.1015625
21 0.453125 0.71484375 0.0453125 0.0953125
20 0.396875 0.721875 0.05 0.1
24 0.3375 0.725 0.04453125 0.10234375
23 0.2796875 0.72578125 0.04609375 0.10546875
22 0.221875 0.72890625 0.0421875 0.10859375
19 0.16484375 0.7203125 0.03984375 0.09609375
18 0.1046875 0.7234375 0.0421875 0.103125
17 0.046875 0.7234375 0.046875 0.0953125