25 0.19862640195328649 0.22917771997911746 0.09555184389007838 0.11830738229073816
25 0.2518052262473236 0.25260920830063494 0.09706887978345576 0.11679034639736088
25 0.304225532594672 0.2752821786754638 0.09711434389007838 0.11835284639736088
24 0.3605066248353978 0.2994039887837359 0.09872230799670109 0.11996081050398359
23 0.41520248502281226 0.3243525129986307 0.09872230799670109 0.11996081050398359
21 0.46989834521022666 0.34930103721352557 0.09872230799670093 0.11996081050398351
21 0.5230771695042638 0.37273252553504305 0.09872230799670109 0.11996081050398351
21 0.5778184937983009 0.3961185497499379 0.10033027210332364 0.12156877461060622
20 0.6325370860390266 0.4202858239648327 0.10515416442319178 0.1263926669304743
19 0.6879687321198183 0.44677411612641615 0.10510870031656908 0.12483016693047429
18 0.7434685743605441 0.47091865828799967 0.1018473079967011 0.12005173871722885
19 0.799036612761204 0.4927194504495832 0.10198370031656907 0.12473923871722903
18 0.8560080267886843 0.519943528504544 0.10510870031656908 0.12483016693047429
17 0.9130249049227874 0.5456051065595048 0.10037573620994636 0.12313127461060631