38 0.6742700984375001 0.673366446875 0.72694706875 0.6552215140625 0.709845384375 0.5732581046874999 0.6611358125 0.5882319578125 0.6742700984375001 0.673366446875
38 0.784196153125 0.3038462015625 0.8227659484375 0.2853466171875 0.79815666875 0.2232360359375 0.7595321578124999 0.239740078125 0.784196153125 0.3038462015625
38 0.5841672421874999 0.456704390625 0.635326384375 0.4717904375 0.6548687531249999 0.39649295625000003 0.6029422875 0.3808402375 0.5841672421874999 0.456704390625
35 0.6054860734374999 0.1629882171875 0.648449946875 0.19421121562500002 0.683580515625 0.1465770984375 0.643094046875 0.11323340156249999 0.6054860734374999 0.1629882171875
36 0.88597735625 0.2746601640625 0.8485272671875 0.272258834375 0.8487887921875 0.33681268124999997 0.8902849312500001 0.3339892390625 0.88597735625 0.2746601640625
36 0.7554991203125 0.8200874515625 0.82203634375 0.8101513468749999 0.8201121828125 0.7478093484375 0.7564321125 0.7545057390625 0.7554991203125 0.8200874515625
40 0.75651940625 0.5360634984375 0.710499596875 0.5541341203125 0.729441371875 0.635339259375 0.7784082375 0.6133766734375 0.75651940625 0.5360634984375
26 0.8946925453125001 0.6545595 0.9263101546874999 0.6124027171875001 0.8840746546875 0.5606453046875 0.8499142875000001 0.5990491265625 0.8946925453125001 0.6545595
14 0.67523081875 0.8525669562499999 0.74600099375 0.8156854296875 0.7327125234375 0.749091090625 0.6605341609375001 0.7845424999999999 0.67523081875 0.8525669562499999
8 0.8961170578125 0.3874309953125 0.8913935437499999 0.3406041328125 0.8360104953124999 0.3413215875 0.8392442812500001 0.39068351875 0.8961170578125 0.3874309953125
15 0.8763293687499999 0.5430602703125 0.9048300734374999 0.499903365625 0.8549609421875 0.4566834796875 0.8267603203125 0.49720475156250005 0.8763293687499999 0.5430602703125
17 0.774639590625 0.16004531093750002 0.75144104375 0.11618157031250001 0.7040072984375 0.1374036328125 0.7242023140625 0.1864192703125 0.774639590625 0.16004531093750002
17 0.9478809437500001 0.5860286453125 0.9937399828125001 0.6020675421874999 0.9943433234375 0.55021651875 0.9563299593749999 0.5367423578125 0.9478809437500001 0.5860286453125
17 0.8798561703125 0.45963112656250005 0.9211229062499999 0.45732417031250006 0.9159350187499999 0.39486224375 0.87715770625 0.39369516718750003 0.8798561703125 0.45963112656250005
18 0.7516775796874999 0.7463163109375001 0.7861100390625 0.70607905625 0.7415339140625 0.6451363609375 0.70530923125 0.68414533125 0.7516775796874999 0.7463163109375001
19 0.40862707968749995 0.15505652187500002 0.46716413125 0.1574744015625 0.4623012234375 0.087068334375 0.4046093046875 0.08372436093749999 0.40862707968749995 0.15505652187500002
20 0.605125909375 0.54830116875 0.680953815625 0.53938444375 0.6777718421875 0.47975749843750004 0.6067234640625 0.4867858 0.605125909375 0.54830116875
20 0.9897575875 0.45040797499999996 0.9829899234375 0.4018508640625 0.9346713843750001 0.40437038281250004 0.93876236875 0.45534930625000003 0.9897575875 0.45040797499999996
21 0.8300688765625001 0.2642923078125 0.8718535125000001 0.2694532625 0.8618711640625 0.2086683984375 0.8260601046874999 0.20372286874999998 0.8300688765625001 0.2642923078125
21 0.73719664375 0.348896946875 0.777637278125 0.3339921265625 0.757028784375 0.2712771859375 0.716943334375 0.2823391359375 0.73719664375 0.348896946875
22 0.6550280890625 0.24887270312499998 0.7008627171875 0.257081734375 0.7092185703125 0.19276506875 0.6666712031250001 0.18162483125 0.6550280890625 0.24887270312499998
22 0.820966675 0.499908778125 0.8460403234375 0.45857556875 0.793525040625 0.42055313749999995 0.7718097453125 0.457447753125 0.820966675 0.499908778125
23 0.9515405140625001 0.378975965625 0.945139171875 0.3305421046875 0.89097951875 0.3318318171875 0.8968572203124999 0.3811119765625 0.9515405140625001 0.378975965625
23 0.8323073796875 0.4185292234375 0.8343130171875 0.37226651875 0.7772831874999999 0.362016790625 0.7720926609375 0.41091380781250003 0.8323073796875 0.4185292234375
24 0.780438778125 0.574111175 0.8081108921875 0.6187413859374999 0.855078015625 0.5734227171875 0.8277336312499999 0.5315207046875 0.780438778125 0.574111175
24 0.7933074812500001 0.5546095171875 0.82077215625 0.5185357828125 0.77157128125 0.47089060937499994 0.7437851265625001 0.505259690625 0.7933074812500001 0.5546095171875
24 0.588024165625 0.278265021875 0.6390208187499999 0.27784410937500004 0.63688381875 0.2072225671875 0.586494765625 0.20311906406250002 0.588024165625 0.278265021875
25 0.946777840625 0.4681842328125 0.9658612718749999 0.5333041828125 0.9946752109375 0.5216942343750001 0.9949981906250001 0.4939373640625 0.98244055625 0.45558478437499994 0.946777840625 0.4681842328125
25 0.502418653125 0.215958525 0.5733723953125 0.23801829687499998 0.5831082671875001 0.1898819921875 0.513725534375 0.166287546875 0.502418653125 0.215958525
27 0.4725586203125 0.4027955875 0.531495515625 0.4038926703125 0.5296187296875 0.3257243015625 0.47571899218749997 0.3221462109375 0.4725586203125 0.4027955875
28 0.684625725 0.09488940625 0.7222790531250001 0.12622313125 0.754613534375 0.08220126718750001 0.717951359375 0.050124298437500006 0.684625725 0.09488940625
29 0.8540293296874999 0.6885659984375 0.8821039796875001 0.6517419265625 0.8403598015625 0.5973314921874999 0.810885221875 0.6343574671875001 0.8540293296874999 0.6885659984375
29 0.5411402171875 0.3167230234375 0.542057609375 0.2605444 0.4685456859375 0.253188278125 0.46437355468749997 0.308893615625 0.5411402171875 0.3167230234375
29 0.5998841968749999 0.1756893078125 0.6094974921875 0.114998203125 0.5618183671875 0.09875554375 0.550123728125 0.1628116734375 0.5998841968749999 0.1756893078125
29 0.5464935453125 0.389375290625 0.618423234375 0.371822153125 0.605676546875 0.3213013765625 0.538222575 0.33409589375 0.5464935453125 0.389375290625
30 0.79681509375 0.355720671875 0.8451604312500001 0.3339196671875 0.828137378125 0.2881839234375 0.7775267625 0.3095519046875 0.79681509375 0.355720671875
31 0.6618925625000001 0.379259778125 0.6995713921875 0.4150321578125 0.73854955625 0.359965240625 0.701401496875 0.327962065625 0.6618925625000001 0.379259778125
31 0.8206235453125 0.21746807031249998 0.81069511875 0.17264231875 0.7580963046875 0.177949703125 0.7674138328125 0.22740996875000002 0.8206235453125 0.21746807031249998
31 0.5958122718750001 0.5271520671875 0.6019410453125 0.47157326718750003 0.52755685625 0.4660612109375 0.5191465187500001 0.5257141375 0.5958122718750001 0.5271520671875
32 0.490614834375 0.2449185828125 0.5006622640625 0.195002690625 0.4253125875 0.1735975265625 0.4115883875 0.22693913124999998 0.490614834375 0.2449185828125
32 0.9240578312500001 0.597902653125 0.94927573125 0.5547471374999999 0.9043688234375 0.5100736171875 0.87704231875 0.55142185625 0.9240578312500001 0.597902653125
32 0.8071572484375 0.7234876406249999 0.839529065625 0.6817322875 0.7971002078125 0.627364528125 0.76246425625 0.66578525625 0.8071572484375 0.7234876406249999
33 0.624975653125 0.3612255765625 0.6763328671875 0.352270590625 0.661877725 0.282785721875 0.6122963046875001 0.2916423359375 0.624975653125 0.3612255765625
33 0.6869310421875 0.5076045578125 0.7341519625 0.51867086875 0.7492388671875 0.4489236265625 0.7046640734375 0.4362287546875 0.6869310421875 0.5076045578125
34 0.705780890625 0.252752153125 0.7518281171875 0.264781965625 0.7578733390625 0.205176446875 0.7169487765625 0.19352719375 0.705780890625 0.252752153125
34 0.6882082640625 0.7674013265624999 0.7071600234375001 0.7041440062500001 0.6406221140625 0.6797323390625001 0.6184861781250001 0.738972771875 0.6882082640625 0.7674013265624999
34 0.6236227359375001 0.6916938140625 0.662036628125 0.64176705 0.611778540625 0.5861364375 0.5694177984375 0.6336961046875 0.6236227359375001 0.6916938140625
16 0.5670100640625 1 0.597182284375 0.9734018265625 0.566331990625 0.9111365921875001 0.48159789374999995 0.981310790625 0.49118225625 1 0.5670100640625 1
12 0.4519675625 0.911771315625 0.48226617968749996 0.9767109171874999 0.5660340546875 0.9067191546875 0.535183759375 0.84445391875 0.4519675625 0.911771315625
12 0.41862788125000006 0.8427044875 0.4502494296875 0.9091434234375001 0.5344491031249999 0.8392714765625 0.5042403390625 0.7802225968750001 0.41862788125000006 0.8427044875
12 0.38521792499999996 0.777219846875 0.41666356406249994 0.8407666421875 0.5035522546875 0.7768281265625 0.47334349218750005 0.7177792484375 0.38521792499999996 0.777219846875
10 0.35447536875 0.710817796875 0.3868075265625 0.77250178125 0.4742978046875 0.7120580046875 0.44408904375 0.653009125 0.35447536875 0.710817796875
10 0.320527165625 0.6471036031249999 0.35199906406250003 0.70953478125 0.43955649374999994 0.6522113015625 0.40934773125 0.5931624234374999 0.320527165625 0.6471036031249999
10 0.28814895625000003 0.582868365625 0.319943909375 0.64386306875 0.409403225 0.5906187359375 0.37625825156250003 0.5326007374999999 0.28814895625000003 0.582868365625
41 0.2545598046875 0.5198623171875 0.28652469687500004 0.5787750828125 0.3772879328125 0.5280737359375001 0.34755471718750003 0.47130533437500005 0.2545598046875 0.5198623171875
41 0.225321371875 0.453684296875 0.2563285609375 0.515557853125 0.3449301546875 0.467571728125 0.3151969390625 0.4108033265625 0.225321371875 0.453684296875
41 0.19097750625 0.39078363125000004 0.22208283281250002 0.45168875625 0.3130376015625 0.40686405781249996 0.2852576421875 0.34932806875 0.19097750625 0.39078363125000004
11 0.1567058171875 0.3262842921875 0.188624865625 0.3860076390625 0.28065610625000004 0.3449435953125 0.2528761484375 0.28740760625 0.1567058171875 0.3262842921875
11 0.1176560703125 0.26037931875 0.14966510156249999 0.32410541249999997 0.24549034375 0.28471970625 0.21771038437499998 0.22718371718750002 0.1176560703125 0.26037931875
11 0.08855824531249999 0.195855625 0.11634316874999999 0.25700005937500003 0.2125070796875 0.22340797499999998 0.1877931265625 0.1645979984375 0.08855824531249999 0.195855625