33 0.46174723986032085 0.9327177619350937 0.13560230925276534 0.07187609468490805
33 0.46438704464885927 0.8709808306015484 0.12762616801906326 0.062410188017181054
30 0.46856207589844734 0.8107882179344574 0.12773526217486458 0.06866018801718106
30 0.4727507439175106 0.7498143552673666 0.13393071509696403 0.06560791335136287
30 0.4792831619365739 0.6888132205999576 0.1339852621748646 0.06873291335136286
28 0.48422580641668683 0.629392767266094 0.12918866801906326 0.0624283693507266
28 0.4899360641273246 0.5707444732654576 0.12611821509696383 0.06551700668363551
28 0.49719518506848714 0.5128592479312759 0.12762616801906326 0.062410188017181054
27 0.5005480560096498 0.4550194759309577 0.12913412094116267 0.05930336935072642
27 0.509424224028713 0.3939910692632305 0.12592730032431163 0.054579506683635606
27 0.51195493466145 0.33850413792968503 0.13228639448011278 0.060902232017817325
26 0.5129640556026126 0.28069163792968505 0.12918866801906326 0.06242836935072651
26 0.5170845397743 0.22362402526259414 0.12916139448011296 0.060865869350726506
26 0.5211777504070371 0.16811891259550327 0.1322591209411625 0.05933973201781737
3 0.5237630081176748 0.10950698126195783 0.12916139448011296 0.060865869350726465
0 0.528637468750412 0.05399277792809422 0.12913412094116267 0.059303369350726484