26 0.25753021200647225 0.7281402018264694 0.07720430913596861 0.07786965060882309
26 0.28837742028335817 0.6933186627367947 0.08049308344622812 0.08124974212409235
26 0.3213636606724197 0.6547821922835718 0.0787668091359686 0.07799719636645772
33 0.35434990106148134 0.6162457218303488 0.08369997060135788 0.08306733363936125
33 0.3905430286056727 0.5795268428923949 0.08369997060135788 0.08306733363936125
33 0.42426957541716936 0.5402728953179892 0.07720430913596861 0.07786965060882309
34 0.4579961222286661 0.5010189477435836 0.08049308344622794 0.08124974212409235
34 0.49702764472990324 0.4590864103208988 0.08369997060135788 0.08306733363936125
10 0.5306723043862702 0.41826996274649303 0.08205558344622813 0.0813772878817268
10 0.5664150525772479 0.3729573338085392 0.08698874491161739 0.08644742515463033
10 0.6038431315009202 0.33011600062821983 0.0902775192218769 0.08982751666989941
16 0.6419296296918979 0.28499469032671776 0.08698874491161739 0.08644742515463033
16 0.6830592407277459 0.23856597154048473 0.08698874491161739 0.08644742515463041
16 0.7251338760738533 0.195326025633069 0.08378185775648764 0.0846298336393613
6 0.19247240625 0.7539035796875 0.164470703125 0.7826882562499999 0.194518021875 0.8436766328124999 0.2227108046875 0.8117349703125001 0.19247240625 0.7539035796875
2 0.25424650625 0.775679490625 0.2242100078125 0.719000721875 0.19436352968749998 0.7488973359375 0.22426170625 0.8072461890625 0.25424650625 0.775679490625
27 0.058779696874999995 0.5359839078124999 0.0703691484375 0.5601723015625 0.10003835781249999 0.5273665656250001 0.0867797546875 0.5025513046875 0.058779696874999995 0.5359839078124999
17 0.23497410625 0.207687121875 0.24181404374999999 0.23776946250000003 0.2818306828125 0.22028335000000002 0.2743691109375 0.1901839203125 0.23497410625 0.207687121875
20 0.19855689062499998 0.1887141296875 0.20097241562499998 0.2190743640625 0.23439449531249998 0.2045340046875 0.2339428828125 0.1760397796875 0.19855689062499998 0.1887141296875
20 0.34935537499999997 0.17941068437500002 0.3471347609375 0.1437768328125 0.3077765515625 0.1525506953125 0.30532322343749996 0.185794421875 0.34935537499999997 0.17941068437500002
23 0.37179611874999996 0.0747080859375 0.36474950625 0.0447067390625 0.3205566203125 0.0669250125 0.3288192890625 0.09300597499999999 0.37179611874999996 0.0747080859375
21 0.264952796875 0.080936209375 0.2685478421875 0.1142304078125 0.308685825 0.10007983125 0.3068421546875 0.06595620625000001 0.264952796875 0.080936209375
22 0.2072590625 0.1163735421875 0.199368225 0.14710797343749998 0.233014684375 0.145670321875 0.24181974374999998 0.1178483421875 0.2072590625 0.1163735421875
41 0.27328005 0.062267525000000004 0.26122316093750003 0.03859986875 0.22747131718750002 0.06840538125 0.2371035890625 0.084244346875 0.27328005 0.062267525000000004
13 0.2969568234375 0.1167921984375 0.2983697984375 0.1446147203125 0.3408852671875 0.13320757968750002 0.336432184375 0.098260603125 0.2969568234375 0.1167921984375
14 0.2444598609375 0.14774616875 0.2493685203125 0.180614665625 0.293236740625 0.1649042515625 0.28569795625 0.13351275 0.2444598609375 0.14774616875
27 0.283348003125 0.07335005781250001 0.314724565625 0.051015128124999996 0.2943129703125 0.0240245578125 0.2941785078125 0.02401358125 0.2654149609375 0.0435992953125 0.283348003125 0.07335005781250001