3 0.24351318281249998 0.6492713703125 0.28368673125 0.608638640625 0.235363209375 0.5446347640625 0.19889205000000001 0.5831634359375 0.24351318281249998 0.6492713703125
2 0.1997623 0.6930409984375 0.23779114843750002 0.653576696875 0.193853621875 0.5866661625 0.1573824609375 0.625194834375 0.1997623 0.6930409984375
5 0.159962640625 0.736700578125 0.1964387359375 0.6972999609375 0.15541123437499998 0.6286151390625 0.1180009859375 0.667931846875 0.159962640625 0.736700578125
4 0.11100615 0.7763553328125 0.1517390609375 0.7372198140624999 0.111509728125 0.6669604640625 0.07409947812499999 0.7062771718749999 0.11100615 0.7763553328125
41 0.36693199062500004 0.4968086453125 0.40933672187500003 0.45347916875000005 0.35248832812500003 0.3964046140625 0.31383609687499997 0.43936519687500003 0.36693199062500004 0.4968086453125
41 0.3240062375 0.5480254328124999 0.3668513328125 0.502341496875 0.3132256640625 0.44458389531250003 0.2733451578125 0.48675753125 0.3240062375 0.5480254328124999
41 0.2821335921875 0.5987884859375 0.3244456171875 0.5534547078125 0.275373625 0.49307971406249995 0.234137840625 0.5360188375 0.2821335921875 0.5987884859375
35 0.768529015625 0.26379403125 0.817851125 0.2081839703125 0.7268857843750001 0.1624694703125 0.6824946265625 0.21234458125 0.768529015625 0.26379403125
35 0.7149811421875001 0.3239125015625 0.76201713125 0.2691120171875 0.6762957093749999 0.22040781874999998 0.6319045515624999 0.2702829296875 0.7149811421875001 0.3239125015625
16 0.6685889078125 0.387637925 0.7148577875 0.33357869687499997 0.6339628546875 0.28272427499999997 0.589571696875 0.33259938437500003 0.6685889078125 0.387637925
16 0.6146238703125 0.44794936874999997 0.66265866875 0.3958540328125 0.584017653125 0.3401926671875 0.541753009375 0.3885324765625 0.6146238703125 0.44794936874999997
16 0.5627691546875 0.50593073125 0.6102208953125 0.45263187812499994 0.534480528125 0.393947796875 0.4922158859375 0.44228760625 0.5627691546875 0.50593073125
12 0.507480775 0.5534653656249999 0.5516337359375 0.50416651875 0.4813150859375 0.44098126562499995 0.43905044374999996 0.489321075 0.507480775 0.5534653656249999
12 0.46175433750000006 0.6094716078125 0.506829640625 0.5607398796874999 0.4354340703125 0.49520023125 0.394719140625 0.542758909375 0.46175433750000006 0.6094716078125
12 0.4080564390625 0.6572461406250001 0.45219947187500004 0.608493515625 0.3847804734375 0.5417345796874999 0.3453568484375 0.5881522546875 0.4080564390625 0.6572461406250001
11 0.357758059375 0.7112801234374999 0.40280675625000006 0.6604244984375 0.33886600312500004 0.5920830859375 0.299442378125 0.6385007593750001 0.357758059375 0.7112801234374999
10 0.3158583765625 0.7670422593749999 0.35905346875 0.7170524234375 0.2987851 0.6452060375 0.259361475 0.6916237093750001 0.3158583765625 0.7670422593749999
9 0.2616952796875 0.8058802234375 0.3045567375 0.7573145609374999 0.24711328593749998 0.6830244078125001 0.2072570390625 0.7287730078125 0.2616952796875 0.8058802234375