24 0.9247492151002593 0.352013526055775 0.07381142126547431 0.11596348960843983
24 0.8596736400191813 0.36982909276773707 0.07690914772652384 0.11461951089576328
24 0.7944616972433518 0.39545715947969906 0.07852619480442442 0.117853771539425
23 0.7317298721622738 0.4131088352261685 0.08173301542127547 0.12275979282674854
22 0.6650372500032953 0.43415866258179214 0.08642051542127546 0.12308757475773366
21 0.5998934910748416 0.4558804792937542 0.08329551542127547 0.1228690534704103
21 0.5332281424548133 0.475367806649378 0.086393241882325 0.12152507475773362
21 0.4680707467568844 0.49787087336133995 0.08329551542127547 0.12286905347041017
20 0.39982926136738095 0.5182487113606254 0.08803756249917623 0.12632183540139544
19 0.33082016274735276 0.5378999296817417 0.09124438311602719 0.13122785668871906
19 0.19273378165992044 0.5811086163239745 0.09121710957707685 0.12966535668871887
18 0.2617837905883742 0.5591136480028581 0.09118983603812651 0.12810285668871887
18 0.12136729627041706 0.6017049756105834 0.08960006249917618 0.12643109604505726
17 0.05230365057248816 0.6244811939316998 0.08636596834337482 0.11996257475773361