7 0.5547625783225921 0.25638501899861066 0.09908134043361087 0.06311955547083344
0 0.5364984682850917 0.46817715739135374 0.09228453628657399 0.056724085106111134
36 0.5062503510375447 0.8203767434473954 0.08746033524981467 0.0550524823325695
35 0.5106063688980077 0.7717392216959024 0.08902283524981484 0.05508884992375016
26 0.5164565362400912 0.7222840823532287 0.09214783524981485 0.05516158510611113
30 0.5222383530637951 0.6720476930105551 0.0925579383600926 0.05984908510611113
30 0.5280201698874988 0.6218113036678815 0.08617123732333312 0.05814111474138901
31 0.5305402856744432 0.5700851495075691 0.08888613421305536 0.05352634992375016
33 0.5324158524981472 0.5199396791428468 0.09058533524981467 0.05512521751493047
27 0.5421435840720362 0.41637826804868017 0.08874943317629622 0.051963849923749986
27 0.5468707488222215 0.3630350625015968 0.09255793836009243 0.05984908510611113
27 0.5500354135724068 0.309728224545694 0.09867123732333312 0.05843205547083343
31 0.5599975909992588 0.19989862965593702 0.0977922425071295 0.06620818787965285
32 0.5665900521207867 0.14103212272208285 0.09908134043361087 0.06311955547083344
33 0.5723329127239349 0.08140254958381897 0.0925579383600926 0.0598490851061112