40 0.979347259375 0.40839250937499993 0.8997306671875 0.41057904531249995 0.8861394546874999 0.5351453625 0.9596484609375 0.536993225 0.979347259375 0.40839250937499993
41 0.898731246875 0.409853975 0.822323309375 0.41023584218750003 0.813119925 0.5342475578125 0.8856774421875 0.5355522234375 0.898731246875 0.409853975
37 0.82266385 0.4113200109375 0.7435195625000001 0.4128951234375 0.7392977843749999 0.538197875 0.8116636390625 0.5375864499999999 0.82266385 0.4113200109375
36 0.7443376125000001 0.412751953125 0.6648596078125 0.41349291875 0.6602989640625 0.5415481328125 0.7370217718750001 0.5422618 0.7443376125000001 0.412751953125
25 0.663834515625 0.414070209375 0.5872298296875 0.414472540625 0.5864477421875 0.5403275890625 0.6601295625 0.5402412015625 0.663834515625 0.414070209375
22 0.5847911765625 0.41642268437499996 0.50976771875 0.41623175156250003 0.5103974578125 0.5407753390625001 0.58409298125 0.54163448125 0.5847911765625 0.41642268437499996
21 0.5093416109375 0.4158271546875 0.43271807500000004 0.41625901093750006 0.4367635984375 0.5411253765625 0.5083970015625 0.5394525125 0.5093416109375 0.4158271546875
20 0.43160059375 0.417175015625 0.35444141406249996 0.4177955 0.3594076125 0.54091624375 0.43421717656250003 0.5394161546875 0.43160059375 0.417175015625
18 0.3535053328125 0.41595899999999997 0.2755024921875 0.416597684375 0.28482564374999997 0.5408185328124999 0.35903284375 0.541709503125 0.3535053328125 0.41595899999999997
14 0.2742361328125 0.4171181921875 0.1978846828125 0.4168681703125 0.20928878750000002 0.5434573484375 0.2828799078125 0.5411367421875 0.2742361328125 0.4171181921875
33 0.1969520125 0.41725909687499996 0.1186342875 0.4186137515625 0.1330639859375 0.5419345296875 0.2083492953125 0.54472565625 0.1969520125 0.41725909687499996
14 0.10725755156250001 0.4222935828125 0.0316402578125 0.4242505625 0.0528347359375 0.5493509765625 0.1227670859375 0.5493760109375 0.10725755156250001 0.4222935828125