3 0.15956589375000002 0.38437381406250004 0.0881663484375 0.38671663125 0.055473176562500004 0.45309533125 0.131255778125 0.45216055937500005 0.15956589375000002 0.38437381406250004
25 0.3824622796875 0.3850646125 0.308307584375 0.38601998125 0.2903363859375 0.4537067828125 0.3723285046875 0.45459450625000003 0.3824622796875 0.3850646125
24 0.3064678828125 0.3867577875 0.2344683640625 0.3881335359375 0.21248688593749998 0.4539948359375 0.28903490781249996 0.45586441874999994 0.3064678828125 0.3867577875
23 0.23326174375000003 0.38768378281250004 0.15969603906250002 0.38843337187500004 0.1312293140625 0.45492375625000003 0.2111743921875 0.45534116874999997 0.23326174375000003 0.38768378281250004
22 0.3635623921875 0.455958471875 0.2882253640625 0.455776215625 0.2703159328125 0.536811659375 0.353799215625 0.5371879578125001 0.3635623921875 0.455958471875
22 0.2876165390625 0.45609664843750003 0.208022196875 0.456875653125 0.18177456875 0.5414767796875 0.26835489218749997 0.5385254328125 0.2876165390625 0.45609664843750003
22 0.20721044531250002 0.4576869546875 0.1282403546875 0.45700789531249997 0.0935971984375 0.5409917625 0.18097825 0.5415532 0.20721044531250002 0.4576869546875
19 0.3513683328125 0.5375612890625 0.2648409515625 0.53840200625 0.2445977046875 0.6338501812499999 0.3397257796875 0.6317513359375 0.3513683328125 0.5375612890625
19 0.264829921875 0.5406301703125 0.1762863796875 0.54272316875 0.1489446328125 0.63591673125 0.24372418749999997 0.6346321109375 0.264829921875 0.5406301703125
19 0.17412022031250002 0.54421941875 0.08957810468750001 0.541620846875 0.0529298109375 0.6378362859375 0.1469748015625 0.6367162921875 0.17412022031250002 0.54421941875
40 0.9332344687499999 0.45737241093750003 0.8500975296875 0.45843361875 0.8778362906250001 0.5419941374999999 0.9714644109374999 0.5412063593750001 0.9332344687499999 0.45737241093750003
40 0.8488975515625 0.45658755781249993 0.7628995265625 0.4564229328125 0.7838287984375001 0.5420382609375001 0.8768590921875001 0.5404420640625001 0.8488975515625 0.45658755781249993
40 0.763488515625 0.4597476109375 0.6810927078125 0.4600003984375 0.6912837984375 0.5445545187499999 0.784656015625 0.5436050421874999 0.763488515625 0.4597476109375
21 0.6798728953125 0.4639335640625 0.5979535421875 0.46375719687499994 0.6013329187500001 0.54642999375 0.6906882609375 0.5463212328125 0.6798728953125 0.4639335640625
21 0.5970910390624999 0.46510353125000004 0.5139232 0.4641452359375 0.51236143125 0.5480114828125 0.5999785109375 0.548737546875 0.5970910390624999 0.46510353125000004