13 0.13588638171747247 0.6220224299958682 0.08078342721213973 0.0924070119678472
22 0.1836132522718024 0.5911367591180557 0.07565927956950458 0.08292290919430556
22 0.2329026228261323 0.5602874558314237 0.08241870181924557 0.09400587955902787
22 0.2822647679875681 0.5310006525447919 0.07595037799792799 0.08917290919430557
22 0.333116638541898 0.5001877168493405 0.08583480024766903 0.10032861474138902
38 0.3850044702210984 0.4748617149494795 0.0874700748547749 0.1019274823325695
36 0.43681952729319296 0.4479732130496184 0.09081339867609248 0.10668771751493064
40 0.48685376054397 0.4163608435585767 0.09401117328319834 0.1083229526972918
35 0.535325493794747 0.3847121064763546 0.10382282092583353 0.11791615824437507
35 0.5819800159206535 0.3475582518029519 0.10382282092583353 0.11791615824437507
35 0.6313421610820893 0.31827144851631994 0.09550089867609249 0.10679682028847229
37 0.6810852959044429 0.28040907902527834 0.07736732878371626 0.08608427678548622
37 0.7334268918516669 0.24807001092100753 0.06733735731976367 0.07180357123840278
37 0.7843879243166556 0.2196008252255562 0.06592040653397521 0.0748922036472223
3 0.8384739567816443 0.19120437471246596 0.0987714478903043 0.10999455547083344