15 0.3324616221618248 0.8758785106222294 0.1192045179539809 0.07950678134945406
15 0.3445980077986401 0.8132330599538659 0.1192045179539809 0.0795067813494537
14 0.355962233794535 0.752159199952275 0.1160795179539809 0.07947041868236297
14 0.36809407425181045 0.6887324992839113 0.11609769867214012 0.08259541868236298
14 0.38022591470908595 0.6253057986155477 0.11609769867214012 0.08259541868236298
14 0.3931435503459012 0.5626512572804115 0.11608860831306052 0.08103291868236298
13 0.40291800526455723 0.4969080786123662 0.12234769867214013 0.08266814401654479
12 0.4150498457218328 0.4334813779440026 0.11923178903121964 0.0841942813494537
10 0.42795839099956845 0.36926433660886626 0.12081246974937901 0.08733746268299925
10 0.4377283007386847 0.3027399079408209 0.12394656010845857 0.08893632535009015
10 0.4506232104778009 0.23617911660568464 0.12393746974937905 0.08737382535009015
10 0.4627414153964571 0.17040866593732104 0.12235678903121965 0.0842306440165447
9 0.4779709847764936 0.1022581026018666 0.11925906010845858 0.0888817813494538
8 0.4908568041565303 0.03735290730427406 0.1254636083130606 0.07470581460854812