13 0.13465845269731677 0.22962296700961654 0.0714942866804539 0.10360838479802066
13 0.1902544720321349 0.24217444279472175 0.06835110534690844 0.10195495658477524
13 0.24586867270049845 0.2562884185798269 0.06831474267981755 0.09882995658477531
6 0.30305446403563474 0.2712291084715548 0.06833292401336308 0.10039245658477522
40 0.3586413927036801 0.28299933425666 0.07305678668045398 0.10365384890464338
40 0.4149913900381801 0.2932297920950765 0.07149428668045385 0.10360838479802066
40 0.47059650003977094 0.3065625178801817 0.06833292401336308 0.10039245658477522
14 0.5262107007081345 0.32067649366528683 0.07147610534690844 0.10204588479802065
14 0.5817976293761798 0.332446719450392 0.07151246801399935 0.10517088479802066
14 0.6373663767106799 0.3426544452354972 0.06989542401336309 0.10043792069139794
15 0.6929714867122707 0.3559871710206024 0.06987724267981754 0.09887542069139794
15 0.7493760280474069 0.3709051288590189 0.06520792401336309 0.10030152837152997
15 0.8049538660486796 0.3818941046441241 0.06677042401336308 0.10034699247815268
15 0.8597686353834977 0.3944228483759179 0.06520792401336309 0.10030152837152997
8 0.9169362453850886 0.40780103826764574 0.06518974267981754 0.09873902837152997
8 0.9707454013566125 0.4195939961060623 0.0585091972867751 0.09869356426490725