34 0.846875 0.5796875 0.07734375 0.14765625
34 0.7609375 0.57890625 0.08046875 0.14765625
34 0.671875 0.58046875 0.0828125 0.1453125
33 0.5828125 0.58125 0.08515625 0.146875
32 0.4953125 0.58203125 0.084375 0.15
31 0.40703125 0.58203125 0.084375 0.15078125
31 0.31875 0.58359375 0.0890625 0.15078125
31 0.228125 0.584375 0.08828125 0.1484375
31 0.1375 0.58515625 0.090625 0.15
26 0.66796875 0.4296875 0.08359375 0.14453125
26 0.58125 0.4296875 0.0828125 0.1453125
30 0.49453125 0.43046875 0.08359375 0.1453125
29 0.40625 0.43046875 0.08515625 0.14453125
28 0.31875 0.4296875 0.0875 0.14453125