7 0.07421875 0.51796875 0.05234375 0.09609375
3 0.13359375 0.5171875 0.053125 0.09453125
11 0.19140625 0.52109375 0.05078125 0.09609375
12 0.25 0.5203125 0.05078125 0.09609375
13 0.30859375 0.5203125 0.05078125 0.09375
13 0.5375 0.5140625 0.05078125 0.09609375
14 0.59765625 0.515625 0.0515625 0.09453125
15 0.6546875 0.515625 0.05234375 0.09375
23 0.36640625 0.51796875 0.053125 0.09609375
24 0.42421875 0.51640625 0.05 0.09375
25 0.48125 0.515625 0.0515625 0.09609375
19 0.71328125 0.51953125 0.053125 0.0921875
20 0.77109375 0.51796875 0.053125 0.09609375
21 0.82734375 0.51953125 0.05234375 0.096875
22 0.884375 0.52265625 0.04765625 0.09375
22 0.94140625 0.52109375 0.05 0.09375