25 0.32456777553190036 0.8370998554577367 0.12053928413027978 0.08976032092583353
25 0.339905078219206 0.779379400743007 0.12072129465362362 0.09288532092583353
25 0.35519687827567575 0.7208776960282772 0.11897678413027979 0.08968754631872748
24 0.3721421835938174 0.6640112659206535 0.12237479991529536 0.0945205955329392
23 0.3889964836502871 0.6055823358130297 0.12228379465362353 0.09295809553293939
22 0.4051605389684287 0.5486795184018529 0.12237479991529536 0.0945205955329392
24 0.4204523390248984 0.4901778136871231 0.12237479991529536 0.0945205955329392
23 0.43574413908136816 0.43167610897239345 0.12411931043863902 0.09771837014004521
22 0.4510359391378379 0.37317440425766374 0.12715330517696727 0.0963014193542568
22 0.46706348656347174 0.31392783684648695 0.12568181043863902 0.09779114474715103
21 0.48304553135826955 0.25390001943531015 0.12577281570031093 0.09935364474715103
20 0.4997633235222315 0.1931273393276863 0.12742632096198286 0.10098891935425688
20 0.5173533709478654 0.13395354652361538 0.12742632096198286 0.10098891935425688
20 0.5356336631118273 0.07325364102309737 0.12393729991529537 0.09459337014004517