41 0.89140625 0.48359375 0.05546875 0.1
41 0.82890625 0.484375 0.05859375 0.1015625
36 0.76796875 0.48125 0.05625 0.10234375
36 0.7046875 0.4828125 0.0609375 0.10390625
38 0.6421875 0.48203125 0.0578125 0.10390625
38 0.58046875 0.48203125 0.05859375 0.103125
40 0.51796875 0.48125 0.059375 0.103125
40 0.45546875 0.4796875 0.05859375 0.1015625
25 0.3921875 0.48046875 0.0625 0.1046875
25 0.32734375 0.4796875 0.0640625 0.1078125
23 0.2625 0.47890625 0.06328125 0.1078125
23 0.19765625 0.478125 0.06328125 0.103125
22 0.13203125 0.47578125 0.05859375 0.10546875
22 0.065625 0.4765625 0.05859375 0.1078125