1 0.08359375 0.6390625 0.05 0.0984375
27 0.146875 0.63515625 0.05 0.090625
27 0.20703125 0.634375 0.05078125 0.09296875
27 0.26640625 0.63046875 0.04921875 0.0921875
28 0.32578125 0.62890625 0.0515625 0.09453125
30 0.38515625 0.6296875 0.046875 0.090625
29 0.44375 0.63125 0.04921875 0.090625
34 0.5 0.628125 0.05 0.09140625
33 0.55859375 0.62578125 0.053125 0.09296875
32 0.61640625 0.625 0.05078125 0.08984375
33 0.6734375 0.6234375 0.05234375 0.0875
32 0.7296875 0.62265625 0.05234375 0.0890625
31 0.7890625 0.62265625 0.05078125 0.08828125
26 0.8453125 0.61953125 0.046875 0.084375
26 0.9046875 0.61953125 0.0515625 0.08828125