0 0.94140625 0.784375 0.05234375 0.1
14 0.88203125 0.7828125 0.0546875 0.09921875
14 0.82421875 0.78125 0.053125 0.1015625
14 0.7640625 0.78046875 0.05078125 0.1
12 0.70390625 0.78203125 0.05 0.1
11 0.6421875 0.78203125 0.053125 0.10234375
10 0.58359375 0.78203125 0.0515625 0.09921875
38 0.5265625 0.7796875 0.0515625 0.0984375
38 0.465625 0.78125 0.04921875 0.096875
38 0.4046875 0.77890625 0.04765625 0.0984375
12 0.3484375 0.7765625 0.04921875 0.09375
12 0.2875 0.7796875 0.046875 0.096875
13 0.228125 0.78046875 0.04453125 0.0953125
12 0.16953125 0.78046875 0.04609375 0.0953125
11 0.11015625 0.77890625 0.04375 0.0953125