39 0.921875 0.625 0.05234375 0.0984375
34 0.8578125 0.62890625 0.0546875 0.10078125
34 0.79609375 0.63125 0.053125 0.09921875
26 0.72734375 0.6359375 0.05546875 0.10859375
25 0.6625 0.63671875 0.05703125 0.10078125
17 0.59296875 0.63828125 0.059375 0.09765625
38 0.52109375 0.64453125 0.0546875 0.1046875
37 0.4515625 0.64375 0.05625 0.09609375
36 0.37890625 0.6484375 0.05546875 0.1015625
35 0.30546875 0.65625 0.05546875 0.1046875
40 0.23515625 0.659375 0.0578125 0.10703125
8 0.15703125 0.6609375 0.059375 0.103125
8 0.0796875 0.66484375 0.0578125 0.1015625