36 0.666361319085449 0.0839073118493892 0.11458065046753826 0.09637195712440043
36 0.6425243641667929 0.15108431986895368 0.10986587939029935 0.09138406847545247
36 0.6194550237095175 0.21586751311369348 0.11301815046753827 0.0962718275747511
27 0.5564788216195318 0.4066915746493157 0.1082761083130606 0.08659643892580315
27 0.5349628908031767 0.4698121383444061 0.11140110831306042 0.0867966980251019
27 0.5134287792686625 0.5298077020394967 0.11141928903121964 0.0899216980251019
21 0.5956089784317818 0.28148202113325793 0.0973204275949012 0.08277053207825791
21 0.5787987283335859 0.34742719617940054 0.10516928903121965 0.0895211798265045
19 0.4911315984523073 0.5929783305094117 0.1035795179539809 0.08473355027685514
19 0.4727361224564124 0.6551173851052037 0.1051420179539809 0.0848336798265045
19 0.451983260921898 0.7150628840254696 0.09884656615858275 0.07662066162790708
30 0.4327974445669235 0.7756895033960861 0.1035795179539809 0.08473355027685514
30 0.4105002637505685 0.8388601318660012 0.11453519867214013 0.08855945712440061
30 0.3920775166774346 0.896311686461793 0.1113920179539809 0.0852341980251019