3 0.5370257386853184 0.5000828488381364 0.07077610831306061 0.08173338479802066
40 0.13051614257070226 0.6671911631695506 0.06759656615858281 0.0722674565847754
40 0.18142920277735672 0.6460124966347877 0.06607042759490125 0.07847199247815269
40 0.2284496485226306 0.6223764198334681 0.06606133723582168 0.07690949247815268
21 0.2809115731906656 0.603586967405328 0.0691954275949013 0.07856292069139795
22 0.32950815447455895 0.5776526047106311 0.06608860831306052 0.08159699247815269
23 0.3811979195016736 0.5572779202291795 0.07235678903121964 0.08490384890464338
24 0.4321064345287883 0.5368805036944166 0.06923178903121982 0.08481292069139794
24 0.48300585919682326 0.5180455871596539 0.06766928903121983 0.08476745658477522
20 0.5910637988919729 0.4789951105166189 0.0660795179539809 0.08003449247815268
20 0.6427399283804682 0.4609641760351673 0.06449883723582168 0.07686402837152997
20 0.695987648228043 0.44141620566033846 0.0692045179539809 0.08012542069139794
20 0.7484586632551576 0.4210642532321983 0.06606133723582168 0.07690949247815251
17 0.8001211572050335 0.4053770687507468 0.06763292759490121 0.07851745658477535
18 0.8541683077707676 0.3827268304292293 0.06294542759490121 0.07838106426490725
19 0.9066347776183423 0.36315612800108904 0.05824883723582168 0.07668217194503928