10 0.10820240813612687 0.36124313861970414 0.07167868182494201 0.07668246832111639
12 0.17146641209045957 0.38436356436617347 0.087622016805914 0.08558757475773371
15 0.23622924904859785 0.4060307507563047 0.0748673488211364 0.07846348960843982
8 0.2969266685162502 0.4235185355372814 0.07642984882113639 0.07857275025210164
11 0.35888284045536045 0.4527797006400891 0.0831891847906916 0.09150979282674854
14 0.42289626091159593 0.4751735067083894 0.076684516805914 0.08482275025210165
10 0.48515618037924835 0.4927705521330279 0.07505834980971962 0.08315098960843983
15 0.5500781848278725 0.5183439885231591 0.06874468281352505 0.08115144703379293
16 0.6149683557783996 0.5431361749132902 0.06718218281352506 0.08104218639013112
14 0.6812300257403436 0.563350121947083 0.068872016805914 0.08427644703379293
13 0.7453071131927735 0.5873064280153834 0.07206068380210837 0.0860574683211162
13 0.8100381166528147 0.6081923644055145 0.07687551779449713 0.08951025025210164
16 0.8780851211014389 0.6339843220829691 0.07531301779449713 0.08940098960843983
15 0.9404405410633828 0.6539251175076076 0.07505834980971962 0.08315098960843983