29 0.35227815138326707 0.4792828157585469 0.04637616801906326 0.06304796360606986
29 0.29360258076641604 0.48669936352501664 0.04637616801906326 0.06304796360606986
29 0.23025314691904022 0.4935529851128038 0.04640344155801355 0.06461046360606985
12 0.16998780276323883 0.5026048074863793 0.05262616801906326 0.06333906203449331
12 0.10900939245481331 0.5077867671635078 0.05586026217486464 0.06973461124870503
22 0.8849151477298192 0.3303570866461084 0.058930715096963834 0.06675516046291677
22 0.8270344638824433 0.3369559971090251 0.057313668019063256 0.0635573858558109
22 0.7714838932655923 0.344226995661283 0.057313668019063256 0.0635573858558109
21 0.7144117329571668 0.3492270188206468 0.055751168019063255 0.06348461124870504
21 0.6572850255708406 0.3573520419800106 0.055751168019063255 0.06348461124870504
21 0.6010077520318902 0.3615344278358215 0.05254434740221221 0.05865156203449331
25 0.5469924078760888 0.3702951517809735 0.055751168019063255 0.06348461124870504
25 0.49071513433713854 0.37447753763678443 0.04944662094116268 0.06006851282028158
25 0.43672706372028747 0.3816757615819365 0.04941934740221221 0.05850601282028158
3 0.38199865341186195 0.38656662283064147 0.05421594155801355 0.06497433664159917
1 0.3272566063339613 0.3922387340793465 0.05103639448011297 0.06170378742738745
0 0.2709656960255358 0.3972023699351574 0.0541341209411625 0.06028683664159917
7 0.2153878518697344 0.4060358684874153 0.06205571509696393 0.0669007096771285