3 0.1140625 0.47109375 0.046875 0.06875
6 0.05703125 0.4703125 0.0390625 0.0671875
37 0.9203125 0.465625 0.05 0.0578125
37 0.85703125 0.4671875 0.05546875 0.06640625
21 0.7953125 0.46796875 0.0515625 0.0578125
21 0.73515625 0.46953125 0.04921875 0.0625
15 0.675 0.4671875 0.05546875 0.06015625
15 0.61171875 0.46796875 0.0484375 0.06015625
32 0.55390625 0.46640625 0.0484375 0.05703125
32 0.496875 0.46875 0.04453125 0.06171875
30 0.44140625 0.47109375 0.04375 0.0640625
30 0.3875 0.46953125 0.0484375 0.05703125
20 0.32890625 0.46953125 0.04453125 0.05390625
20 0.27421875 0.46875 0.04375 0.05703125
29 0.21953125 0.47109375 0.040625 0.059375
29 0.16484375 0.46875 0.04609375 0.059375