38 0.9151801011977667 0.3395974112912404 0.13088258706427283 0.1725840480082102
38 0.8571971828349726 0.36581447764621494 0.12932008706427284 0.17257495764913058
38 0.7984330144721785 0.39202699882164965 0.12932008706427284 0.1725749576491305
37 0.7402863217991247 0.41511906517662417 0.13104636137453216 0.1757090480082102
37 0.6830846534363305 0.4413406767111384 0.1292381999091429 0.17101245764913062
37 0.6242385979184066 0.4659906978865732 0.12759381275401332 0.16944086729005098
36 0.5677362924004825 0.49065435460062734 0.1308006999091429 0.17102154800821018
36 0.5104117933049938 0.5145322161351417 0.1259494255988834 0.16786927693097126
36 0.45464979420950496 0.5384191680287357 0.12594942559888342 0.16786927693097126
35 0.3981884322691458 0.5638640747427898 0.12438692559888347 0.16786018657189175
35 0.34254926390635154 0.5900947766363837 0.12274253844375371 0.16628859621281222
39 0.284361627655733 0.6124055929913583 0.11616498982323469 0.1600022347764936
39 0.22790026571537386 0.6378504997054124 0.11937187697836445 0.1615829154946528
39 0.17123418588719042 0.6593891564194665 0.11600121551297518 0.1568772347764936