12 0.7828125 0.5734375 0.07734375 0.14140625
12 0.7 0.57265625 0.07890625 0.1390625
12 0.61796875 0.571875 0.07890625 0.1375
11 0.5359375 0.57265625 0.0796875 0.1390625
11 0.453125 0.57265625 0.08203125 0.1421875
10 0.36953125 0.5734375 0.0828125 0.14140625
10 0.28515625 0.5734375 0.08359375 0.14140625
10 0.20078125 0.57265625 0.0828125 0.1421875
9 0.696875 0.43046875 0.078125 0.13984375
9 0.615625 0.4296875 0.0796875 0.1390625
9 0.53359375 0.43046875 0.07890625 0.1390625
8 0.4515625 0.43046875 0.08046875 0.1375
8 0.36875 0.43046875 0.08203125 0.1375
8 0.28515625 0.4296875 0.0796875 0.1390625