15 0.8734375 0.5984375 0.05390625 0.096875
15 0.815625 0.5984375 0.0546875 0.09921875
15 0.75546875 0.5984375 0.0546875 0.1
14 0.69609375 0.59921875 0.05703125 0.09921875
14 0.63671875 0.59921875 0.0578125 0.10078125
14 0.5765625 0.5984375 0.059375 0.10078125
13 0.5171875 0.596875 0.05703125 0.1015625
13 0.4578125 0.59765625 0.05859375 0.10234375
11 0.39765625 0.596875 0.059375 0.1015625
11 0.33828125 0.596875 0.059375 0.1015625
11 0.27734375 0.596875 0.06171875 0.1046875
9 0.215625 0.59609375 0.0609375 0.10078125
9 0.1546875 0.59609375 0.0625 0.103125
9 0.09375 0.5953125 0.05546875 0.10546875