13 0.06171875 0.45078125 0.04765625 0.059375
13 0.1140625 0.4515625 0.046875 0.059375
13 0.1671875 0.45234375 0.0453125 0.05703125
18 0.2234375 0.453125 0.03671875 0.0578125
18 0.27890625 0.45546875 0.03671875 0.0625
18 0.334375 0.4546875 0.0375 0.05703125
18 0.3890625 0.4546875 0.04453125 0.05703125
37 0.44765625 0.4546875 0.03828125 0.06015625
37 0.50390625 0.45703125 0.03984375 0.0578125
37 0.56171875 0.45546875 0.04609375 0.0578125
37 0.62109375 0.45625 0.03984375 0.05703125
12 0.68046875 0.45546875 0.0453125 0.06484375
12 0.7421875 0.46015625 0.04765625 0.06484375
12 0.80390625 0.4609375 0.0453125 0.06171875
38 0.865625 0.4609375 0.04765625 0.0515625
38 0.92890625 0.4625 0.04765625 0.0515625