3 0.10859375 0.42265625 0.0421875 0.06484375
7 0.15078125 0.42265625 0.0375 0.06484375
20 0.19453125 0.42109375 0.040625 0.0578125
20 0.23828125 0.42265625 0.0375 0.0671875
20 0.28359375 0.42265625 0.03984375 0.06953125
30 0.33125 0.42265625 0.0453125 0.07265625
30 0.3796875 0.42109375 0.0453125 0.07265625
30 0.43125 0.42109375 0.04453125 0.06875
25 0.484375 0.42109375 0.0515625 0.075
25 0.53984375 0.42109375 0.053125 0.07421875
28 0.5953125 0.42265625 0.046875 0.07421875
28 0.65625 0.4234375 0.05234375 0.08125
28 0.721875 0.4234375 0.05546875 0.08125
16 0.784375 0.42421875 0.05546875 0.08203125
16 0.85390625 0.42265625 0.0578125 0.084375
16 0.92265625 0.425 0.0625 0.0875