13 0.1287082028755526 0.7023775047496527 0.08177724082661783 0.09251611474138884
13 0.17189966667300322 0.6630961459921874 0.08965337334017516 0.1036354526972918
14 0.21665817564999368 0.6229971696435415 0.08964428298109554 0.1020729526972918
15 0.2567337298065239 0.5822260460684372 0.08492951190385671 0.09727634992375016
16 0.3030365580653552 0.5452157021286108 0.08492042154477701 0.09571384992375016
12 0.34702290740142516 0.5035724095755553 0.09120678298109555 0.10210932028847228
13 0.3925763019170351 0.46111149943131907 0.09277837334017516 0.10370818787965277
14 0.4388836753554061 0.4233199054914927 0.09593064441741395 0.10846842306201392
9 0.48442797951193634 0.38242149534725656 0.09277837334017516 0.10370818787965294
10 0.5338421722321481 0.347682166225069 0.10065450585373252 0.11482752583555556
11 0.5739677233636162 0.29831729264996476 0.10850336729005097 0.12125936379145844
14 0.6233864612633678 0.2627967135277773 0.1116374576491305 0.12289459897381949
15 0.6674091720357564 0.21490342097472165 0.11163745764913066 0.12289459897381952
16 0.7145205213718264 0.17318739323930493 0.1116465480082102 0.12445709897381954
6 0.7631989158874364 0.1306537479127077 0.10693177693097126 0.11966049620027785