3 0.886032063345618 0.3315621974937898 0.0798147878817268 0.07855224687674198
7 0.8544790454677706 0.356366754773578 0.0748721963664579 0.07539997579950324
20 0.8223360962263747 0.38351051687382637 0.0729270590935541 0.07070338544042354
20 0.7884393283485274 0.4083014386149951 0.07656224212409235 0.07697156615858276
20 0.7547338791071317 0.43543611035616403 0.07994233363936125 0.08011474687674211
30 0.7188122256233707 0.4641196465587134 0.08657497091226496 0.0848386083130606
30 0.683799367897244 0.49437022794080254 0.08657497091226496 0.0848386083130606
30 0.6449440330499348 0.5253793334251926 0.08319487939699588 0.0816954275949012
25 0.6053712210814428 0.557165143730043 0.09333515394280312 0.09112496974937905
25 0.5635184319917681 0.5897185684962738 0.09502519970043757 0.09269656010845857
28 0.520820620023276 0.6214861980829649 0.08995506242753404 0.08798178903121964
28 0.47459919532768763 0.6579186017719569 0.09853283697334128 0.09740224082661779
28 0.42544408926855093 0.6966765747427898 0.10178538273097573 0.09898292154477702
16 0.3785051874517798 0.733885683252242 0.10178538273097573 0.09898292154477702
16 0.32732519578672953 0.7765362706844554 0.10516547424624481 0.10212610226293642
16 0.2742638397275929 0.8152715177575892 0.11192565727678297 0.10841246369925477