25 0.2943850210911411 0.7970998357511991 0.12496779121570664 0.10282221622369896
24 0.31713712381629783 0.739097568632336 0.12496779121570664 0.10282221622369914
23 0.3391079765414545 0.6811453662882976 0.12678538273097573 0.10604734577334832
25 0.35945255638779405 0.6225120434939084 0.13003792848861026 0.10781010487264701
24 0.3822684319917681 0.5652910263750452 0.1332904742462448 0.10957286397194572
23 0.4058017847169248 0.5072386944813575 0.13003792848861023 0.10781010487264701
21 0.42861766032089876 0.4500176773624943 0.1284754284886102 0.10770997532299771
21 0.44974349016723825 0.39133428979328055 0.1317279742462448 0.10947273442229637
20 0.47243182001357764 0.33255077267441746 0.13185552000387926 0.11103523442229637
19 0.4943388998599172 0.273817320330379 0.13185552000387943 0.11103523442229637
18 0.5168996839486221 0.21347130321151592 0.1319830657615139 0.11259773442229637
17 0.540241718037327 0.1530752213178281 0.13523561151914834 0.11436049352159502
17 0.5644287750048492 0.09341032464931566 0.1286029742462448 0.10927247532299773
17 0.5877708090935541 0.043069022595975705 0.12991038273097572 0.08613804519195141