33 0.24279330937500002 0.56979126875 0.30019326562500004 0.53036423125 0.280506134375 0.4729543859375 0.2254228875 0.50924241875 0.24279330937500002 0.56979126875
32 0.18116379375 0.6033385765625 0.2368410453125 0.569525940625 0.21958995781250001 0.5097507484375 0.167140975 0.5469426078125 0.18116379375 0.6033385765625
31 0.12128132031250001 0.64163126875 0.175551621875 0.6079989015625 0.16027309218750002 0.5485180515625 0.109164578125 0.584250459375 0.12128132031250001 0.64163126875
27 0.2746766515625 0.634112821875 0.3362974828125 0.59545318125 0.3130301328125 0.5322726234374999 0.256470525 0.5701294609375 0.2746766515625 0.634112821875
27 0.2077816640625 0.6736800421875 0.2682210234375 0.632515765625 0.2489249328125 0.5675710921875 0.19326062187499998 0.60530445 0.2077816640625 0.6736800421875
27 0.14419570937499998 0.7190649203125 0.20395504999999997 0.6765270343750001 0.1877505296875 0.61101325 0.13208620625 0.648746615625 0.14419570937499998 0.7190649203125
29 0.3035116 0.71433388125 0.3718567578125 0.67092304375 0.345147496875 0.5999460578125 0.28306259843750003 0.6405850015625 0.3035116 0.71433388125
29 0.22740387968750003 0.7554880234375 0.2912676265625 0.713604003125 0.27133985 0.6372184843750001 0.2097903765625 0.679190084375 0.22740387968750003 0.7554880234375
29 0.16039034375 0.8043452578125001 0.22388729375 0.7582343390624999 0.206964209375 0.6825017828125 0.14541475937499998 0.7244734140625 0.16039034375 0.8043452578125001
3 0.261261121875 0.7380476875 0.195892328125 0.78526241875 0.22220959375 0.8752566187499999 0.2915961265625 0.82494330625 0.261261121875 0.7380476875
7 0.2975059578125 0.8325418328125 0.3734425078125 0.7887709875 0.349554534375 0.6943718343749999 0.2785965890625 0.7339145921875 0.2975059578125 0.8325418328125
32 0.7809528921875 0.183676759375 0.844081728125 0.1395068625 0.786836103125 0.10334089843750001 0.7286869375 0.144790575 0.7809528921875 0.183676759375
31 0.7169109171875 0.229060159375 0.7782157328125 0.1850010421875 0.727060309375 0.1460589375 0.667907265625 0.1877432171875 0.7169109171875 0.229060159375
30 0.6536411765625 0.27801485625 0.7181470062499999 0.2330966328125 0.66991640625 0.19198208125 0.6110021046874999 0.233743096875 0.6536411765625 0.27801485625
36 0.5874303828125 0.3183080046875 0.64873460625 0.2740567390625 0.605699028125 0.23078849531249998 0.548924065625 0.2712121796875 0.5874303828125 0.3183080046875
36 0.5266869296875 0.3634828078125 0.5880787328125 0.3212193375 0.548101621875 0.27260528281249996 0.49166795781249995 0.31434835625 0.5266869296875 0.3634828078125