41 0.9546875 0.4349849552037332 0.090625 0.12136701734563578
41 0.9171875 0.4697963072088239 0.10625 0.12779883068109027
41 0.87265625 0.503126975214869 0.115625 0.13728291868236298
18 0.82890625 0.5317610525541415 0.1078125 0.12937951201463563
18 0.78359375 0.5572883112269593 0.115625 0.13728291868236298
20 0.74296875 0.5944797758991409 0.109375 0.13096019334818115
21 0.7 0.6254485125716407 0.1125 0.1341215560152719
22 0.65859375 0.6571803179105951 0.1125 0.1341215560152719
21 0.61484375 0.6881581452498675 0.11875 0.1404442813494539
21 0.57265625 0.7206802912555945 0.11875 0.1404442813494537
21 0.53125 0.7524120965945487 0.1203125 0.14202496268299925
17 0.48828125 0.7825995832670485 0.1203125 0.14046246268299925
18 0.44453125 0.8143586606063209 0.11875 0.1388817813494537
19 0.403125 0.8453092159452753 0.1140625 0.13570223734881742
7 0.3609375 0.8747063619510023 0.115625 0.13572041868236298
5 0.31640625 0.9072557799570475 0.121875 0.14048064401654442
1 0.271875 0.9343364479630925 0.1125 0.1263090560152719