6 0.14274009278512906 0.7137710876286051 0.09599431043863911 0.09271474082661779
8 0.1821967059110738 0.6799591690106943 0.09764781570031093 0.09428633118569749
9 0.22022732692952635 0.643812590751863 0.0909427893919517 0.08643746974937905
10 0.258948192686307 0.609223967313492 0.09590330517696728 0.0911522408266178
14 0.29936806633559543 0.5722825035160414 0.08763577886860804 0.08329428903121965
15 0.338961187354048 0.5361268348981306 0.09268729991529537 0.08957156010845857
16 0.37708281363417234 0.4984177566392994 0.0909427893919517 0.08643746974937905
11 0.414286682021789 0.46305697356000797 0.0909427893919517 0.08643746974937905
11 0.45466105304024146 0.42689675976255737 0.09590330517696728 0.0911522408266178
13 0.49347292405869403 0.3907456363241864 0.09268729991529537 0.08957156010845857
13 0.5331115477079825 0.35380871770627553 0.09268729991529537 0.08957156010845857
13 0.5727956739881069 0.3160905490883647 0.09764781570031111 0.09428633118569749
38 0.6132610502682312 0.278367835290914 0.09424979991529536 0.08958065046753827
38 0.6520729212866838 0.24221671185254304 0.09764781570031111 0.09428633118569749
38 0.6933195475668082 0.2044894528755526 0.09259629465362344 0.08800906010845859