19 0.5010469539366975 0.5654339608076224 0.09883747579950324 0.07218751324684387
18 0.5154639779408026 0.6258803874866448 0.09255111436318479 0.06571925843752044
17 0.5306713423039872 0.6878620323145016 0.09415906615858276 0.07358632213985139
35 0.5809445739572229 0.8673932756910796 0.10035452400410509 0.06442957694917481
35 0.5618218692349586 0.8039855401190499 0.09569429508134401 0.06895338584218216
35 0.5474275711285526 0.7474453634400275 0.09254202400410509 0.06415675843752044
39 0.49053617993259235 0.504851124872773 0.10665906615858275 0.07402283175849825
39 0.4699009721852659 0.45009170300307416 0.09882838544042354 0.07062501324684405
39 0.4586044030016209 0.3887548989193901 0.09883747579950324 0.07218751324684387
21 0.4410578338179761 0.3276363496450295 0.09727497579950324 0.0721329495445131
21 0.431305583916172 0.26311998185901464 0.08941702400410509 0.06404763103285874
21 0.40677776170746494 0.21084071924514292 0.09100679508134402 0.06878969473518959
23 0.39001244252382006 0.1496948881196169 0.09571247579950315 0.07207838584218225
23 0.38028746369925476 0.08986602033360203 0.10040906615858276 0.07380457694917478