41 0.6365980276803288 0.14226850973593735 0.11769151878308044 0.09105346834337481
41 0.6162974565395214 0.19968554342115744 0.1210075197716634 0.09579551542127547
36 0.5927763849044222 0.25470428002847684 0.12088018577927465 0.09267051542127547
36 0.5733207307598092 0.31369745048317205 0.12263368676785795 0.09738528896022584
38 0.5514576596190016 0.3710872106294418 0.1209438527754692 0.09423301542127546
38 0.5303440049800969 0.42770935754518674 0.1210075197716634 0.09579551542127547
40 0.5084809338392894 0.4850991176914564 0.12100751977166357 0.09579551542127547
40 0.48658602920038463 0.5417076278377262 0.1210075197716634 0.09579551542127547
25 0.4655678750557716 0.600673524753471 0.12425985376405216 0.09897506249917605
25 0.44298722091115844 0.6596121481302657 0.12751218775644108 0.10215460957707698
23 0.42043840026464246 0.7193320215070601 0.12744852076024665 0.10059210957707698
23 0.3978577461200294 0.7782706448838547 0.12269735376405225 0.09894778896022575
22 0.37374642547351344 0.8379632447216989 0.12419618676785796 0.09741256249917604
22 0.3520425218231919 0.8992592548679686 0.12575868676785795 0.09743983603812652