13 0.4767370986429472 0.09150918134596893 0.11261996832111638 0.07377144789030417
14 0.4970603063204019 0.1594244274170275 0.1089486651028075 0.06581339867609244
15 0.5224698517450403 0.2221256346129566 0.11618201089576327 0.08016699710451584
16 0.5436289397443258 0.2908585179875681 0.11251070767745457 0.07220894789030421
12 0.5623350170999496 0.3579197394515208 0.11574496832111639 0.07391699710451594
13 0.5875096157428967 0.42839705934389694 0.12566627153942508 0.08216614474715098
14 0.6047624537421823 0.4969480062007438 0.11574496832111639 0.07391699710451594
9 0.6265389007759751 0.5633735268789082 0.11585422896477801 0.07547949710451593
10 0.6377056297407531 0.6339771253073316 0.11941627153942491 0.08187504631872766
11 0.6728725874182078 0.7025837301458958 0.12243201089576328 0.08045809553293921
14 0.6864923270266476 0.7748589904849782 0.12857275025210163 0.07918669396136266
15 0.717862295347764 0.8448461588057776 0.11930701089576327 0.08031254631872749
16 0.7363334259216964 0.9196834929661776 0.12054172896477802 0.07569782092583352
6 0.7546024607026732 0.9713229019836067 0.12054172896477802 0.057354196032786575