20 0.3465844758168933 0.29412532068369696 0.089184516805914 0.08318918479069151
21 0.31007663144438113 0.24038089676742036 0.08749468281352515 0.08000051779449713
22 0.27206995406806345 0.18813530585494936 0.09224584980971962 0.08175401878308035
40 0.7824502634202349 0.8843709076790163 0.0925641847906915 0.08956651878308008
40 0.741908835055334 0.8273423162722537 0.08931185079830276 0.08631418479069168
40 0.7038384906828219 0.7735342253597828 0.09081068380210837 0.08481535178688589
39 0.6611443133065042 0.7210976334587286 0.1053825197716634 0.09788835475263546
39 0.6253222184397005 0.6650412930405492 0.10213018577927464 0.09463602076024671
37 0.5856893740671885 0.6111695351318838 0.09900518577927464 0.09450868676785795
37 0.5423412806832595 0.5618261097327324 0.08593218281352524 0.07993685079830275
37 0.5058652698088445 0.5088629358164557 0.09556185079830275 0.08656885277546919
35 0.46385684193823523 0.4541144274134988 0.09393568380210837 0.08494268577927463
35 0.4233790805695287 0.3986483360067362 0.09881418479069151 0.08982118676785786
35 0.3870622371855998 0.3495914120904596 0.1068813527754691 0.09638952174882984