11 0.0828125 0.49375 0.04609375 0.07265625
12 0.1484375 0.49296875 0.04765625 0.07109375
13 0.20859375 0.50390625 0.04375 0.0734375
11 0.27265625 0.50390625 0.0421875 0.071875
12 0.3328125 0.50625 0.04296875 0.075
13 0.3921875 0.50625 0.04453125 0.075
13 0.4484375 0.50546875 0.03828125 0.071875
15 0.50625 0.50625 0.03984375 0.0734375
14 0.5609375 0.50390625 0.04609375 0.0703125
14 0.61328125 0.50234375 0.03984375 0.06875
15 0.6671875 0.50234375 0.04453125 0.06875
16 0.7203125 0.50234375 0.04609375 0.0703125
9 0.7734375 0.50234375 0.0453125 0.07109375
9 0.8265625 0.50859375 0.04609375 0.0703125