4 0.04140625 0.60859375 0.059375 0.08046875
25 0.10546875 0.609375 0.05625 0.078125
25 0.17109375 0.60625 0.05 0.08046875
25 0.23203125 0.60234375 0.046875 0.0796875
17 0.2921875 0.60625 0.04296875 0.07734375
17 0.35390625 0.60546875 0.04765625 0.07734375
17 0.4125 0.60546875 0.0453125 0.0734375
24 0.46953125 0.60625 0.040625 0.078125
23 0.528125 0.60390625 0.0453125 0.07578125
22 0.578125 0.6015625 0.03984375 0.0765625
18 0.640625 0.60546875 0.0390625 0.0703125
18 0.68671875 0.60078125 0.03984375 0.07734375
22 0.7484375 0.60078125 0.046875 0.0734375
21 0.79609375 0.6015625 0.04453125 0.071875
20 0.85859375 0.6046875 0.04609375 0.0703125