30 0.83515625 0.66171875 0.05234375 0.07265625
30 0.7828125 0.665625 0.04921875 0.078125
33 0.6796875 0.66875 0.04765625 0.08046875
33 0.6234375 0.6703125 0.04375 0.08046875
33 0.56640625 0.665625 0.04296875 0.07578125
33 0.5125 0.665625 0.04296875 0.075
40 0.8890625 0.6625 0.0484375 0.078125
39 0.73125 0.6703125 0.05 0.07734375
37 0.46015625 0.66875 0.04375 0.0796875
37 0.40546875 0.67109375 0.046875 0.07734375
37 0.3484375 0.671875 0.0421875 0.078125
5 0.29296875 0.67265625 0.0484375 0.0828125
41 0.23359375 0.675 0.0390625 0.0796875
41 0.1765625 0.67421875 0.04140625 0.08046875
41 0.1203125 0.6765625 0.04140625 0.08046875