35 0.5332786027985811 0.8675593984635489 0.11137542069139794 0.07448210085908258
35 0.5288244350101768 0.8061681970840677 0.1128924565847754 0.07300148801421225
35 0.5236117492750842 0.7440366892821517 0.11142088479802066 0.07604460085908257
38 0.519225777646614 0.6803017379026708 0.11142088479802066 0.07604460085908257
38 0.5132545739648326 0.6174299236783195 0.11459134890464337 0.07777087516934209
38 0.5088458702830513 0.5544762222988385 0.11137542069139794 0.07448210085908258
36 0.5060451307078926 0.48987813376422784 0.11137542069139794 0.07448210085908258
36 0.5008779090794225 0.42618412596231164 0.11454588479802066 0.07620837516934209
36 0.49651466950426376 0.36166792458283065 0.11137542069139794 0.07448210085908258
34 0.49058892992910497 0.29723361035847945 0.11610838479802066 0.07629026232447185
34 0.4878336544605689 0.23107302182386866 0.11454588479802066 0.07620837516934209
26 0.4803908789920329 0.16515809475464718 0.11142088479802066 0.07604460085908263
26 0.4768316214701855 0.0998196997976013 0.11142088479802066 0.07604460085908263
26 0.47177806010827217 0.035202758367743 0.11767088479802065 0.070405516735486