27 0.3701751328125 0.8468549828124999 0.38949325 0.8822954890625001 0.43288343906250004 0.8622531515625 0.41993301875 0.8269721203125 0.3701751328125 0.8468549828124999
21 0.2888628484375 0.8679291390625 0.26516942656250003 0.891517675 0.30557655 0.92417688125 0.32959729531250004 0.9006280921875 0.2888628484375 0.8679291390625
8 0.216264371875 0.8833749296875 0.24598606250000002 0.851603615625 0.21442532500000003 0.8243993749999999 0.181517665625 0.8557074265625 0.216264371875 0.8833749296875
33 0.41783609843749997 0.928416159375 0.393382240625 0.9632020890625 0.39948706875 0.9654902140624999 0.43342631562499995 0.9627197765625001 0.448879859375 0.9453006703125 0.41783609843749997 0.928416159375
26 0.3322943921875 0.8547292046875 0.3624232234375 0.8286880609375 0.32610972656250004 0.7868086421875 0.2972776171875 0.8168902093750001 0.3322943921875 0.8547292046875
16 0.6054811390625 0.8302289390625001 0.642311890625 0.8362474828125 0.661485296875 0.7837508609375 0.6211042046874999 0.77606933125 0.6054811390625 0.8302289390625001
32 0.55730964375 0.8628068156250001 0.5741393796875001 0.8917134203125 0.6181148921874999 0.864321878125 0.6020955156250001 0.834716990625 0.55730964375 0.8628068156250001
17 0.1419528015625 0.758060321875 0.1456198671875 0.79829864375 0.199931715625 0.8033787468750001 0.19558163281250002 0.76194275 0.1419528015625 0.758060321875
24 0.43204565468749995 0.847044509375 0.46931919375 0.8309570000000001 0.44625451250000003 0.7871106609375 0.40928975312500004 0.8032932734375 0.43204565468749995 0.847044509375
15 0.1838791609375 0.6503964625 0.1866214625 0.7036559921875 0.2505345375 0.713181715625 0.2497738171875 0.659601475 0.1838791609375 0.6503964625
30 0.32391970468750003 0.86682938125 0.33391065000000003 0.8994260546874999 0.3804027015625 0.8910513296874999 0.37328669531249997 0.85497435625 0.32391970468750003 0.86682938125
14 0.4333075703125 0.87171463125 0.4481222640625 0.90205345 0.494029825 0.8815322796875 0.480076934375 0.8501782328124999 0.4333075703125 0.87171463125
19 0.44202889531249995 0.93403046875 0.4681935078125 0.9545181796875 0.5015379734375001 0.918753428125 0.47109843281249997 0.8988046734375 0.44202889531249995 0.93403046875
9 0.41295335 0.9275241421875 0.44522417656249996 0.90934933125 0.4188495453125 0.871061959375 0.3871113421875 0.89020689375 0.41295335 0.9275241421875
9 0.07775311562500001 0.7776037953125 0.0791837125 0.831236471875 0.12258158906250001 0.8409453296875 0.12260067187499998 0.7885463390624999 0.07775311562500001 0.7776037953125
22 0.2268203078125 0.873449671875 0.25621810312500004 0.8980823921875001 0.2875481671875 0.8666022281249999 0.257975675 0.8427214640624999 0.2268203078125 0.873449671875
22 0.24933836718750002 0.796327375 0.28019191875 0.8240357656249999 0.3151918125 0.789635890625 0.28506806875 0.76084071875 0.24933836718750002 0.796327375
11 0.23103659062499998 0.783119153125 0.20288495 0.8117429046875 0.2459359140625 0.8482764421875 0.27105960625000003 0.8221788953125 0.23103659062499998 0.783119153125
11 0.30510125 0.878252271875 0.3309514921875 0.855193884375 0.293034528125 0.8148385156250001 0.2635663546875 0.8421766515625 0.30510125 0.878252271875
19 0.3034644 0.932056990625 0.3398868515625 0.9582364906249999 0.361250309375 0.9350995375 0.3270066453125 0.9093007765625 0.3034644 0.932056990625
19 0.3735810921875 0.7255579156249999 0.3787342703125 0.7675734328125 0.43471356875 0.7589354015625001 0.430786953125 0.7197520640625 0.3735810921875 0.7255579156249999
31 0.6727070687500001 0.8817557468749999 0.6825799140625 0.9119287046875 0.7287438421875 0.8911068500000001 0.7231229156250001 0.8611642749999999 0.6727070687500001 0.8817557468749999
31 0.35444120625000003 0.7946094359375 0.3732633828125 0.8410712 0.40880304062499995 0.8299836203125001 0.392333246875 0.7795321687500001 0.35444120625000003 0.7946094359375
34 0.45527087499999996 0.741654153125 0.45847695312500003 0.7968134671875 0.4995702625 0.7931693656250001 0.49823037968749995 0.7364387828125001 0.45527087499999996 0.741654153125
34 0.5401710765625001 0.71534678125 0.506732121875 0.7455303828125001 0.5404498578125 0.7837063640624999 0.572083153125 0.7555787656249999 0.5401710765625001 0.71534678125
39 0.5011001625 0.8462015453125 0.496119609375 0.87916676875 0.544150025 0.880291446875 0.551329965625 0.8475618812500001 0.5011001625 0.8462015453125
35 0.00287775 0.6877895828125 0.0251251203125 0.7374012390625 0.0810152046875 0.7290528828125 0.0624981296875 0.6777348421875 0.00287775 0.6877895828125
36 0.5128167390625 0.8922613234375 0.51582898125 0.9223073359375 0.5617948765625 0.91506916875 0.56131155625 0.8864590171875 0.5128167390625 0.8922613234375
36 0.1381713625 0.800187421875 0.1323064609375 0.8453803531249999 0.1728821171875 0.8589332515624999 0.1802230921875 0.8138568171875 0.1381713625 0.800187421875
38 0.25694428281250004 0.9513053140625001 0.2804129234375 0.9306158984374999 0.245214434375 0.900438478125 0.221481053125 0.9190154968750001 0.25694428281250004 0.9513053140625001
38 0.20170321875 0.7161365125 0.1933297890625 0.7584097671875 0.24902237187499998 0.779694959375 0.2587622484375 0.7394574078125 0.20170321875 0.7161365125
12 0.11106406875 0.702542665625 0.12226375781250001 0.7456026171875 0.1796509453125 0.7447512140625 0.173904309375 0.7062473312499999 0.11106406875 0.702542665625
12 0.4669282328125 0.6519658374999999 0.45867013125 0.7011774953125001 0.5161513953125 0.71234575 0.526815646875 0.6622801296875 0.4669282328125 0.6519658374999999
40 0.31176672031249997 0.7769507484375 0.35101261250000004 0.791168509375 0.3673177890625 0.738840071875 0.323484653125 0.7221086421875 0.31176672031249997 0.7769507484375
40 0.31685647499999997 0.71839068125 0.3633006578125 0.7205379468750001 0.364792809375 0.6599227125 0.31732143437500004 0.6567445265625 0.31685647499999997 0.71839068125
15 0.0385565765625 0.41125943437499995 0.0968249578125 0.40437055156249996 0.0680936359375 0.289095165625 0.0050325796875 0.29922576875 0.0385565765625 0.41125943437499995
15 0.0989880828125 0.40517204375000004 0.1572564625 0.3982831609375 0.1316242046875 0.2811381125 0.0703486546875 0.2899830984375 0.0989880828125 0.40517204375000004
14 0.1587336078125 0.3999599 0.21700198906249998 0.39307101875 0.19483344062500002 0.274444915625 0.1330683453125 0.2824847640625 0.1587336078125 0.3999599
13 0.219281221875 0.3948577453125 0.2799257890625 0.3874857140625 0.261300596875 0.2639206890625 0.196771028125 0.2739946296875 0.219281221875 0.3948577453125
12 0.279236196875 0.38526189843749997 0.3398807640625 0.3778898671875 0.3262872 0.2543642421875 0.26210594375 0.2626945734375 0.279236196875 0.38526189843749997
11 0.3411629125 0.3799019953125 0.4015492296875 0.3712668140625 0.3941183625 0.2456665390625 0.32712644375 0.255453478125 0.3411629125 0.3799019953125
10 0.40391271562500003 0.37439463125 0.4642990328125 0.3657594515625 0.46151550625000004 0.2372470609375 0.39594165000000003 0.2455604578125 0.40391271562500003 0.37439463125
9 0.46537705625000003 0.366444453125 0.5257633734375 0.357809271875 0.5253721062500001 0.2290152515625 0.46244032968750004 0.2380288296875 0.46537705625000003 0.366444453125
15 0.5269730218750001 0.3594868046875 0.5873593406250001 0.350851625 0.5920148578125 0.22251417343750002 0.5277602296875 0.2319034125 0.5269730218750001 0.3594868046875
14 0.5897117859375001 0.35053820468749997 0.6493021015625 0.3443696671875 0.658792471875 0.21434594843750002 0.5937614421874999 0.22362221093749998 0.5897117859375001 0.35053820468749997
13 0.65196854375 0.343925575 0.71155885625 0.33775703749999997 0.725193 0.20487073906250003 0.6602810453125 0.21347741406249998 0.65196854375 0.343925575
10 0.7132249546875 0.3332947703125 0.774725671875 0.32625714375000003 0.7913635796875 0.1936190796875 0.72692063125 0.20127256093749998 0.7132249546875 0.3332947703125
10 0.7772417359375 0.32306804375 0.8368320515625 0.3168995078125 0.8598333515625001 0.1843946828125 0.7927579 0.19275545 0.7772417359375 0.32306804375
10 0.8388445750000001 0.3146433375 0.90002406875 0.311228321875 0.9267058296874999 0.17656755468750002 0.862159615625 0.1840418109375 0.8388445750000001 0.3146433375
5 0.9863163531250001 0.21705893125000003 0.9857459328125 0.1682166515625 0.9271547265625 0.176682246875 0.9008284203124999 0.30874249374999996 0.9632549156250001 0.3013936609375 0.9863163531250001 0.21705893125000003