25 0.95546875 0.51328125 0.0578125 0.08828125
24 0.89296875 0.51484375 0.05078125 0.08984375
23 0.83515625 0.51328125 0.05390625 0.08515625
22 0.77890625 0.5109375 0.04921875 0.08359375
21 0.72109375 0.5078125 0.05390625 0.08671875
20 0.6625 0.5109375 0.05390625 0.08359375
18 0.575 0.50703125 0.0515625 0.08828125
18 0.51640625 0.50703125 0.04375 0.08828125
23 0.3953125 0.51015625 0.0515625 0.08828125
22 0.33828125 0.5109375 0.05390625 0.08671875
21 0.2765625 0.50546875 0.053125 0.08203125
35 0.15390625 0.50859375 0.04921875 0.07890625
35 0.09375 0.5109375 0.053125 0.08359375
35 0.03359375 0.50859375 0.0484375 0.08203125