35 0.9719260208349259 0.5266717088686466 0.056147958330148386 0.0950228656913195
35 0.907610704781679 0.526688586243473 0.059040342008670164 0.10279899810013901
41 0.8395964521508432 0.5243253460271188 0.06207433674699843 0.1013092332825
41 0.770982960043351 0.5250689220151743 0.06032982622365459 0.0981478656913195
41 0.7021419547816791 0.5219062480032297 0.055642326223654594 0.09803876291777769
38 0.6350454600433509 0.5219049415824658 0.05885833148532651 0.09967399810013902
38 0.5671222126741868 0.5211042013661116 0.061710315700310936 0.09505923328249999
38 0.49662770215084323 0.5163426597629865 0.060147815700311115 0.0950228656913195
23 0.4311847126741869 0.5179402209334031 0.0657453683170294 0.11075696846486131
22 0.35756520215084314 0.513105944147917 0.062256347270342086 0.10443423328249998
21 0.2896419547816791 0.5123052039315628 0.06207433674699834 0.1013092332825
23 0.2194659626741869 0.5130124123284376 0.06556335779368574 0.10763196846486114
22 0.15149721267418687 0.5114304221120834 0.06243835779368574 0.10755923328249999
21 0.0810482047816791 0.5074501305089584 0.06225634727034204 0.10443423328249998