8 0.90703125 0.5421875 0.0390625 0.06796875
10 0.84921875 0.5359375 0.0390625 0.07578125
14 0.7890625 0.5359375 0.0390625 0.06484375
8 0.7390625 0.53984375 0.040625 0.0671875
9 0.66953125 0.53359375 0.0375 0.06953125
8 0.6140625 0.5359375 0.0421875 0.06484375
15 0.5359375 0.53125 0.03828125 0.075
12 0.45625 0.52578125 0.0375 0.0734375
14 0.38984375 0.53359375 0.03515625 0.06875
9 0.325 0.5296875 0.0375 0.065625
12 0.24921875 0.53046875 0.0359375 0.06171875
8 0.17734375 0.53125 0.03984375 0.06796875
11 0.115625 0.528125 0.0359375 0.06484375
13 0.0515625 0.53046875 0.03515625 0.06640625