13 0.46048944994353025 0.062033930030788186 0.07818518415851479 0.055123837235821635
13 0.4745134235645839 0.1284992673648057 0.07800317363517095 0.05199883723582164
15 0.4876196392931297 0.19261630951928338 0.07956567363517095 0.05200792759490129
11 0.5023793602833473 0.25830494203284077 0.07478716837349922 0.05041815651766246
11 0.5183753575819242 0.3318106197259379 0.08269067363517095 0.052026108313060426
9 0.5309810443712749 0.3873339118804156 0.08269067363517095 0.052026108313060516
15 0.5434957258989537 0.44129470403489324 0.07947466837349922 0.050445427594901206
14 0.5560027021508432 0.5085322010098311 0.07800317363517095 0.05199883723582168
9 0.5680091494635375 0.567175947984769 0.07616765785015538 0.04730224687674216
8 0.5853401336079347 0.6367844660369458 0.07460515785015538 0.047293156517662284
13 0.598810370383168 0.7071515081914235 0.08131018415851479 0.0551420179539809
8 0.6179313676817448 0.7806753666026799 0.08269067363517095 0.05202610831306061
12 0.6283676097186499 0.8525867280389985 0.0762586631118273 0.048864746876741805
15 0.6471623833255862 0.9339185412707149 0.07938366311182747 0.048882927594901204