14 0.7488751398790926 0.44583780005131357 0.16437605172849495 0.17280221662612102
13 0.6762128782006102 0.49933043871319105 0.16437605172849495 0.17280221662612086
10 0.4422925192668369 0.48234188485124835 0.16276808762187223 0.17123062626704139
15 0.8192163836108864 0.3915502758508168 0.1611601235152495 0.1696590359079618
15 0.6020335806287502 0.5512514870159888 0.16437605172849495 0.17280221662612086
14 0.5301298368969565 0.605529920857406 0.16437605172849495 0.17280221662612102
13 0.45903007521847394 0.659031649878363 0.1675919799417402 0.17594539734428025
13 0.3863450814866801 0.7133055385402404 0.16919994404836292 0.17751698770335977
12 0.3121203198081976 0.7667890868430381 0.1675919799417403 0.17594539734428025
11 0.2379637542896491 0.817928885145836 0.16437605172849495 0.17280221662612122
9 0.5868130605704905 0.3761333123479538 0.16598401583511765 0.17437380698520064
9 0.5126110309453195 0.4288356106507516 0.16276808762187223 0.17123062626704139
9 0.37121548964166573 0.5350623638722054 0.16437605172849495 0.17280221662612102
8 0.2970134600164946 0.5877646621750031 0.16598401583511765 0.17437380698520072