4 0.9623890923772624 0.6171449074917547 0.07349566162790708 0.10352866431700995
1 0.910025555980068 0.6007377348763748 0.07349566162790708 0.10352866431700995
2 0.8584432695828731 0.5843897618460767 0.07017040252860837 0.1001668659766839
17 0.8062799922849774 0.5711075892306969 0.07515829117755643 0.10520956348717299
18 0.7531352058877827 0.5546412170302355 0.07349566162790708 0.10352866431700995
19 0.6991591047157636 0.5373343952446927 0.07329540252860874 0.10040366431700995
23 0.645533456967517 0.52549632345915 0.07672079117755644 0.10532796265733602
24 0.5916074205703223 0.5089707516736072 0.07672079117755644 0.10532796265733602
25 0.5371003932724264 0.4955109803029828 0.07505816162790727 0.10364706348717298
20 0.4808306068752318 0.4788078097621954 0.0765205320782579 0.10220296265733601
21 0.4253420704780373 0.46216383880648965 0.07672079117755662 0.10532796265733602
22 0.37078497840531666 0.44792281743586526 0.07672079117755662 0.10532796265733602
19 0.31368387723329744 0.43037919730999635 0.07828329117755661 0.10544636182749909
19 0.25746415561092756 0.41445727676920907 0.07848355027685523 0.10857136182749905
19 0.20134456353820696 0.40009785622842176 0.07994592072720588 0.10712726099766208
17 0.14424346236618774 0.38255423610255285 0.08317105027685519 0.10892655933798823
17 0.0849488055186425 0.36717676722143944 0.07848355027685519 0.10857136182749905