9 0.9140625 0.49375 0.05546875 0.0953125
9 0.8515625 0.49453125 0.05390625 0.09921875
10 0.79140625 0.49453125 0.0546875 0.09765625
10 0.73046875 0.4921875 0.0546875 0.1
10 0.6703125 0.49375 0.05859375 0.103125
33 0.609375 0.49140625 0.0578125 0.09921875
33 0.546875 0.49140625 0.05625 0.09921875
33 0.4859375 0.490625 0.05703125 0.10234375
27 0.42421875 0.48984375 0.0578125 0.09921875
27 0.36328125 0.4890625 0.06015625 0.103125
27 0.3 0.4890625 0.06015625 0.103125
17 0.23671875 0.48828125 0.06015625 0.10390625
17 0.17265625 0.48828125 0.06015625 0.09453125
17 0.11015625 0.48671875 0.0546875 0.103125