33 0.18932479296496324 0.756460719706306 0.12173513527271584 0.13039974025173784
33 0.23714606371088767 0.7135502466760076 0.12005423610255281 0.1287188410815748
32 0.2843044836269751 0.672261473230791 0.12353443361304191 0.1336431394219007
31 0.3338066535430625 0.6307951010303297 0.12185353444287887 0.13196224025173783
30 0.38336802304423145 0.5901099788298684 0.12185353444287887 0.13196224025173783
29 0.43118929379015586 0.54719950579957 0.12185353444287887 0.13196224025173783
29 0.4805730645360803 0.5041706335991087 0.12677783278320492 0.13544243776222692
27 0.5802402551980921 0.41961618961310465 0.12185353444287905 0.1319622402517378
28 0.5292347848670861 0.46198221098372894 0.12185353444287905 0.13196224025173767
28 0.629683225529098 0.37736856741264335 0.12509693361304192 0.13376153859206372
28 0.6790669962750224 0.33433969521218204 0.12509693361304192 0.1337615385920638
28 0.7277879161911098 0.29293252259680225 0.12341603444287888 0.13208063942190068
26 0.7786157877668712 0.24822275122617787 0.12677783278320476 0.13544243776222678
26 0.8287808085127957 0.2051346794406351 0.12329763527271576 0.13051813942190071
26 0.8792418271841275 0.1659528576550923 0.12185353444287869 0.13196224025173775