30 0.93515625 0.56953125 0.04765625 0.08203125
31 0.8859375 0.56875 0.0421875 0.0875
32 0.82890625 0.57109375 0.04609375 0.0859375
31 0.77578125 0.57109375 0.046875 0.08828125
32 0.7234375 0.57109375 0.0484375 0.0875
33 0.671875 0.571875 0.04765625 0.08671875
41 0.6203125 0.571875 0.046875 0.08359375
41 0.56796875 0.57265625 0.0484375 0.08828125
35 0.5171875 0.57265625 0.0484375 0.08828125
35 0.46640625 0.5734375 0.04765625 0.08828125
35 0.415625 0.5734375 0.05 0.08828125
38 0.36484375 0.57265625 0.04921875 0.08828125
38 0.3125 0.57265625 0.04765625 0.0859375
38 0.2625 0.57265625 0.04921875 0.0859375
3 0.2109375 0.571875 0.04921875 0.084375
7 0.16015625 0.5734375 0.0515625 0.0859375
6 0.10859375 0.5734375 0.05 0.0859375
5 0.05859375 0.57265625 0.0453125 0.08359375