35 0.23128800469445326 0.20202393463559237 0.11691587468172662 0.11228291868236295
35 0.27089594470081657 0.24844440129695622 0.11847837468172653 0.11230110001590835
35 0.31286581604072544 0.29640009595800193 0.11849655601527206 0.11386360001590834
38 0.3540635280474069 0.34514613128582033 0.11849655601527206 0.11386360001590834
38 0.3968146493873157 0.39309273528009336 0.12165791868236289 0.11702496268299925
38 0.4380032707272245 0.4410575206079118 0.11691587468172653 0.11228291868236298
36 0.4784470047342241 0.492156396602503 0.1169158746817267 0.11228291868236298
36 0.5212072167409056 0.5408842505967759 0.12163973734881743 0.11546246268299924
36 0.56241401941436 0.5904115359245944 0.1169158746817267 0.11228291868236298
34 0.6059645720878141 0.6399115492520947 0.12163973734881743 0.11546246268299924
34 0.6479798967615865 0.6917734939131404 0.12163973734881743 0.11546246268299924
26 0.6930929494350407 0.7412553259070952 0.11849655601527206 0.11386360001590852
26 0.7350900927752677 0.7915547705681408 0.1184965560152719 0.11386360001590852
26 0.7794400767822675 0.8426081932288685 0.12322041868236297 0.11704314401654452