16 0.54774685549318 0.9075357767966503 0.17982469810012064 0.1309644742194024
15 0.5174208683834788 0.8194658887370094 0.1800703595655099 0.1356519742194024
15 0.46347259554355735 0.6374446048158114 0.1816328595655099 0.13573386137453233
14 0.49087830054108295 0.729256968565193 0.1849216338757694 0.13902263568479167
14 0.4338050277011615 0.5470719103337356 0.18171474672063964 0.13729636137453233
14 0.3767726984388049 0.36566810210227807 0.1800703595655099 0.1356519742194024
13 0.4057409034363305 0.4575623530067892 0.17998847241038013 0.1340894742194024
13 0.3470232434412793 0.2737329076202021 0.18500352103089918 0.14058513568479167
12 0.3188362884437537 0.18187960029325573 0.18187852103089916 0.1404213613745322
10 0.6425735973525797 0.6951353533454735 0.17686347241038014 0.13392569990914288
10 0.6136872795101838 0.6048036024409622 0.17686347241038014 0.13392569990914288
10 0.5849237924004826 0.5168156015364511 0.1767815852552504 0.1323631999091429
9 0.5583812245580868 0.4266066813646347 0.1785078595655099 0.1355700870642728
9 0.5294949067156909 0.33627493046012347 0.18171474672063964 0.13729636137453216