37 0.2299269746211528 0.8573545434232436 0.10210792154477703 0.09848034946188093
37 0.2601502849260031 0.8165861482618076 0.10052724082661779 0.0952825748547749
35 0.29037359523085343 0.7758177531003719 0.10211701190385672 0.10004284946188058
35 0.32450315553570375 0.7352312944567008 0.09740224082661779 0.09513702564056317
35 0.3555122610200939 0.6952805365988179 0.09740224082661779 0.09513702564056317
15 0.3857264809658646 0.6529496414373821 0.10053633118569749 0.09684507485477489
15 0.42065092680933436 0.6147433200972638 0.10211701190385672 0.10004284946188058
15 0.45086060157556523 0.5716311749358282 0.10367951190385671 0.10011562406898662
8 0.48186061670087577 0.5301179170779453 0.10053633118569749 0.09684507485477489
8 0.5136373366466465 0.48785979652361533 0.10525110226293641 0.1017508986760923
8 0.5469901921310366 0.4480182005763913 0.10367951190385671 0.10011562406898662
9 0.5795436168972674 0.40501521732561424 0.10367951190385653 0.10011562406898658
9 0.6121015868430382 0.3627934840748373 0.10367951190385671 0.10011562406898662
9 0.6454362616092691 0.3198268881276133 0.10368860226293641 0.10167812406898662
2 0.6787527556573407 0.27373529218038917 0.10054542154477701 0.09840757485477489
6 0.7144311804235717 0.23087785814382392 0.10367951190385671 0.10011562406898662
4 0.7477749455488821 0.18947376219659984 0.10053633118569749 0.09684507485477489