16 0.5995722239294965 0.87109375 0.1922246776670363 0.146875
16 0.5582277282484333 0.78671875 0.1904619185677376 0.14375
16 0.5159517882428959 0.7 0.20033756631598418 0.1515625
15 0.4735757186877092 0.61171875 0.19857480721668547 0.1484375
14 0.433493334357698 0.52265625 0.19544980721668548 0.1484375
13 0.3911172648025113 0.434375 0.19857480721668547 0.1484375
12 0.3471786952473246 0.34609375 0.19867493676633483 0.15
11 0.302308681367664 0.25546875 0.1937871776670362 0.146875
11 0.6643404210317477 0.63828125 0.1922246776670363 0.146875
11 0.6227956662513858 0.55078125 0.19056204811738695 0.1453125
10 0.25890103793835406 0.16328125 0.1937871776670362 0.146875
10 0.580419596696199 0.4625 0.19222467766703613 0.146875
9 0.5396060271410124 0.37421875 0.19222467766703613 0.146875
8 0.49801120758582573 0.2859375 0.19544980721668548 0.1484375