6 0.8795521863754999 0.20441317080650814 0.06142837939029917 0.08721320967712849
16 0.0457867613146815 0.48237369830458887 0.07395565046753821 0.0924829065339754
16 0.10742824326250475 0.46621785132390753 0.07395565046753819 0.0924829065339754
15 0.17136347823539008 0.4413590924325674 0.07710792154477705 0.09731595574818712
14 0.2290714391059745 0.42069768196965074 0.06929542154477701 0.09695208271265768
14 0.3476396319243821 0.3839168118296055 0.07554542154477702 0.09724318114108117
13 0.2868112162333375 0.40550502150673395 0.06926815046753827 0.0922645827126578
13 0.40535668315404616 0.3648179013666888 0.06769656010845856 0.09062930810555195
13 0.5231436259724538 0.32807341853019656 0.06455337939029934 0.08735875889134012
12 0.46384589402463056 0.34412010360021916 0.07083065046753809 0.09233735731976359
12 0.5824049964839586 0.305776733460174 0.06769656010845856 0.09062930810555185
11 0.6416618218159236 0.2826987983901514 0.06926815046753809 0.09226458271265772
41 0.7017180778660478 0.2627094760165759 0.058257927594901206 0.07925516046291677
41 0.7633504694547913 0.2449911290358945 0.06297269867214013 0.08416098428423435
41 0.817928885145836 0.2236940177871895 0.06144656010845857 0.0903382096771284