25 0.5428558853461074 0.017580959118519 0.09398237336031982 0.035161918237038
24 0.5364553991409174 0.06193974024453808 0.09669793758467123 0.06445206220555537
23 0.5279977679786814 0.11944944387319548 0.09061171189493056 0.06703025805851834
22 0.5187998303940103 0.1762462480202325 0.09044793758467104 0.06390525805851835
21 0.5087796992317745 0.23389265268564916 0.09373671189493056 0.06730366013203692
20 0.5041464309144088 0.2926231037224084 0.09061171189493074 0.0670302580585183
18 0.4901857502271426 0.38094330994296394 0.0936548247398008 0.06574116013203683
18 0.4824274819097769 0.4399471630532418 0.09324538896415202 0.05792866013203692
23 0.4713937273872212 0.5614510161635196 0.0936548247398008 0.06574116013203693
22 0.4653207898025501 0.6179744182370379 0.09373671189493056 0.06730366013203692
21 0.4519299971749248 0.6805817249759731 0.08748671189493074 0.06675685598499985
35 0.4400331054972394 0.8037164286046306 0.08411605042954133 0.061795953911481405
35 0.4353179500247439 0.8640093796413899 0.09061171189493056 0.0670302580585183
35 0.42517498812981336 0.9239995343068064 0.08724105042954129 0.06206935598499967