4 0.4690099851712525 0.10883131880562966 0.0943521778706092 0.06065019970043758
1 0.46372030730064306 0.16170122729036057 0.0943521778706092 0.06065019970043757
2 0.45768121292813096 0.21372611289627427 0.09109984387822045 0.05727010818516849
17 0.45554836855561887 0.2660698628962742 0.09441584486680377 0.062212699700437565
18 0.45022685718691235 0.3197210213810052 0.0943521778706092 0.06065019970043757
19 0.44409226232010857 0.3740896569869189 0.09122717787060926 0.06039510818516849
23 0.4434582509514021 0.4281234527445534 0.09447951186299815 0.06377519970043757
24 0.4381049060845984 0.4825558612292843 0.09447951186299815 0.06377519970043757
25 0.4358765612177947 0.5372433612292843 0.09285334486680372 0.06208515394280312
20 0.4304595493547966 0.5932382697140153 0.09135451186299814 0.06352010818516848
21 0.42582378749179856 0.6492969510775635 0.09447951186299815 0.06377519970043757
22 0.42281419262499487 0.7039206781987462 0.09447951186299801 0.06377519970043757
19 0.41733351376580236 0.761478086683477 0.09454317885919253 0.06533769970043757
19 0.4126659184047071 0.8183180180470252 0.09760451186299801 0.06403029121570673
19 0.41037390654170897 0.8745680180470252 0.09454317885919253 0.06533769970043793
17 0.40489322768251645 0.9321254265317563 0.0977318458553869 0.06715529121570682
17 0.4016926318271296 0.9797107540225429 0.09760451186299815 0.04057849195491414