26 0.16331300905417787 0.3083432349390575 0.08846120248167452 0.10596231252120454
26 0.22685098516896435 0.3210044368458233 0.08210194183801275 0.10418155771188112
26 0.28860793999642737 0.33059520245491997 0.08366444183801276 0.10423612141421187
13 0.34952901450205953 0.33943199991518197 0.0838829631253363 0.10736112141421197
13 0.4097780996513534 0.34985857922660946 0.0823204631253363 0.1073065577118811
12 0.47269871673163244 0.3648908129845407 0.07864915990702759 0.0993849303072194
12 0.5336197912372647 0.3737276104448027 0.08221120248167449 0.10574405771188111
12 0.5971577673520512 0.3863888123515685 0.07908620248167449 0.1056349303072194
23 0.6580242115358523 0.3944443598118305 0.08064870248167448 0.10568949400955026
23 0.7176559376506388 0.4072419709744234 0.08232046312533611 0.1073065577118811
23 0.778577012156271 0.4160787684346855 0.07774222376899793 0.10870536660488846
15 0.8380448473055649 0.4265326295972784 0.07697739926336596 0.09776786660488845
15 0.9030360627766896 0.4375767678017133 0.07563342055068922 0.10083830290255769
15 0.9623162786644042 0.44956584711314085 0.07536744267119175 0.1055803666048885