5 0.17654409820969585 0.6760689705959053 0.07666368587597075 0.09793155771188111
6 0.2206798818949159 0.6549677861123346 0.0766636858759707 0.09793155771188111
7 0.2672003258885615 0.6362921971822604 0.0766636858759707 0.09793155771188111
29 0.3137480434211574 0.619179108252186 0.07027731818121907 0.08990080290255768
30 0.35944632710637753 0.5981324874709463 0.0750739123370204 0.09631449400955035
31 0.40596677110002305 0.579456898540872 0.07342959172016936 0.09157243030721922
26 0.4508838047852432 0.5583829959084667 0.0718125446422686 0.08839286660488846
27 0.49665027231783904 0.5412426251272271 0.07504663879807012 0.09475199400955034
27 0.5881422970746054 0.5046181335647475 0.07342959172016936 0.0915724303072194
28 0.5439383295420095 0.5218130680483182 0.07342959172016936 0.0915724303072194
28 0.6337996704514 0.4812277627835078 0.07340231818121908 0.09000993030721922
29 0.6842127276755704 0.4619073331092606 0.06866027110331849 0.08672123920022692
29 0.7252916952081663 0.4446032712210283 0.07025004464226861 0.08833830290255769
30 0.7764860024323367 0.4253101233979465 0.07496481818121907 0.09006449400955016
31 0.8206490596565071 0.4057714389143759 0.07342959172016927 0.0915724303072194
33 0.871884277189103 0.38882204109129415 0.07819891233702023 0.09642362141421187
33 0.9222700608743232 0.36793911141704694 0.07819891233702023 0.09642362141421187