27 0.560092328125 0.10255734999999999 0.5726111359375 0.13942404375 0.6225231953125 0.12530607031250002 0.603648490625 0.08753645 0.560092328125 0.10255734999999999
21 0.6879225546875001 0.055359956249999995 0.663664715625 0.076155125 0.7039542859375 0.11367671718750001 0.727885778125 0.09280351875000001 0.6879225546875001 0.055359956249999995
8 0.777768028125 0.16598511875 0.8109893890625001 0.13845144843749999 0.7766195421875 0.10667067968749999 0.746573775 0.13504039375000002 0.777768028125 0.16598511875
33 0.562535178125 0 0.5450892609375 0.0174680484375 0.5758876796875 0.03801096875 0.6007089875 0.0060055265625 0.5885823375 0 0.562535178125 0
26 0.665819640625 0.1906214 0.694957509375 0.1638411796875 0.6604366203125001 0.1218359703125 0.6300511656250001 0.1444159265625 0.665819640625 0.1906214
16 0.33093194062500003 0.154547034375 0.37116042656250003 0.1669572546875 0.3873906359375 0.114506753125 0.3506875578125 0.10417734999999999 0.33093194062500003 0.154547034375
32 0.375174146875 0.07886760937500001 0.39082330781249996 0.11040435 0.4358668109375 0.0874818828125 0.419400415625 0.05655032812500001 0.375174146875 0.07886760937500001
17 0.7919939015625 0.1887414546875 0.7958540265625 0.2307724171875 0.8493538718750001 0.2409215515625 0.8461617328125 0.200170496875 0.7919939015625 0.1887414546875
24 0.5458659234375001 0.1762977546875 0.5829616796875 0.1643948625 0.5607514640625 0.1178958078125 0.52334851875 0.1296673625 0.5458659234375001 0.1762977546875
15 0.7404183234375 0.2732231484375 0.7405530796875001 0.3270050625 0.8062375359375 0.343919428125 0.8041205515625001 0.29022764843750004 0.7404183234375 0.2732231484375
30 0.6128269453125 0.079823034375 0.619511165625 0.11680646875 0.6689393296875 0.11068762968750001 0.6593440765625 0.0768563234375 0.6128269453125 0.079823034375
14 0.49926619843750003 0.07610176874999999 0.512831703125 0.10915019374999999 0.5597791875 0.0930264375 0.5453413859375 0.06089480625 0.49926619843750003 0.07610176874999999
19 0.49220379062499997 0.037925984375 0.5223632015625 0.0614690921875 0.5517981140625 0.0295615109375 0.5259132421875 0.0059772 0.49220379062499997 0.037925984375
9 0.57420703125 0.095367746875 0.6061189312499999 0.0798863453125 0.580752403125 0.039474684375 0.5483200234375001 0.053921762500000005 0.57420703125 0.095367746875
9 0.86966133125 0.1601225359375 0.8690312765625 0.21262970781249999 0.913681228125 0.228829053125 0.9128782515625 0.1749164171875 0.86966133125 0.1601225359375
22 0.7052514421875 0.1151598484375 0.7344993093750001 0.1425420640625 0.76596435 0.115384965625 0.736899678125 0.087269596875 0.7052514421875 0.1151598484375
22 0.676753478125 0.1890623234375 0.70649443125 0.221433634375 0.7425821515625 0.1900418890625 0.7120998578125 0.15867448125 0.676753478125 0.1890623234375
11 0.74658505 0.1383804296875 0.7211962640625 0.1616010125 0.76070134375 0.20541377343749997 0.789142809375 0.180015028125 0.74658505 0.1383804296875
11 0.6991700515625 0.1663923671875 0.728911003125 0.1424355890625 0.68786160625 0.1014367984375 0.66178284375 0.121527028125 0.6991700515625 0.1663923671875
19 0.63246306875 0.0379171140625 0.6663524484375001 0.067766496875 0.6901232953124999 0.04770973125 0.65406296875 0.0172245421875 0.63246306875 0.0379171140625
19 0.5570603125 0.2058792203125 0.5605238984375001 0.245603359375 0.617708159375 0.24646124062500002 0.6130529499999999 0.20375581406249998 0.5570603125 0.2058792203125
31 0.26503021875 0.0391157140625 0.27029322499999997 0.06977734687500001 0.32087047968750004 0.05502605625 0.31136487968750004 0.023637353125 0.26503021875 0.0391157140625
31 0.58375885625 0.1377050765625 0.5996146484375 0.1901848703125 0.6376233484375 0.17949786406249998 0.619372325 0.130741640625 0.58375885625 0.1377050765625
34 0.49270404843750004 0.1640042953125 0.4933803296875 0.221010778125 0.5363335859375 0.22079782812499998 0.533775703125 0.1651481359375 0.49270404843750004 0.1640042953125
34 0.4517779234375 0.16871655624999998 0.41986602343749996 0.193211790625 0.45125915625 0.2372527109375 0.4849978703125 0.2109078625 0.4517779234375 0.16871655624999998
39 0.44920976875 0.07149615000000001 0.44165939062500004 0.1034567734375 0.49179492187499996 0.11068183281249999 0.49715209375 0.078228384375 0.44920976875 0.07149615000000001
35 0.9098580999999999 0.277101578125 0.9277478718750001 0.33068870625 0.9873924265625 0.32757052343750004 0.9657582843749999 0.275258046875 0.9098580999999999 0.277101578125
36 0.43199799062500005 0.034585981249999995 0.43214694375 0.06331281875 0.48063371874999994 0.0631576703125 0.4779765328125 0.0326968171875 0.43199799062500005 0.034585981249999995
36 0.819649071875 0.1362266015625 0.8117939406250001 0.1805413171875 0.8536206328124999 0.1991469859375 0.8600033546875 0.15454326875 0.819649071875 0.1362266015625
38 0.7479136421875 0.0861926828125 0.77182659375 0.070346225 0.736795240625 0.033849784375000004 0.7131219843750001 0.0518439859375 0.7479136421875 0.0861926828125
38 0.7427037109375 0.20674622812500001 0.7325098453125001 0.2459319109375 0.7892078703125 0.2759607796875 0.7980611578125 0.23457563750000002 0.7427037109375 0.20674622812500001
12 0.8115593828125001 0.2498593 0.8168480703125001 0.2891149515625 0.8795470171875 0.300160928125 0.8688669156250001 0.2557032328125 0.8115593828125001 0.2498593
12 0.47520635 0.24306318125 0.46397495 0.291989765625 0.523648609375 0.30931469843750004 0.5324676562499999 0.2609630765625 0.47520635 0.24306318125
40 0.6241165640624999 0.23388203125 0.6676861765625 0.2557640765625 0.6800253078125 0.20217390625 0.6410064656250001 0.1833461609375 0.6241165640624999 0.23388203125
40 0.6257173796875 0.3132603421875 0.6730775921875 0.32198517187500003 0.6742606546875 0.2602633859375 0.627914009375 0.2526915234375 0.6257173796875 0.3132603421875
15 0.9176293390625 0.7194942734375 0.9807100859375 0.7167015984375 0.9485447953125 0.60051959375 0.8902870437500001 0.6006230265625 0.9176293390625 0.7194942734375
15 0.8541051578125 0.720054025 0.9153881953124999 0.7183413062499999 0.8881366421875001 0.59956740625 0.829878890625 0.5996708390625 0.8541051578125 0.720054025
14 0.7909165484375 0.7193847578125 0.8526789750000001 0.718536003125 0.828423603125 0.5978181828125 0.770165853125 0.5979216140625 0.7909165484375 0.7193847578125
13 0.724430428125 0.722174390625 0.788976734375 0.719609875 0.7679110125 0.595865134375 0.70727515 0.59617543125 0.724430428125 0.722174390625
12 0.6594338375000001 0.7241669859375001 0.7236120421875001 0.7233091046875 0.707937734375 0.5984844078125 0.647301871875 0.5987947046875 0.6594338375000001 0.7241669859375001
11 0.5916071406250001 0.7249670671875 0.6586086046874999 0.7229775140625 0.6460451875000001 0.596628709375 0.58565244375 0.5982349546875 0.5916071406250001 0.7249670671875
10 0.524217028125 0.7255389859375 0.5897854625 0.7248605921875 0.58332911875 0.5948247265625 0.522936375 0.5964309703125 0.524217028125 0.7255389859375
9 0.4603641234375 0.7263360249999999 0.523302765625 0.7246476421875 0.521868021875 0.5956187203125001 0.461475278125 0.5972249656249999 0.4603641234375 0.7263360249999999
15 0.3937495953125 0.725073540625 0.4580134046875 0.7231630828125 0.460287078125 0.59540273125 0.399894334375 0.5970089749999999 0.3937495953125 0.725073540625
14 0.32698097656249997 0.7254659765625 0.3920186578125 0.723759340625 0.3975419046875 0.5970485234375 0.3379726828125 0.5962758218750001 0.32698097656249997 0.7254659765625
13 0.2605736140625 0.7272121578124999 0.3254845984375 0.7261626234375 0.33530522500000004 0.5964096750000001 0.275736003125 0.595636975 0.2605736140625 0.7272121578124999
10 0.1943751265625 0.7307653671875001 0.258806721875 0.7306163015625 0.27402047500000004 0.599914209375 0.2125336984375 0.59978948125 0.1943751265625 0.7307653671875001
10 0.12590467656249998 0.732018725 0.19297291249999998 0.7314680984375 0.20998437499999997 0.602691675 0.150415153125 0.6019189734375 0.12590467656249998 0.732018725
10 0.0590453171875 0.7320582734375 0.12357792812499999 0.7321008625000001 0.1483794625 0.6039450328125 0.08725564999999999 0.6002275499999999 0.0590453171875 0.7320582734375
5 0 0.733536746875 0.058598459375 0.7318909546875 0.08642356718750001 0.602624746875 0.0240088296875 0.60270384375 0 0.684524984375 0 0.733536746875