13 0.37679031401177215 0.0692164569910413 0.11349997334499946 0.09117727171162174
14 0.40797722668681724 0.12951610215247705 0.1103022480108177 0.08478172249740999
15 0.4422164140276806 0.18342019809970114 0.11827838001272664 0.0992080955329393
16 0.4749840080362711 0.24520956865403107 0.11506247334499946 0.09125004631872757
12 0.5045993300445434 0.3048007384225727 0.11664315467854483 0.09288532092583343
13 0.540491924053134 0.3664445597626909 0.12768974267981753 0.10276974317557448
14 0.5685720180617244 0.4284522541383383 0.116643154678545 0.09288532092583349
9 0.600521999403224 0.48715301199622124 0.11666133601209036 0.09444782092583352
10 0.6231787967456782 0.5533216674967393 0.12300224267981755 0.1025514193542568
11 0.6683918467536324 0.6098413411942223 0.12454656134627218 0.10106169396136266
14 0.6941827347628593 0.6766456974805286 0.129234061346272 0.10128001778268025
15 0.7362980567711316 0.7356546703922234 0.12142156134627217 0.10091614474715094
16 0.7668037167806766 0.8045844528572121 0.12292951734563573 0.09630141935425689
6 0.7947929041215399 0.8587796472328595 0.12136701734563574 0.09622864474715129