25 0.89921875 0.6078125 0.05625 0.103125
24 0.83671875 0.6078125 0.05625 0.103125
23 0.775 0.60859375 0.05859375 0.10234375
25 0.7125 0.6109375 0.05859375 0.10546875
24 0.65078125 0.6109375 0.059375 0.109375
23 0.5875 0.61015625 0.06015625 0.10546875
21 0.52578125 0.61015625 0.059375 0.1046875
21 0.46328125 0.61171875 0.0609375 0.1078125
20 0.4 0.6125 0.0625 0.10625
19 0.33671875 0.61328125 0.0625 0.10625
18 0.27265625 0.6140625 0.0640625 0.10546875
17 0.20703125 0.61484375 0.06484375 0.109375
17 0.14296875 0.6140625 0.06328125 0.10390625
17 0.078125 0.61484375 0.05703125 0.1078125