16 0.8635783621659716 0.7498566874942332 0.09247230799670092 0.11874209172016954
16 0.8043708467265652 0.7277401797835955 0.09412573620994635 0.12189436525911965
16 0.7452315274470931 0.7079674220729577 0.09573370031656907 0.12348413879807012
15 0.6859785479010643 0.68428841436232 0.09573370031656907 0.12348413879807012
14 0.6259670504083467 0.6613770198822071 0.09568823620994635 0.12192163879807012
13 0.5659100888090064 0.6369031254020942 0.09573370031656907 0.12348413879807012
12 0.5051628054229116 0.6155405941525061 0.10046666442319178 0.12512845941492118
11 0.444370057930194 0.5926155629029181 0.1005121285298145 0.12669095941492117
13 0.3851625424907879 0.5704990551922803 0.10046666442319178 0.12512845941492118
12 0.32283002705138164 0.5483280004037419 0.1005121285298145 0.12669095941492117
11 0.26121056545204147 0.5238268323846785 0.1005121285298145 0.12669095941492117
10 0.19802860385270127 0.49929839082666494 0.1036371285298145 0.12674550649282174
9 0.1349375704666064 0.4778949492686513 0.10046666442319178 0.12512845941492118
8 0.0717101447606435 0.4518040077106377 0.09894962852981451 0.1266636858759707