33 0.9546875 0.509375 0.05859375 0.1078125
33 0.890625 0.509375 0.059375 0.10546875
32 0.828125 0.509375 0.06015625 0.1109375
31 0.7640625 0.5078125 0.059375 0.109375
30 0.7 0.50625 0.06015625 0.10859375
29 0.6359375 0.50625 0.06015625 0.10859375
29 0.57109375 0.50625 0.06171875 0.1109375
27 0.440625 0.50390625 0.06015625 0.11015625
28 0.50625 0.50546875 0.059375 0.11015625
28 0.375 0.503125 0.0625 0.10859375
28 0.31015625 0.50234375 0.06171875 0.11015625
28 0.24609375 0.5015625 0.06171875 0.1078125
26 0.17890625 0.5015625 0.0640625 0.10859375
26 0.11328125 0.50078125 0.06328125 0.10546875
26 0.04921875 0.496875 0.05546875 0.11171875