32 0.936430996286985 0.39434155154871814 0.07832838584218252 0.09662162986961631
32 0.8831869451985259 0.42103646510355447 0.08000001324684405 0.09977390340856669
32 0.828407675961232 0.4469774021973413 0.08000001324684405 0.09977390340856669
13 0.7751909067239385 0.47289106575217765 0.08167164065150559 0.10292617694751698
13 0.7213020148913064 0.4956933660764892 0.08652283175849824 0.10769549756436803
39 0.6704562775051782 0.5207848693229 0.08819445916315978 0.11084777110331831
39 0.6173486356725462 0.5435735328777365 0.08501489546082901 0.10923072402541774
39 0.5641864301375834 0.5679246964325728 0.08652283175849824 0.10769549756436803
40 0.5126958520072822 0.5891235864484589 0.089702395460829 0.10931254464226861
40 0.4603148964723194 0.61346111323382 0.089702395460829 0.10931254464226861
40 0.4095510046396874 0.636208866480231 0.08808533175849824 0.10772277110331832
9 0.3587871128070554 0.6589566197266418 0.089702395460829 0.10931254464226861
9 0.3063788754209272 0.6840753965120031 0.089702395460829 0.10931254464226861
9 0.25486101543946055 0.7060555365278891 0.089702395460829 0.10931254464226861
9 0.20412440545799404 0.7280220397743 0.08803076805616739 0.10616027110331831
7 0.15020823177419665 0.7516055900986116 0.09115576805616735 0.10621481818121907
2 0.10014374438806836 0.7766834565755472 0.07838294954451305 0.0981841298696164