7 0.12566203357027073 0.2942513601898429 0.1021897347764936 0.11195085475263547
16 0.770363916869395 0.8284538301124182 0.08962610226293624 0.10050401878308017
16 0.7119428836919077 0.7963788177551285 0.08493860226293641 0.10031301779449713
16 0.6566650312325797 0.7613061393902276 0.08178633118569749 0.09549818380210837
35 0.600574112516473 0.7316703775272295 0.08493860226293623 0.10031301779449713
35 0.5460729648776053 0.6974107826604258 0.08651928298109546 0.10350168479069151
37 0.4931297720591975 0.6639961047898165 0.08649201190385672 0.09881418479069151
37 0.43940532924078984 0.63054959342111 0.08335792154477702 0.09712435079830276
41 0.38489054606330264 0.5986337485543063 0.07707156010845857 0.09061968281352506
41 0.33039394360397456 0.5635929036875027 0.07551815046753826 0.09211851581733085
38 0.2782229104264873 0.5317725593149906 0.07078519867214013 0.08411501482874754
38 0.22763255796715928 0.4968908819386728 0.07079428903121973 0.08567751482874755
38 0.17077856996921184 0.4640982865775774 0.07238406010845858 0.0904286818249421
8 0.1154552657144857 0.43683810821267655 0.08494769262201593 0.10187551779449713