22 0.844364088643702 0.953654781230141 0.09249914976444425 0.07599997334499946
22 0.7890224777577297 0.9378757872374589 0.09964726842611107 0.10417951734563573
33 0.7303802096144427 0.9111865652450948 0.10331907257314796 0.11046588001272681
33 0.6728219878424984 0.8790104119191856 0.10148317049962934 0.10732269867918127
33 0.612480518662452 0.850776871260367 0.0966589694628702 0.10570565467854473
11 0.5513577994824057 0.8225524212683212 0.10148317049962934 0.10732269867918127
11 0.49641672978398 0.7934739959420936 0.09624886635259244 0.101018154678545
11 0.4384190106039337 0.7652131832829568 0.0982214694628702 0.10572383601209037
40 0.3774329924606467 0.738551233290911 0.0942762632423146 0.09631247334499946
40 0.32021652328060046 0.7102813299650016 0.10120976842611089 0.10419769867918127
40 0.26089074995351724 0.6757796079726376 0.09951056738935167 0.10261701734563573
27 0.20333252818157285 0.6436034546467282 0.09693237153638867 0.108830654678545
27 0.1437723090015266 0.615360823321137 0.09863157257314792 0.11041133601209037
27 0.08862618774796185 0.5839386479949094 0.08429567049962942 0.10712270401018138
5 0.05854841701277671 0.5530068213319546 0.02988157257314794 0.1096113573360908