5 0.19161792344326362 0.32076582640560813 0.07118662860909733 0.10668792069139794
0 0.1134201882609025 0.3261640317367422 0.07267639342673622 0.10360838479802066
25 0.6452851712590622 0.45199882521847395 0.07740026101791671 0.10530727711788863
25 0.5632721050546523 0.4536044408161647 0.07892639342673605 0.10379024122451135
21 0.9197799442448261 0.2644460347727501 0.07249455547083343 0.09579588479802066
21 0.8477776576756941 0.27200613367739346 0.06777068787965276 0.09409699247815259
21 0.7742492386977429 0.27804919668865946 0.06773432028847211 0.0925344924781526
20 0.7022651359242011 0.28482804559330277 0.07096842306201409 0.09731292069139794
20 0.6279736507418401 0.29011259065788014 0.06955139342673622 0.10351745658477532
20 0.5559713641727081 0.29767268956252346 0.07271276101791671 0.10517088479802066
20 0.48482306278593723 0.3020850564138554 0.07278549620027785 0.10829588479802066
10 0.48661868607670106 0.45973843204067605 0.07449346656499997 0.11459134890464337
10 0.4076397008943399 0.4651593694251215 0.07442073138263901 0.1114663489046432
10 0.32631696571197877 0.4706485029695009 0.06500936379145843 0.10963106426490725
16 0.40824237899034693 0.30509404763836684 0.06639002583555569 0.10186402837152997
16 0.3347321438079859 0.31035586064963283 0.06326502583555564 0.10177310015828453
16 0.26129464380798584 0.31249267366089883 0.06490026101791671 0.10494356426490725