5 0.12421875 0.51953125 0.04453125 0.08515625
6 0.17421875 0.51640625 0.0453125 0.084375
7 0.22578125 0.5171875 0.0453125 0.08515625
29 0.27578125 0.51875 0.03984375 0.07890625
30 0.32734375 0.5171875 0.04375 0.0828125
31 0.378125 0.51796875 0.04296875 0.07890625
26 0.42890625 0.515625 0.04296875 0.07578125
27 0.47890625 0.5171875 0.04296875 0.08046875
27 0.57890625 0.51796875 0.04296875 0.078125
28 0.53046875 0.5171875 0.04296875 0.078125
28 0.63125 0.5140625 0.04375 0.0765625
29 0.68671875 0.515625 0.040625 0.07578125
29 0.73203125 0.515625 0.03984375 0.0765625
30 0.7875 0.51640625 0.046875 0.07421875
31 0.83671875 0.515625 0.04453125 0.078125
33 0.89140625 0.51953125 0.04609375 0.08046875
33 0.946875 0.51953125 0.04609375 0.08046875