16 0.86015625 0.5984375 0.09296875 0.15859375
16 0.76875 0.6 0.090625 0.16015625
16 0.675 0.6015625 0.09609375 0.165625
15 0.57890625 0.60234375 0.09453125 0.165625
14 0.48359375 0.6015625 0.09453125 0.16328125
13 0.38828125 0.60234375 0.09375 0.16484375
12 0.29140625 0.6046875 0.0953125 0.16484375
11 0.19296875 0.60703125 0.09375 0.1609375
11 0.67421875 0.4375 0.09375 0.159375
11 0.5796875 0.4375 0.09296875 0.1578125
10 0.09375 0.60703125 0.09296875 0.1609375
10 0.484375 0.4390625 0.09375 0.159375
9 0.3890625 0.43828125 0.09453125 0.15859375
8 0.29375 0.43828125 0.09296875 0.1625