28 0.6250844009879427 0.6040572494189224 0.0877579495445131 0.10277507475773362
28 0.47014887512722703 0.5191855866619031 0.08619544954451293 0.1026658141140718
27 0.5726215998994835 0.5746703981780851 0.08301588584218215 0.10088479282674853
27 0.41695938774109875 0.49130660509923507 0.08942957694917482 0.10600933540139543
26 0.5210218943645207 0.5476819272590786 0.08942957694917482 0.10600933540139543
26 0.3637971822061359 0.464208873536567 0.09110120435383653 0.10924359604505725
34 0.7823091131463275 0.6875303031414342 0.09422620435383652 0.10946211733238069
34 0.31206106741534595 0.43331415261756057 0.08781251324684396 0.10433757475773367
33 0.7314088120578683 0.6582527125442585 0.08619544954451293 0.10266581411407198
33 0.2596801118803831 0.40627105137672326 0.08312501324684388 0.10400979282674853
32 0.8871528697697494 0.7439602556231086 0.08139882213985139 0.09921303218308672
32 0.8378696323836212 0.7163544256695948 0.07660219473518959 0.09576025025210164
32 0.6782193246717401 0.6303737309815904 0.08619544954451311 0.10266581411407198
32 0.20802584264308938 0.3777200804577169 0.0926637043538365 0.10935285668871889
2 0.1555903234057957 0.3491144792168796 0.08630457694917477 0.1057908141140719