24 0.45872260610764115 0.69453125 0.13606817599857096 0.1359375
25 0.3892895450956624 0.740625 0.13930243664223269 0.1375
18 0.8914758499034547 0.43671875 0.1394116972858946 0.1390625
23 0.5314991884069435 0.6515625 0.13450567599857094 0.1359375
28 0.7556204773752941 0.38203125 0.1394116972858946 0.1390625
22 0.6012054010280767 0.609375 0.13439641535490915 0.134375
29 0.6821172753978229 0.42578125 0.13952095792955604 0.140625
27 0.8267252990309348 0.3375 0.14286447921687967 0.14375
9 0.942033770744683 0.534375 0.11593245851063401 0.1390625
38 0.2553194646379455 0.5453125 0.14631726114786484 0.1484375
20 0.7469224565921738 0.52578125 0.13941169728589423 0.1390625
30 0.6093953234203514 0.46953125 0.13617743664223275 0.1375
3 0.32698701500626265 0.49765625 0.14119271857321786 0.1421875
13 0.6665733109351042 0.70625 0.13773993664223277 0.1375
31 0.4677484088217468 0.55546875 0.13617743664223275 0.1375
33 0.3950264568442754 0.59921875 0.1378491972858944 0.1390625
26 0.9002285010084062 0.29375 0.14119271857321786 0.1421875
32 0.5388532304773873 0.5109375 0.1394116972858944 0.1390625
39 0.3789743939907112 0.88359375 0.13595891535490914 0.134375
19 0.8193712569604908 0.478125 0.13773993664223277 0.1375
34 0.3239216351886348 0.64375 0.1394116972858944 0.1390625
10 0.8826685684766729 0.57890625 0.13773993664223277 0.1375
14 0.5915622392794637 0.75078125 0.13606817599857096 0.1359375
37 0.118191169213307 0.48359375 0.12949039406758572 0.13125
15 0.524418297945654 0.79609375 0.13930243664223277 0.1375
17 0.9463554659753278 0.38984375 0.10728906804934439 0.1390625
35 0.1863398716949815 0.58671875 0.14130197921687962 0.14375
36 0.18929599086894755 0.4390625 0.13283391535490924 0.134375
8 0.9779768065725033 0.4890625 0.04404638685499336 0.1375
16 0.44929796564635166 0.8390625 0.1375214153549092 0.134375
11 0.8097827255337087 0.6203125 0.13773993664223277 0.1375
2 0.3997635973055649 0.4546875 0.13973947921687957 0.14375
21 0.6740366136492099 0.5671875 0.13450567599857094 0.1359375
0 0.5459341209386769 0.36640625 0.13973947921687965 0.14375
1 0.4739934189612054 0.41015625 0.13963021857321783 0.1421875
41 0.3133333324745292 0.7828125 0.1342871547112475 0.1328125
40 0.24958255288933257 0.68671875 0.1326153940675857 0.13125
12 0.7355529038780683 0.66484375 0.13105289406758586 0.13125