25 0.2328125 0.26484375 0.0828125 0.11640625
25 0.7203125 0.4015625 0.0859375 0.11640625
25 0.24140625 0.52578125 0.08203125 0.109375
9 0.328125 0.26640625 0.071875 0.1125
8 0.4234375 0.26796875 0.0734375 0.109375
8 0.51875 0.2625 0.078125 0.1125
8 0.61484375 0.2671875 0.075 0.1109375
8 0.33828125 0.52890625 0.071875 0.10625
9 0.43046875 0.4015625 0.0765625 0.11328125
9 0.52734375 0.39609375 0.07578125 0.11171875
9 0.6234375 0.39921875 0.07265625 0.109375
10 0.334375 0.39765625 0.078125 0.11171875
10 0.43359375 0.53046875 0.07578125 0.1078125
10 0.52734375 0.52578125 0.075 0.1109375
10 0.62265625 0.52734375 0.08125 0.1140625
11 0.3359375 0.6578125 0.075 0.10859375
11 0.43046875 0.6609375 0.07265625 0.11171875
11 0.525 0.65546875 0.07109375 0.1078125
11 0.61875 0.65859375 0.0703125 0.1109375
20 0.7125 0.26640625 0.0765625 0.1078125
20 0.23671875 0.3953125 0.07578125 0.1125
20 0.71796875 0.53125 0.07421875 0.10703125
20 0.240625 0.65546875 0.08046875 0.11171875
25 0.7203125 0.66484375 0.0859375 0.1140625