41 0.284375 0.13515625 0.0515625 0.125
37 0.34609375 0.134375 0.04921875 0.12421875
39 0.40546875 0.1296875 0.05078125 0.12109375
15 0.46328125 0.128125 0.05078125 0.1265625
34 0.52265625 0.12890625 0.05 0.12578125
31 0.58203125 0.12734375 0.05 0.12421875
17 0.2828125 0.278125 0.05078125 0.1328125
13 0.34453125 0.275 0.05078125 0.12734375
39 0.403125 0.27421875 0.05 0.12890625
9 0.4640625 0.2671875 0.0515625 0.12578125
9 0.52265625 0.26796875 0.05 0.12421875
40 0.58125 0.26796875 0.0484375 0.1265625
10 0.28046875 0.42265625 0.0515625 0.12578125
10 0.340625 0.42109375 0.05078125 0.1265625
17 0.40234375 0.41875 0.053125 0.13203125
27 0.46171875 0.41484375 0.0515625 0.13203125
33 0.51953125 0.41484375 0.0515625 0.1296875
8 0.12890625 0.7296875 0.05078125 0.13359375
8 0.190625 0.73046875 0.04921875 0.13203125
11 0.25078125 0.7296875 0.0484375 0.1359375
12 0.3125 0.73203125 0.04765625 0.12890625
13 0.37265625 0.7359375 0.0515625 0.12890625
18 0.434375 0.7375 0.04921875 0.1296875
20 0.49296875 0.7390625 0.04765625 0.12734375
20 0.55234375 0.7359375 0.04765625 0.1296875
30 0.61171875 0.73203125 0.0484375 0.13046875
31 0.67109375 0.7375 0.05078125 0.1328125
32 0.7296875 0.73125 0.04921875 0.12734375
35 0.7875 0.73515625 0.04765625 0.12890625
36 0.8453125 0.728125 0.05 0.1234375
18 0.9577546296874999 0.6563786015625 0.9166666671874999 0.661522634375 0.922453703125 0.780864196875 0.9635416671874999 0.7736625515625 0.9577546296874999 0.6563786015625