29 0.06218187782710477 0.363861171827743 0.12436375565420954 0.17325827488562515
26 0.1262261488022331 0.3310291816113888 0.13894074852966196 0.1795810100679862
10 0.19299424694778228 0.2928011765773957 0.1371325870642727 0.17485714247680573
8 0.26169665931768266 0.26233112015663174 0.13713258706427267 0.17485714247680564
39 0.4044031377209567 0.18956315454156214 0.13219942559888342 0.170060539703264
12 0.4733102679786814 0.15518684812079822 0.1321175384437538 0.168498039703264
33 0.5392971161242306 0.11697702688239538 0.1354881999091429 0.17325827488562512
9 0.6049154720716959 0.08579845564399255 0.1305550384437538 0.16846167211208346
36 0.12861308514370876 0.5237069908819443 0.1288287641334942 0.16530030452090294
27 0.19690273971169303 0.4862238682567706 0.13392569990914294 0.1732219072944446
23 0.2641245392367232 0.4542276794271872 0.13540631275401316 0.17169577488562507
8 0.5438640281554468 0.31272528476618006 0.13063692559888337 0.17002417211208343
29 0.6105092955683012 0.27684102973218694 0.13696881275401313 0.1717321424768057
35 0.6801157886708963 0.24400903951583275 0.13392569990914288 0.1732219072944446
31 0.211137900838398 0.7059363030022915 0.135488199909143 0.17325827488562523
29 0.2761797246736877 0.6708696655594789 0.13219942559888348 0.1700605397032639
21 0.34438749208654224 0.6349490429343053 0.12891065128862406 0.16686280452090294
31 0.623263843850136 0.49502733206888827 0.13713258706427264 0.17485714247680556
25 0.6922528612629906 0.45908852564812436 0.1321175384437538 0.16849803970326396
15 0.7586934107880208 0.42711052061413124 0.1322813127540133 0.17162303970326395
25 0.28070569312733895 0.8673991734432637 0.13713258706427264 0.17485714247680556
16 0.4161762036427886 0.7987011119885066 0.13721447421940244 0.17641964247680555
17 0.48598741463320794 0.7619628717721524 0.1373782485296619 0.17954464247680554
36 0.34883157338506376 0.8330410508180899 0.12899253844375372 0.16842530452090293
34 0.6281173609243063 0.685306839952673 0.1337619255988834 0.17009690729444457
9 0.6953391604493364 0.6533106511230896 0.13721447421940242 0.17641964247680555
40 0.7642053471294964 0.6197155947023256 0.13228131275401314 0.17162303970326392
40 0.8298646466545264 0.5877557734639229 0.1257037641334943 0.1652275693385418