39 0.049143068301445866 0.5734206226251737 0.09828613660289173 0.15934124525034737
36 0.07382064020918797 0.5139917244487848 0.14764128041837593 0.15530836189159736
19 0.1136815436599277 0.4557259359797918 0.18490986758448216 0.16809930262104178
31 0.16409108908456624 0.3950800299196182 0.1815663462971587 0.16490156743868073
8 0.21813373290005042 0.33843129283739604 0.17655106436617354 0.160104964665139
15 0.27144975703736546 0.2809831219595836 0.17655106436617346 0.160104964665139
12 0.3240391614965114 0.22273551728618085 0.17655106436617346 0.16010496466513902
33 0.37333967499016474 0.166758927430417 0.17978532500983527 0.16174019984750015
16 0.42883555816198726 0.11170905793937536 0.16495800050420312 0.15047539152687514
18 0.1430037848578514 0.6966425299196183 0.1797853250098352 0.16174019984750015
31 0.1940853196388282 0.6375773076550348 0.17320754307885 0.15690722948277802
12 0.24600273474163586 0.5777490191860419 0.17978532500983527 0.16174019984750015
30 0.29848287855712 0.5210639145126391 0.17989458565349697 0.16330269984750015
25 0.35274404365992773 0.461290177430417 0.17655106436617346 0.160104964665139
32 0.40298969811907365 0.40298802137024337 0.1798945856534969 0.16330269984750015
20 0.4563057222563887 0.34553985049243097 0.17822282500983527 0.16170383225631957
37 0.5080592463937037 0.288055312023438 0.17477004307885 0.1569435970739585
20 0.560539390209188 0.23137020735003522 0.16997328243518836 0.15527199430041677
11 0.27666895465223607 0.821826980717049 0.17477004307885 0.1569435970739584
29 0.3247893803987054 0.7603452732701046 0.1815663462971587 0.16490156743868062
27 0.3797225348578514 0.7021522199834725 0.17989458565349697 0.16330269984750015
40 0.43158531963882824 0.6431051815144796 0.1815663462971587 0.16490156743868062
27 0.4849013437761432 0.5856570106366672 0.1848006069408204 0.16653680262104195
16 0.5382173679134583 0.5282088397588547 0.17655106436617346 0.160104964665139
38 0.5876817723726042 0.46988849990309073 0.1831288462971587 0.16493793502986126
16 0.6385994161880884 0.41316702763850743 0.17487930372251165 0.15850609707395838
39 0.6933686796817418 0.3573177243518756 0.17320754307885017 0.15690722948277794
8 0.40848204734309856 0.9334703826931599 0.17244271857321786 0.13305923461368038
9 0.46147028954942837 0.8871649592498961 0.17978532500983527 0.16174019984750032
35 0.5126610849740669 0.8265372369853129 0.17978532500983527 0.16174019984750024
24 0.5652504894332129 0.7682896323119103 0.17989458565349709 0.16330269984749995
14 0.6171679045360206 0.7084613438429173 0.17822282500983527 0.16170383225631965
30 0.6697026786733355 0.6509949891695145 0.18480060694082034 0.16653680262104179
21 0.7222374528106507 0.5935286344961117 0.17811356436617345 0.16014133225631966
17 0.7779518572697965 0.53535376500507 0.1815663462971587 0.16490156743868062
13 0.8265803814071117 0.47779649135371594 0.17487930372251165 0.15850609707395852