16 0.1046875 0.23515625 0.08515625 0.12109375
13 0.203125 0.2328125 0.07734375 0.11875
40 0.30390625 0.23125 0.0875 0.1171875
12 0.403125 0.23046875 0.084375 0.11953125
39 0.5015625 0.22890625 0.084375 0.11953125
31 0.6 0.22734375 0.0875 0.12109375
34 0.6984375 0.2265625 0.08046875 0.11953125
39 0.79765625 0.2265625 0.08046875 0.1125
23 0.896875 0.22421875 0.0828125 0.12109375
19 0.896875 0.36171875 0.08046875 0.11953125
38 0.796875 0.3609375 0.08046875 0.1140625
27 0.7 0.3640625 0.0828125 0.121875
8 0.60234375 0.36640625 0.07578125 0.11171875
30 0.50234375 0.3640625 0.084375 0.11875
41 0.40078125 0.36640625 0.0796875 0.1171875
10 0.30546875 0.365625 0.084375 0.1140625
33 0.2078125 0.36796875 0.0859375 0.11875
21 0.10859375 0.3703125 0.08203125 0.11640625
23 0.1125 0.50703125 0.08515625 0.11875
27 0.209375 0.503125 0.08359375 0.1203125
17 0.30625 0.503125 0.08671875 0.11796875
28 0.40625 0.50078125 0.0875 0.11640625
41 0.50234375 0.50078125 0.0828125 0.11796875
15 0.60078125 0.49765625 0.0859375 0.115625
35 0.7 0.496875 0.0828125 0.11640625
26 0.79765625 0.49765625 0.0875 0.1203125
14 0.8953125 0.5 0.0796875 0.11953125
31 0.11640625 0.63671875 0.084375 0.11875
8 0.2125 0.634375 0.08671875 0.11640625
8 0.3109375 0.63515625 0.0796875 0.11015625
25 0.40859375 0.6359375 0.08671875 0.11328125
29 0.50625 0.6328125 0.08125 0.11796875
38 0.603125 0.63125 0.07578125 0.1125
37 0.70078125 0.63203125 0.0796875 0.103125
11 0.7984375 0.63046875 0.0796875 0.1109375
39 0.8953125 0.63125 0.07109375 0.10703125