29 0.38420172998886415 0.0658662601767653 0.13435791335136288 0.1317325203535306
19 0.44831822664704635 0.12094774932263146 0.13119655068427197 0.1364841338757694
34 0.5147784733052285 0.17992660165205213 0.13435791335136288 0.13977290818602892
37 0.5835824699634108 0.23878262324877814 0.13119655068427197 0.1364841338757694
21 0.6492341946212749 0.30014616915576375 0.13121473201781733 0.1380466338757694
33 0.7164484192791388 0.36142782790761946 0.13911813868554468 0.14626856965141818
35 0.7836535532702301 0.42349073665947534 0.13277723201781733 0.13812852103089918
19 0.8508586872613215 0.4855536454113311 0.13435791335136288 0.13977290818602892
13 0.9180638212524128 0.5476165541631869 0.12963405068427178 0.13640224672063966
28 0.2941210753103192 0.154013634102912 0.13121473201781733 0.1380466338757694
39 0.3613262093014106 0.21607654285476782 0.12647268801718106 0.13311347241038013
27 0.4262239559595928 0.2751372823393182 0.13277723201781733 0.13812852103089918
16 0.49579102128422947 0.33551486035847944 0.13435791335136288 0.13977290818602892
20 0.557554677275639 0.39552062415328926 0.13121473201781733 0.1380466338757694
11 0.6247779926002759 0.4560210329051452 0.1280533693507266 0.1347578595655099
21 0.6911836952578216 0.5196873852345658 0.13435791335136288 0.13977290818602892
29 0.7591882605824585 0.5801468504088567 0.12961586935072641 0.13483974672063964
40 0.8247854412396862 0.6461978963158422 0.1296158693507265 0.13483974672063964
34 0.2063387172979107 0.24996462121261326 0.13435791335136285 0.13977290818602892
10 0.2712546452896384 0.30746286069716366 0.12487382535009015 0.1299065852552504
28 0.3368700072804115 0.37195140660414927 0.13753745735199913 0.14462418249628844
27 0.404102413271821 0.431670565356005 0.13753745735199913 0.14462418249628844
19 0.4690001599300032 0.49073130484055544 0.12961586935072641 0.13483974672063964
24 0.5346427939210946 0.552876100747541 0.12489200668363551 0.1314690852552504
34 0.6002672465786404 0.6165833966545265 0.1359567760184536 0.14297979534115868
12 0.6690530619032773 0.6770019182512526 0.1375192760184536 0.14306168249628842
22 0.7354314925605049 0.7430120205806732 0.13437609468490805 0.1413354081860291
40 0.11702113128582037 0.34365374547744426 0.126472688017181 0.13311347241038013
22 0.18345410594368441 0.4049763478068649 0.12647268801718106 0.13311347241038013
41 0.24912401193509393 0.46477739371385046 0.12963405068427195 0.13640224672063966
37 0.3147484645926398 0.528484689620836 0.13435791335136277 0.13977290818602892
19 0.37883768925050376 0.5899301226829513 0.13435791335136277 0.13977290818602892
24 0.4460700952419133 0.649649281434807 0.13121473201781733 0.1380466338757694
41 0.507761025899141 0.715905045229617 0.1296158693507266 0.13483974672063964
23 0.5796809318905505 0.7753785425160836 0.14068063868554467 0.14635045680654796
39 0.6452872032145509 0.840648338423069 0.13121473201781733 0.13804663387576932