13 0.1203125 0.27578125 0.0734375 0.1109375
22 0.209375 0.2734375 0.0703125 0.1078125
23 0.3 0.27421875 0.0796875 0.11171875
17 0.390625 0.27265625 0.07578125 0.10859375
38 0.48125 0.2703125 0.075 0.10546875
11 0.571875 0.26953125 0.07578125 0.10703125
26 0.6640625 0.26875 0.07578125 0.11484375
39 0.7546875 0.26875 0.07265625 0.10625
28 0.84453125 0.26796875 0.0765625 0.11015625
19 0.12109375 0.40078125 0.0765625 0.10546875
34 0.2109375 0.3984375 0.07421875 0.1078125
13 0.303125 0.39765625 0.07109375 0.10546875
29 0.38984375 0.3953125 0.06953125 0.109375
14 0.48359375 0.3953125 0.0703125 0.1140625
8 0.5734375 0.396875 0.07578125 0.1109375
38 0.665625 0.39453125 0.0703125 0.1046875
35 0.7546875 0.39296875 0.0734375 0.10703125
41 0.8453125 0.390625 0.06796875 0.109375
9 0.12421875 0.52421875 0.07578125 0.10390625
33 0.8484375 0.5171875 0.07734375 0.10859375
30 0.7578125 0.51640625 0.078125 0.1125
14 0.665625 0.5171875 0.07578125 0.11171875
37 0.57421875 0.51796875 0.07265625 0.10625
12 0.48515625 0.51875 0.07265625 0.10703125
20 0.39375 0.5203125 0.07421875 0.10703125
33 0.30390625 0.521875 0.078125 0.11015625
11 0.2125 0.52109375 0.07265625 0.10625
13 0.125 0.64921875 0.06875 0.11015625
19 0.21328125 0.6453125 0.07265625 0.10625
37 0.303125 0.64453125 0.07578125 0.103125
36 0.39375 0.64375 0.07109375 0.103125
32 0.48515625 0.64375 0.07734375 0.1078125
26 0.575 0.64296875 0.078125 0.11328125
41 0.6640625 0.64140625 0.07109375 0.10859375
37 0.7578125 0.6390625 0.07265625 0.1015625
35 0.85 0.63984375 0.07265625 0.10234375