10 0.32591253707186907 0.1609352301504051 0.10933519072219058 0.11893839867609239
27 0.3978803789729232 0.19828537283064152 0.11421369171077381 0.12384422249740998
14 0.4675363043720746 0.2365259274215367 0.11102502471457942 0.12213617328319833
39 0.5355978962731287 0.2740580066195378 0.10452035672980173 0.1155950748547749
39 0.6053174886684746 0.313861061210433 0.10764535672980173 0.11574062406898662
39 0.6765040805695287 0.35124759119422233 0.10933519072219049 0.11893839867609249
29 0.7477861729648745 0.3909778711780117 0.11415002471457943 0.12228172249741007
17 0.816692681862123 0.43003606307245973 0.11252385771838505 0.12064644789030407
9 0.8911634412536632 0.47118329384203744 0.10933519072219049 0.11893839867609249
34 0.2735143903416297 0.25808636600621593 0.1077090237259962 0.11730312406898662
23 0.3431703157407811 0.2963269205971112 0.11421369171077381 0.12384422249741008
22 0.4127307406456409 0.33222372518800636 0.10601918973360736 0.11410534946188075
32 0.48241849954288946 0.3712455297789016 0.11415002471457943 0.12228172249740998
11 0.552887508440138 0.41023094706624386 0.1092715237259961 0.11737589867609236
36 0.6217621838392894 0.44850788896069194 0.10933519072219049 0.11893839867609249
41 0.690668692736538 0.4875660808551401 0.10608285672980174 0.11566784946188076
8 0.7643582021280781 0.5287496989282706 0.11096135771838486 0.12057367328319835
41 0.833918627032938 0.5646465035191659 0.10777269072219049 0.11886562406898663
12 0.22177015961900165 0.3520761145584739 0.11265119171077372 0.12377144789030411
12 0.2930204185162502 0.3910251445422632 0.11258752471457933 0.12220894789030412
25 0.3611138439154016 0.42933847374026435 0.1157761917107738 0.1239169971045158
16 0.43148735231835855 0.46598014102760654 0.11102502471457928 0.12213617328319834
18 0.4996762782118015 0.5066372202256076 0.10614652372599612 0.11723034946188075
20 0.5708628701128557 0.544023750209397 0.11252385771838505 0.12064644789030421
31 0.6413637125082015 0.5837904174967392 0.11415002471457943 0.12228172249741007
36 0.71105147140545 0.6228122220876344 0.10601918973360736 0.11410534946188075
29 0.7832103142950875 0.6648498647678709 0.11102502471457924 0.12213617328319834
39 0.16855892939066514 0.44848238771783766 0.10933519072219058 0.11893839867609249
27 0.2381830212917193 0.48594169230873285 0.10621019072219058 0.11879284946188076
15 0.3078071131927735 0.523400996899628 0.11102502471457942 0.12213617328319834
31 0.37755853908621645 0.5639853014905233 0.11421369171077381 0.12384422249741008
32 0.447246297983465 0.6030071060814185 0.11415002471457943 0.12228172249741007
23 0.5169658903788108 0.6428101606723138 0.11421369171077381 0.12384422249741008
37 0.5858723992760593 0.6818683525667618 0.1157761917107738 0.12391699710451576
22 0.6579357416714051 0.7215622452469983 0.11096135771838504 0.12057367328319835
14 0.7284684175648481 0.7621101625343405 0.11102502471457924 0.12213617328319834