32 0.8893599236978108 0.48888186236975617 0.1179159772718286 0.1339412017473613
22 0.828925209818663 0.3847768970390271 0.11317393019392777 0.13070709897381957
19 0.7684768591700398 0.27989068170829795 0.11468188311602727 0.12761846656500014
24 0.709618282060367 0.17653059878638827 0.11629893019392785 0.13077983415618064
37 0.8142605121715694 0.5297081905420132 0.11627165665497756 0.12921733415618064
33 0.751522958600847 0.4280015265980549 0.11945120373287832 0.1324150693385418
38 0.6911018814911741 0.3246778112673258 0.1130921095770768 0.12601959897381948
25 0.6338467146899269 0.22362511075423558 0.11788870373287814 0.13237870174736122
8 0.7361724683400795 0.5784197538966314 0.11629893019392785 0.13077983415618064
24 0.6757104809219813 0.47275228856590223 0.1131193831160271 0.1275820989738195
39 0.6175649699649326 0.3654677718484023 0.11150233603812651 0.12442073138263901
32 0.5587882134721108 0.2667951889264926 0.11470915665497756 0.12918096656500017
41 0.6595514671222635 0.6216261996600689 0.11629893019392785 0.13077983415618064
10 0.5967593664736405 0.5167945357161106 0.1179432508107789 0.13550370174736132
31 0.5386547658250173 0.41185376899861065 0.1226034772718286 0.13405030452090294
37 0.48138596225429486 0.3100198184855204 0.11629893019392785 0.13077983415618064
22 0.5829577394433979 0.6663951454235064 0.11473643019392803 0.13074346656500016
28 0.5232497284863493 0.5591469962971871 0.12424779788867965 0.1387741721120836
17 0.4628559249156268 0.45738578096645793 0.11939665665497756 0.12929006933854179
40 0.40627291395857823 0.35006489665777746 0.11788870373287814 0.13237870174736122
16 0.5071588985340074 0.7119271573913537 0.11788870373287814 0.13237870174736113
33 0.4451480478853843 0.6070773096518052 0.11947847727182861 0.1339775693385418
32 0.3854264001588605 0.4990479105254858 0.12101370373287823 0.13245143692972228
16 0.3249644127407622 0.3933804451947567 0.11627165665497756 0.12921733415618064
12 0.43059244439409206 0.7582586031547913 0.11947847727182856 0.1339775693385416
29 0.36697818343704347 0.6511013730064233 0.11947847727182861 0.1339775693385418
33 0.3072565357105197 0.543071973880104 0.1226034772718286 0.13405030452090294
14 0.2460405718313717 0.43898519234496514 0.11788870373287823 0.13237870174736127
29 0.3485436034847016 0.8039360854873607 0.11317393019392785 0.1307070989738194
31 0.284929342527653 0.6967788553389929 0.11947847727182861 0.1339775693385418
29 0.22679746834007952 0.5902755886214929 0.11632620373287823 0.13234233415618063
13 0.16629457061355574 0.48226437329076377 0.11632620373287823 0.13234233415618063
13 0.26802998903636077 0.8480147002287499 0.11632620373287823 0.13234233415618063
26 0.206745841309837 0.740021668693611 0.12586484496658024 0.14193553970326392
36 0.1470241935833132 0.6319922695672915 0.11788870373287823 0.1323787017473613
21 0.08499970616521492 0.526361171827743 0.11629893019392787 0.13077983415618064