23 0.271875 0.8765625 0.11640625 0.0796875
10 0.3984375 0.871875 0.11171875 0.075
31 0.52421875 0.8703125 0.1140625 0.078125
37 0.64765625 0.86953125 0.1125 0.075
34 0.26875 0.7828125 0.1140625 0.07578125
15 0.39609375 0.7796875 0.1078125 0.0796875
33 0.5234375 0.77890625 0.11171875 0.078125
38 0.64765625 0.7765625 0.1078125 0.075
11 0.26640625 0.6921875 0.1140625 0.0796875
39 0.3953125 0.68828125 0.11171875 0.0734375
38 0.521875 0.6859375 0.109375 0.08046875
39 0.64609375 0.68515625 0.109375 0.07578125
36 0.2671875 0.59765625 0.1125 0.08203125
35 0.396875 0.59609375 0.1140625 0.07578125
24 0.52265625 0.59453125 0.1125 0.07734375
13 0.64375 0.5953125 0.11171875 0.078125
30 0.2640625 0.50390625 0.11875 0.0796875
10 0.39453125 0.503125 0.11953125 0.078125
15 0.51953125 0.5015625 0.11171875 0.08046875
19 0.64609375 0.50078125 0.11171875 0.0828125
21 0.26484375 0.4125 0.11484375 0.0796875
35 0.3921875 0.41171875 0.11015625 0.08046875
24 0.5203125 0.4078125 0.1125 0.075
21 0.64609375 0.40859375 0.11015625 0.078125
20 0.26171875 0.3171875 0.11171875 0.08203125
27 0.39375 0.31796875 0.1171875 0.08203125
27 0.51875 0.3171875 0.1171875 0.08203125
12 0.64375 0.31640625 0.1140625 0.0828125
40 0.26484375 0.22421875 0.11484375 0.078125
14 0.39296875 0.22734375 0.11640625 0.07734375
39 0.51875 0.2234375 0.1125 0.0734375
8 0.64375 0.22265625 0.10703125 0.07734375
9 0.2609375 0.12578125 0.11015625 0.07265625
9 0.38984375 0.1296875 0.11015625 0.0734375
38 0.51953125 0.12578125 0.109375 0.06796875
16 0.64453125 0.1296875 0.11015625 0.0703125