41 0.49687525787590775 0.09120194233250332 0.11878143515657005 0.137512023356965
37 0.5475131156020343 0.12321647195767449 0.11865388939893542 0.13594952335696497
39 0.5984698377222472 0.15132475158284564 0.11683629788366652 0.1327790592503423
15 0.6468914912060083 0.1817085850480828 0.11878143515657005 0.13751202335696502
34 0.6951218260533176 0.2144361685133199 0.11865388939893542 0.13594952335696497
31 0.7443247295370787 0.2448427340318684 0.11865388939893542 0.13594952335696497
17 0.4119904616592313 0.21011341521461463 0.12228907242947362 0.1422904515702104
13 0.46425459226417515 0.24139215894640845 0.12047148091420468 0.1391199874635877
39 0.5126762457479362 0.27177599241164563 0.12047148091420468 0.1391199874635877
9 0.5660404907469664 0.2991712181967508 0.11878143515657005 0.13751202335696497
9 0.613553348473093 0.3310948196086766 0.11865388939893542 0.13594952335696497
40 0.6610662061992194 0.3630184210206024 0.11709138939893542 0.13590405925034227
10 0.3254156196849203 0.33054192399010324 0.11878143515657005 0.13751202335696497
10 0.37533600028986414 0.36175247156196305 0.11878143515657005 0.13751202335696497
17 0.42681888089480785 0.39300848324044557 0.1239791181871082 0.14389841567683312
27 0.47771183013620355 0.4218980128656167 0.12385157242947357 0.14233591567683307
33 0.5252884607411474 0.4530403642775426 0.12216152667183913 0.14072795157021037
8 0.042004878249390955 0.5073100463182186 0.08400975649878191 0.14389841567683312
8 0.07246673649490257 0.5416683259433898 0.1221615266718391 0.1407279515702104
11 0.12154209422102916 0.5736373914619383 0.12254416394474274 0.1454154515702104
12 0.17036236043188663 0.6087314569804867 0.11721893515657004 0.13746655925034226
13 0.21755635376392685 0.6445613083924124 0.12203398091420459 0.1391654515702104
18 0.2664403928536016 0.6788741239109609 0.12059902667183912 0.1406824874635877
20 0.31382570482209365 0.7123602253228867 0.11721893515657004 0.13746655925034226
20 0.3639374040634893 0.7412270228947466 0.11734648091420449 0.13902905925034226
30 0.4148303533048849 0.7701165525199178 0.12059902667183912 0.1406824874635877
31 0.45961682375810786 0.8066594577719094 0.12228907242947362 0.14229045157021042
32 0.5114823416359553 0.8332279694503921 0.12047148091420468 0.1391199874635877
35 0.5556151078468128 0.8681856426490725 0.11721893515657004 0.13746655925034226
36 0.6068269214822948 0.8931689222742436 0.11696384364130097 0.13434155925034225
18 0.6392301687499999 0.979203234375 0.676935021875 0.9953247875000001 0.7408299140625 0.8934255671875 0.7043287828125 0.8755711343750001 0.6392301687499999 0.979203234375