8 0.309375 0.2609375 0.09765625 0.13828125
9 0.42265625 0.25703125 0.1015625 0.13359375
10 0.53984375 0.2578125 0.09453125 0.1359375
11 0.65625 0.25703125 0.096875 0.13359375
11 0.65859375 0.57109375 0.0953125 0.14140625
11 0.32109375 0.734375 0.08984375 0.13359375
11 0.43125 0.73125 0.08984375 0.1359375
9 0.31015625 0.41953125 0.0953125 0.1296875
9 0.66015625 0.41171875 0.09765625 0.1359375
9 0.54921875 0.73046875 0.09765625 0.134375
8 0.42734375 0.41484375 0.09296875 0.13671875
8 0.5453125 0.575 0.0921875 0.1296875
8 0.665625 0.73125 0.0859375 0.128125
10 0.54296875 0.4140625 0.0921875 0.13359375
10 0.315625 0.57265625 0.09765625 0.1296875
10 0.43203125 0.57109375 0.090625 0.13671875