29 0.46535735528799843 0.07716391220864302 0.14936471662612102 0.15432782441728604
25 0.5242192708808471 0.11609615971916329 0.15094539734428025 0.16773811542376219
13 0.5823090268327754 0.16173355273292164 0.15094539734428025 0.16773811542376213
22 0.6388408279642436 0.20820675944901082 0.15251698770335978 0.169355179126093
30 0.7636322705862595 0.30230644511370774 0.15250789734428025 0.167792679126093
35 0.8201595265381879 0.347998401829797 0.15251698770335978 0.169355179126093
34 0.8766822373105765 0.3929091085458862 0.14936471662612122 0.16455855172143127
40 0.9300379997054125 0.43631187896430623 0.13992400058917517 0.16434029691210786
27 0.3520993520665446 0.21431294882672286 0.15408857806243947 0.1709722428284239
9 0.4101936531980127 0.2607315918404812 0.14936471662612102 0.16455855172143127
20 0.46593965914994107 0.3064508304077358 0.15094539734428025 0.1677381154237622
18 0.7037674329576544 0.48880942950461115 0.14780221662612086 0.16450398801910052
31 0.7602992340891226 0.5352826362207004 0.15408857806243947 0.17097224282842377
34 0.8199469448615112 0.5800842155321279 0.14623062626704134 0.16288692431676957
31 0.2209998638722054 0.3790798316736802 0.15566016842151909 0.17258930653075472
26 0.2759691650036736 0.4256076020921002 0.16037493949875795 0.17744049763774736
11 0.33561233059652223 0.46962793140352777 0.15250789734428025 0.167792679126093
19 0.5726679447633153 0.6535763123515684 0.15407948770335977 0.16940974282842375
9 0.6315434958947834 0.6999676735141614 0.15251698770335978 0.169355179126093
33 0.6872895018467118 0.745686912081416 0.15251698770335978 0.169355179126093
40 0.1030725413689108 0.5246329230508252 0.15566016842151909 0.17258930653075488
21 0.1611486617822197 0.5679265660645836 0.1588033491396783 0.1758234339354164
15 0.22158216773414807 0.6134821135248456 0.15566016842151909 0.17258930653075488
14 0.278899764045156 0.6607092883897694 0.1572317587805987 0.17420637023308566
38 0.4021196163080923 0.7533010377567971 0.1493738069852007 0.16612105172143127
25 0.4578701674395605 0.7998015263240518 0.15566016842151914 0.17258930653075488
17 0.5143974233914888 0.8454934830401409 0.15407948770335977 0.16940974282842386
34 0.5724780889843375 0.8895683760538994 0.15094539734428025 0.1677381154237622