8 0.3265625 0.2921875 0.08515625 0.11953125
8 0.33125 0.43125 0.08046875 0.1140625
8 0.64375 0.56796875 0.0796875 0.11640625
8 0.65 0.7109375 0.07734375 0.11015625
9 0.43203125 0.2875 0.08203125 0.11875
9 0.43671875 0.43046875 0.08203125 0.1125
9 0.54296875 0.5703125 0.08046875 0.1140625
9 0.5453125 0.70546875 0.08515625 0.1171875
10 0.53671875 0.28515625 0.0828125 0.121875
10 0.5390625 0.4296875 0.084375 0.11875
10 0.43984375 0.5671875 0.0828125 0.11875
10 0.44453125 0.70703125 0.0828125 0.11875
11 0.63671875 0.28359375 0.0859375 0.11640625
11 0.64140625 0.42890625 0.0796875 0.12109375
11 0.33515625 0.56875 0.08046875 0.11015625
11 0.34453125 0.71015625 0.0796875 0.11953125