38 0.5576656214592215 0.9241621243221338 0.08421246268299924 0.12079428903121965
17 0.5070373671875 0.9664287874999999 0.5294281765625 0.9140042859375 0.5482031218750001 0.8684303015625 0.508333025 0.8509712546875001 0.46909879375 0.9464218328125 0.5070373671875 0.9664287874999999
31 0.4591936875 0.8309428796875 0.4195628 0.9289974578125 0.4594105375 0.948104371875 0.499790021875 0.8481375234374999 0.4591936875 0.8309428796875
13 0.41245788437500003 0.8135238609375 0.37062592968749997 0.914019515625 0.4101440875 0.9307868296875 0.450523571875 0.83081998125 0.41245788437500003 0.8135238609375
8 0.364808696875 0.7968473125 0.32683979218750003 0.89224715 0.3639920921875 0.9102857406249999 0.4015866984375 0.8158420359375 0.364808696875 0.7968473125
33 0.31537745625 0.77835996875 0.2771990421875 0.87588574375 0.31725628906250003 0.892866721875 0.3563480875 0.794598478125 0.31537745625 0.77835996875
11 0.5977458640625 0.7522145109375 0.5592378703125 0.8474006859375001 0.6003732937499999 0.8648089953125 0.6378478328125 0.76589975625 0.5977458640625 0.7522145109375
21 0.5499318875 0.7343681640625 0.510301 0.8324227437499999 0.5494448609375 0.8501461921875 0.588207084375 0.7495383515625 0.5499318875 0.7343681640625
10 0.45343526562500003 0.6961222046875 0.4122318375 0.7902400562499999 0.44950420781249995 0.8127441796875001 0.49054284687500005 0.7174565281249999 0.45343526562500003 0.6961222046875
41 0.5561329160168629 0.1209916725267357 0.08105110001590835 0.11765110831306051
41 0.5052334873488175 0.11113085919682328 0.07945223734881743 0.1145170179539809
41 0.45968463001272664 0.09108197961013219 0.07945223734881743 0.11451701795398088
26 0.5019776007717679 0.7713507417103806 0.08421246268299924 0.12079428903121983
15 0.7763214307367695 0.5119247029737485 0.08735564401654479 0.12237496974937905
15 0.7238140487348605 0.49816673000291567 0.08735564401654479 0.12237496974937905
26 0.6736049633990879 0.4804888714934634 0.08895450668363551 0.12550906010845858
27 0.6226600813971789 0.466721808163551 0.0841942813494537 0.11923178903121982
28 0.5755396333943154 0.4459007689359395 0.08261360001590852 0.11766019867214013
35 0.5276833887253154 0.4289905248878679 0.08099655601527189 0.1129636083130606
35 0.47900953138922464 0.40895982601933606 0.07787155601527189 0.11294542759490125
8 0.4092419240531339 0.389051846998379 0.07787155601527207 0.1129454275949013
23 0.7051067653564534 0.16622183841417204 0.08421246268299924 0.12079428903121973
24 0.6549340426877718 0.1516689799047198 0.08421246268299924 0.12079428903121973
25 0.6055243886855446 0.13554907621572776 0.08577496268299925 0.12080337939029935