8 0.08828125 0.47265625 0.05859375 0.0859375
8 0.159375 0.4734375 0.05859375 0.0859375
8 0.2328125 0.47109375 0.05859375 0.0859375
9 0.3078125 0.48046875 0.06328125 0.0859375
9 0.38125 0.484375 0.0625 0.084375
9 0.45546875 0.4859375 0.05859375 0.08515625
10 0.5296875 0.4890625 0.05859375 0.08984375
10 0.603125 0.484375 0.05546875 0.0875
10 0.678125 0.48984375 0.06015625 0.08828125
11 0.75625 0.484375 0.06015625 0.090625
11 0.8296875 0.48203125 0.05859375 0.08984375
11 0.90625 0.47265625 0.05625 0.0859375