29 0.12734375 0.27890625 0.075 0.1125
19 0.2171875 0.27890625 0.078125 0.1046875
34 0.309375 0.27734375 0.078125 0.11015625
37 0.40234375 0.27421875 0.07734375 0.1046875
21 0.4953125 0.27421875 0.075 0.11015625
33 0.5890625 0.2734375 0.0796875 0.11640625
35 0.68359375 0.27421875 0.08046875 0.1046875
19 0.778125 0.27421875 0.078125 0.11015625
13 0.87265625 0.27421875 0.0734375 0.109375
28 0.12421875 0.40390625 0.07578125 0.11015625
39 0.21796875 0.40390625 0.07265625 0.10625
27 0.30859375 0.403125 0.0734375 0.1125
16 0.40390625 0.40078125 0.0734375 0.1140625
20 0.49296875 0.40234375 0.075 0.109375
11 0.58671875 0.4015625 0.07265625 0.1078125
21 0.68125 0.403125 0.07578125 0.11171875
29 0.775 0.4015625 0.07265625 0.11015625
40 0.87109375 0.40546875 0.07265625 0.11015625
34 0.125 0.5296875 0.075 0.11171875
10 0.2140625 0.528125 0.06875 0.10703125
28 0.309375 0.53046875 0.07734375 0.11484375
27 0.40234375 0.52890625 0.07734375 0.11640625
19 0.49296875 0.52890625 0.075 0.10703125
24 0.5859375 0.5296875 0.06640625 0.11015625
34 0.68046875 0.53203125 0.07734375 0.1125
12 0.775 0.5296875 0.0796875 0.11171875
22 0.871875 0.5328125 0.0796875 0.11015625
40 0.1234375 0.65546875 0.07265625 0.10703125
22 0.21640625 0.65546875 0.06640625 0.11171875
41 0.30859375 0.6546875 0.06875 0.1140625
37 0.403125 0.65703125 0.078125 0.109375
19 0.49453125 0.65859375 0.07734375 0.11015625
24 0.5875 0.65703125 0.07265625 0.11171875
41 0.68046875 0.66328125 0.07265625 0.11015625
23 0.7765625 0.65859375 0.0828125 0.1140625
39 0.87265625 0.66171875 0.07109375 0.1125