35 0.17578125 0.28828125 0.06875 0.096875
13 0.2609375 0.2859375 0.06484375 0.10078125
20 0.34375 0.28359375 0.06796875 0.1
33 0.42734375 0.28359375 0.0734375 0.1015625
39 0.5125 0.28359375 0.06796875 0.096875
25 0.59765625 0.28125 0.075 0.0984375
12 0.6828125 0.28125 0.06953125 0.1015625
23 0.76875 0.28203125 0.075 0.10390625
10 0.85390625 0.28125 0.06953125 0.10234375
26 0.17890625 0.403125 0.0703125 0.10546875
40 0.2609375 0.403125 0.06796875 0.0984375
32 0.3453125 0.39921875 0.06875 0.10234375
24 0.43046875 0.40078125 0.07265625 0.103125
30 0.5140625 0.39921875 0.06953125 0.10546875
36 0.5984375 0.4 0.06484375 0.1
28 0.68359375 0.4015625 0.07265625 0.10390625
31 0.76953125 0.39765625 0.0703125 0.10078125
24 0.8546875 0.39765625 0.0671875 0.10390625
11 0.18046875 0.51796875 0.065625 0.09921875
14 0.26484375 0.5171875 0.0671875 0.103125
19 0.34765625 0.5171875 0.06953125 0.103125
39 0.43125 0.5140625 0.07265625 0.096875
16 0.5140625 0.51328125 0.0640625 0.0984375
16 0.5984375 0.5140625 0.06484375 0.1
35 0.684375 0.515625 0.0703125 0.096875
17 0.77109375 0.515625 0.0734375 0.1
38 0.85546875 0.5140625 0.06328125 0.09609375
15 0.1828125 0.63203125 0.06875 0.1
11 0.26640625 0.63203125 0.06796875 0.0984375
27 0.34765625 0.6296875 0.06640625 0.10234375
12 0.4328125 0.62890625 0.06484375 0.1
20 0.515625 0.62578125 0.065625 0.09609375
18 0.60234375 0.6296875 0.06484375 0.09921875
35 0.68515625 0.6296875 0.06796875 0.0984375
13 0.7703125 0.63046875 0.07265625 0.1
20 0.85390625 0.62890625 0.06640625 0.09609375