25 0.3739446866453819 0.10958100471110574 0.1489856267092362 0.16967425546001177
15 0.44205825379972213 0.1425367680470253 0.14633340539458342 0.18973166394474275
24 0.5114797478157985 0.18655757714057938 0.1463334053945836 0.1897316639447427
30 0.5817188594230555 0.22907965911295075 0.15116637575930572 0.19636430121764634
13 0.722760127090486 0.3235625959365107 0.14800500816812523 0.19454670970237728
9 0.7914912900845137 0.36361338215124756 0.14317203780340293 0.18791407242947367
11 0.8569519827138192 0.4096590768507153 0.14796864057694456 0.19298420970237729
33 0.9193422267298956 0.453105930034914 0.14815047853284752 0.20079670970237729
21 0.27504997891409705 0.2557069634953991 0.14800500816812515 0.19454670970237728
14 0.3452890905213539 0.2982290454677704 0.14956750816812514 0.19467425546001174
11 0.4115128493550692 0.3451197630460555 0.14633340539458356 0.18973166394474275
27 0.6938135902370135 0.5247106366931755 0.15116637575930572 0.1963643012176462
22 0.75932883425309 0.5684125813926432 0.1448072729857639 0.1911666181871082
26 0.8263702106779857 0.6138045718497456 0.1512027433504862 0.1979268012176462
41 0.16203756658565938 0.4366862833397989 0.14640614057694462 0.19285666394474266
28 0.22995111198850657 0.47823579667571836 0.15116637575930572 0.19636430121764623
32 0.2977737384134024 0.523691560011638 0.14956750816812514 0.19467425546001174
35 0.5799471927262146 0.708751183658758 0.14640614057694457 0.19285666394474266
17 0.6486238043334717 0.7511457198734949 0.14796864057694456 0.19298420970237729
40 0.7141026807583675 0.7964101645729625 0.14317203780340293 0.18791407242947358
29 0.0652749354111109 0.5964283319723714 0.1305498708222218 0.19285666394474282
9 0.12913022834541615 0.6398592097023773 0.15120274335048628 0.1979268012176462
19 0.19938752374826332 0.6816000416747486 0.15120274335048628 0.19792680121764636
10 0.2680095839687494 0.7263383278894854 0.1464061405769446 0.19285666394474266
22 0.4152281164538188 0.8244564477435835 0.14317203780340293 0.18791407242947358
8 0.4823058604698952 0.8682859382006859 0.1448072729857639 0.19116661818710803
31 0.550201222077152 0.9075166962215256 0.14480727298576407 0.18496660755694877
34 0.6164795322976382 0.9302126914500768 0.1432084053945836 0.13957461709984642