39 0.15078125 0.2078125 0.065625 0.16171875
36 0.22734375 0.20390625 0.0625 0.16015625
19 0.303125 0.20078125 0.06953125 0.16953125
31 0.38046875 0.1953125 0.06796875 0.16484375
8 0.45625 0.1953125 0.06484375 0.16171875
15 0.5328125 0.19375 0.065625 0.16171875
12 0.609375 0.19140625 0.065625 0.16328125
33 0.68203125 0.18828125 0.065625 0.16640625
16 0.75859375 0.18984375 0.06328125 0.1515625
18 0.15234375 0.39296875 0.06484375 0.16484375
31 0.228125 0.3890625 0.0640625 0.16015625
12 0.30546875 0.38515625 0.06484375 0.16484375
30 0.38125 0.38359375 0.0671875 0.16484375
25 0.46015625 0.38125 0.06875 0.16015625
32 0.53515625 0.37734375 0.0671875 0.16484375
20 0.61171875 0.37578125 0.0671875 0.16171875
37 0.68671875 0.3734375 0.06171875 0.16328125
20 0.7625 0.371875 0.0640625 0.15703125
11 0.15390625 0.58046875 0.06328125 0.16328125
29 0.2296875 0.57265625 0.06484375 0.16953125
27 0.3078125 0.571875 0.0671875 0.16484375
40 0.384375 0.56796875 0.065625 0.16953125
27 0.4609375 0.5671875 0.065625 0.17109375
16 0.5375 0.565625 0.0625 0.16484375
38 0.61171875 0.5609375 0.0671875 0.16796875
16 0.68671875 0.55859375 0.065625 0.16015625
39 0.76328125 0.559375 0.0640625 0.15859375
8 0.1546875 0.765625 0.0609375 0.16328125
9 0.23203125 0.76328125 0.06484375 0.16484375
35 0.309375 0.7578125 0.065625 0.16640625
24 0.3859375 0.75546875 0.0640625 0.16796875
14 0.46328125 0.7515625 0.0671875 0.16328125
30 0.5390625 0.74921875 0.065625 0.17109375
21 0.61484375 0.74765625 0.0640625 0.16484375
17 0.69375 0.74765625 0.06796875 0.16484375
13 0.7671875 0.74296875 0.06484375 0.15859375