20 0.9225782060577732 0.4539249809108673 0.15484358788445363 0.1552356267092362
39 0.8835190529337561 0.515172258646284 0.15833053846084474 0.14884015634451409
16 0.8400815760931198 0.5732763525861104 0.1616010876750565 0.15203789152687505
32 0.7895400746453779 0.6299816006862493 0.17141273531769166 0.1616310970739585
19 0.7405246858940829 0.6858692311952078 0.16970468610347994 0.15846972948277802
19 0.6955974836605525 0.7455721927262147 0.16814218610347992 0.15843336189159735
41 0.6475088941234693 0.8045666394395828 0.16323636228216215 0.15363675911805572
29 0.6001287799792802 0.8619804023573605 0.16814218610347992 0.15843336189159735
8 0.5494417293173264 0.9155606504574996 0.16301803846084476 0.14894925911805573
25 0.7867959485094767 0.3359770275479855 0.17141273531769166 0.16163109707395842
18 0.7410147216688405 0.39413567287458273 0.16650691149637406 0.15683449430041688
20 0.6937073821317572 0.4531119357923606 0.16970468610347994 0.15846972948277785
16 0.646363655291121 0.5113069487101385 0.16650691149637406 0.15683449430041668
10 0.5957493792362731 0.5664496968102772 0.16970468610347994 0.15846972948277802
23 0.5491869023956368 0.6246265259324648 0.16970468610347994 0.15846972948277802
38 0.5026972001621065 0.6843658550546523 0.1713399607105856 0.16006859707395832
9 0.4537181987143645 0.7410347355636108 0.1664341368892682 0.15527199430041688
16 0.40473919726662244 0.797703616072569 0.16814218610347992 0.15843336189159735
21 0.6451092545481141 0.21570350798069393 0.16970468610347994 0.15846972948277788
15 0.5978383023145837 0.2754610208984717 0.1713399607105858 0.16006859707395849
10 0.5520570754739473 0.333619666225069 0.1680694114963739 0.15687086189159735
20 0.5038593240262054 0.3902703629384371 0.17141273531769166 0.1616310970739585
34 0.45655198448912204 0.4492466258562149 0.1729752353176916 0.16166746466513898
32 0.40920825764848584 0.5074416387739927 0.17304800992479752 0.163229964665139
13 0.35952078080784966 0.5656912030785414 0.17461050992479743 0.16326633225631965
12 0.3129583039672134 0.6238680322007288 0.17297523531769166 0.16166746466513898
30 0.2678855525194714 0.680445993731736 0.17141273531769158 0.1616310970739585
39 0.5018600605867511 0.09546635600458292 0.17141273531769166 0.16163109707395848
26 0.45288105913900917 0.1521352365135413 0.17951633374611511 0.16806293502986125
22 0.40795385690547886 0.21183819804454823 0.17133996071058566 0.16006859707395849
39 0.35975610545773673 0.2684888947579164 0.1746105099247975 0.16326633225631956
38 0.31170390322420644 0.32826459147128445 0.17297523531769166 0.16166746466513898
13 0.26439656368712317 0.3872408543890623 0.17133996071058571 0.16006859707395843
11 0.21787047415003985 0.44619893351124984 0.17133996071058571 0.16006859707395837
31 0.16896424730940365 0.5044303140202082 0.17304800992479744 0.163229964665139
8 0.11913122125455573 0.5595548783247569 0.16970468610347988 0.15846972948277802