8 0.1546875 0.196875 0.0625 0.16796875
8 0.15546875 0.38359375 0.0640625 0.16171875
8 0.15546875 0.56796875 0.0640625 0.1546875
8 0.15546875 0.753125 0.0625 0.16015625
9 0.23203125 0.20078125 0.0640625 0.16015625
9 0.23203125 0.38671875 0.0625 0.153125
9 0.23203125 0.571875 0.0640625 0.15859375
9 0.23125 0.7546875 0.06015625 0.1546875
10 0.309375 0.20078125 0.0640625 0.16015625
10 0.31015625 0.3890625 0.065625 0.16015625
10 0.30859375 0.57578125 0.0671875 0.15703125
10 0.30703125 0.759375 0.0640625 0.16328125
11 0.3859375 0.20390625 0.065625 0.16328125
11 0.38515625 0.38984375 0.06484375 0.16171875
11 0.38515625 0.578125 0.0640625 0.15859375
11 0.384375 0.7609375 0.0640625 0.16015625
12 0.46328125 0.2046875 0.06484375 0.16171875
12 0.4625 0.3921875 0.0640625 0.16328125
12 0.46171875 0.578125 0.0625 0.15859375
12 0.46171875 0.76015625 0.06328125 0.16171875
13 0.5390625 0.2078125 0.0625 0.16484375
13 0.5390625 0.39140625 0.0625 0.16484375
13 0.53671875 0.57421875 0.06484375 0.16328125
13 0.5359375 0.76015625 0.06171875 0.15859375
14 0.615625 0.2078125 0.06328125 0.16484375
14 0.6140625 0.3953125 0.0640625 0.16328125
14 0.6140625 0.5796875 0.0640625 0.16171875
14 0.6125 0.7625 0.0609375 0.16328125
15 0.690625 0.209375 0.0640625 0.17109375
15 0.68984375 0.3953125 0.0640625 0.16953125
15 0.6890625 0.57890625 0.0625 0.16640625
15 0.6890625 0.7609375 0.0609375 0.16640625
16 0.765625 0.21015625 0.0609375 0.16640625
16 0.7640625 0.39453125 0.06484375 0.16484375
16 0.76484375 0.5765625 0.0640625 0.15859375
16 0.7640625 0.7625 0.0609375 0.16328125