22 0.2328125 0.2484375 0.059375 0.15703125
10 0.30703125 0.24375 0.06328125 0.15703125
13 0.38125 0.2453125 0.059375 0.1546875
37 0.45546875 0.24453125 0.0625 0.15625
14 0.53046875 0.2421875 0.0609375 0.1546875
16 0.60390625 0.2390625 0.06171875 0.15703125
12 0.678125 0.2375 0.05703125 0.1546875
11 0.75078125 0.2421875 0.0609375 0.1515625
20 0.825 0.2421875 0.0625 0.1546875
23 0.23203125 0.42890625 0.065625 0.16640625
12 0.30703125 0.428125 0.0671875 0.15859375
20 0.38125 0.428125 0.06328125 0.153125
20 0.45625 0.42421875 0.0625 0.1515625
9 0.53046875 0.4265625 0.06484375 0.15859375
37 0.60625 0.421875 0.0625 0.153125
22 0.68046875 0.421875 0.06015625 0.15859375
16 0.75625 0.42578125 0.0609375 0.1515625
30 0.83125 0.42265625 0.0640625 0.16328125
11 0.22890625 0.61328125 0.0578125 0.15859375
19 0.303125 0.61328125 0.06328125 0.16171875
17 0.38125 0.6109375 0.0640625 0.16640625
30 0.4578125 0.60859375 0.0625 0.16171875
28 0.53125 0.609375 0.0640625 0.15703125
15 0.60625 0.60546875 0.065625 0.16171875
17 0.684375 0.6078125 0.0671875 0.1546875
34 0.7609375 0.6046875 0.06171875 0.15703125
33 0.834375 0.60625 0.065625 0.16640625
17 0.228125 0.79921875 0.0671875 0.16640625
13 0.30625 0.8 0.0671875 0.16484375
26 0.38125 0.79921875 0.065625 0.17890625
13 0.45625 0.7953125 0.0625 0.16484375
41 0.5328125 0.79140625 0.0640625 0.16640625
35 0.6109375 0.79140625 0.0625 0.16640625
18 0.68671875 0.7921875 0.0625 0.16171875
9 0.7625 0.7921875 0.0609375 0.15859375
39 0.83671875 0.79296875 0.0609375 0.15703125