10 0.17421875 0.32109375 0.0640625 0.0953125
27 0.25546875 0.31875 0.06875 0.09765625
14 0.33515625 0.3171875 0.0625 0.10078125
39 0.41328125 0.31640625 0.05859375 0.09296875
39 0.49375 0.3171875 0.06640625 0.09140625
39 0.57421875 0.31484375 0.065625 0.09453125
29 0.65546875 0.3140625 0.06796875 0.0953125
17 0.73515625 0.3140625 0.06953125 0.09453125
9 0.8203125 0.3140625 0.06484375 0.09296875
34 0.1765625 0.43125 0.06328125 0.09453125
23 0.25625 0.43046875 0.06796875 0.09609375
22 0.33515625 0.42734375 0.0625 0.09140625
32 0.41484375 0.42734375 0.06953125 0.0953125
11 0.4953125 0.4265625 0.0671875 0.09140625
36 0.57421875 0.42578125 0.06484375 0.09453125
41 0.65390625 0.42578125 0.06328125 0.0921875
8 0.73828125 0.42578125 0.0671875 0.09375
41 0.81640625 0.42265625 0.0609375 0.09609375
12 0.178125 0.53828125 0.06640625 0.0984375
12 0.259375 0.53671875 0.0671875 0.096875
25 0.3375 0.53671875 0.0703125 0.09609375
16 0.4171875 0.534375 0.06640625 0.09609375
18 0.496875 0.5359375 0.0609375 0.09375
20 0.57734375 0.53359375 0.06875 0.09375
31 0.65859375 0.53359375 0.06953125 0.0953125
36 0.73828125 0.53359375 0.06328125 0.090625
29 0.821875 0.534375 0.065625 0.09609375
39 0.1796875 0.64765625 0.0640625 0.09453125
27 0.25859375 0.64609375 0.06015625 0.09765625
15 0.33828125 0.64453125 0.065625 0.09765625
31 0.41875 0.64609375 0.06796875 0.09609375
32 0.4984375 0.6453125 0.06875 0.0953125
23 0.57890625 0.64609375 0.06953125 0.09765625
37 0.65859375 0.64609375 0.0703125 0.09609375
22 0.74140625 0.6453125 0.0671875 0.09375
14 0.82265625 0.64609375 0.06328125 0.1