25 0.17578125 0.1875 0.06875 0.17109375
15 0.25546875 0.18671875 0.06875 0.16640625
24 0.33515625 0.184375 0.06796875 0.16484375
30 0.41484375 0.18125 0.0703125 0.17109375
13 0.58046875 0.18125 0.0671875 0.17109375
9 0.6578125 0.17578125 0.065625 0.16640625
11 0.73515625 0.178125 0.06796875 0.16796875
33 0.81328125 0.178125 0.0703125 0.17734375
21 0.1765625 0.378125 0.0671875 0.17265625
14 0.25625 0.37421875 0.06796875 0.17109375
11 0.33515625 0.3765625 0.06875 0.16640625
27 0.6609375 0.36875 0.0703125 0.17265625
22 0.7375 0.36953125 0.06328125 0.17109375
26 0.81640625 0.36953125 0.06875 0.17421875
41 0.17734375 0.596875 0.065625 0.17265625
28 0.2546875 0.59375 0.0703125 0.17265625
32 0.334375 0.59375 0.06875 0.17109375
35 0.6625 0.59140625 0.065625 0.17265625
17 0.74140625 0.58828125 0.06953125 0.16953125
40 0.81875 0.5890625 0.06484375 0.16484375
29 0.17421875 0.79296875 0.065625 0.17265625
9 0.25546875 0.7890625 0.06796875 0.17421875
19 0.33515625 0.784375 0.06953125 0.17421875
10 0.41484375 0.78359375 0.06484375 0.17265625
22 0.58671875 0.78359375 0.065625 0.16640625
8 0.66484375 0.7828125 0.065625 0.16796875
31 0.74296875 0.7796875 0.065625 0.16953125
34 0.82109375 0.78046875 0.06328125 0.16796875