26 0.05850442654377519 0.5230705803053814 0.11700885308755038 0.13051616061076282
8 0.08399180154542284 0.4770564497004376 0.13644778896022583 0.12971893515657004
17 0.12077478125288336 0.4315525021260319 0.1348580154212755 0.12802888939893559
11 0.4560739383181933 0.9664534027348551 0.14080800649282174 0.06709319453028968
12 0.49348816356142694 0.9429520653870608 0.14116256249917622 0.11409586922587849
13 0.5310660300383626 0.9055147422932702 0.13801028896022594 0.12984648091420467
16 0.5655188965152984 0.8590382260824125 0.13798301542127547 0.1282839809142046
19 0.6023018762227589 0.813534278508007 0.14116256249917622 0.1316640724294736
20 0.6444717853133685 0.7731642410853221 0.1332409683433749 0.12477634364130097
21 0.6812547650208289 0.7276602935109164 0.134830741882325 0.12646638939893542
29 0.7133638814977648 0.6809924586636071 0.14113528896022592 0.13010157242947357
29 0.7400724318220762 0.629971963664577 0.1363659683433749 0.12503143515657006
31 0.7883968835263595 0.5955808592724303 0.1348307418823252 0.12646638939893542
32 0.8243849764643449 0.5507943888192074 0.134830741882325 0.12646638939893542
39 0.8618810223244295 0.5092604641236189 0.12690914772652384 0.1195786606107628
39 0.9001037711066135 0.4709153123068478 0.12688187418757338 0.11801616061076281
30 0.9468072215930811 0.39492663927824934 0.09727619480442443 0.12028029121570664