35 0.16887459420347178 0.3368515724102427 0.11147236758448216 0.1716400468904336
21 0.23743892390488397 0.3171795350675788 0.11358117080279087 0.17957094606059654
8 0.3078389052154506 0.3015321468950779 0.1148158888718056 0.17500184523075957
18 0.37707522427320106 0.2803568091374955 0.11201867080279086 0.17945254689043358
41 0.4456395539746133 0.2606847717948316 0.1134719101591291 0.17800844606059654
26 0.517547404963349 0.24437453279249371 0.12495571337743776 0.18664974025173775
22 0.5872753969175774 0.2302304450349113 0.11826867080279087 0.17992614357108563
21 0.6566209766189897 0.21061760727732892 0.11481588887180579 0.17500184523075957
24 0.7295832292168797 0.19827281786007256 0.11481588887180579 0.17500184523075957
10 0.23027590597175518 0.5147998962703779 0.11481588887180563 0.17500184523075965
27 0.2995668553513366 0.49440580851279564 0.11703395273377612 0.1844952444009227
18 0.3690763260182414 0.4771367207552132 0.1116908888718057 0.1747650468904336
32 0.43931241636331536 0.4591455825827122 0.1134719101591291 0.17800844606059657
36 0.5105482779957129 0.44433864399529294 0.11659691015912906 0.17824524440092265
23 0.5815656183407868 0.4264067054078735 0.11826867080279087 0.17992614357108572
28 0.6534188390076917 0.4093152164055356 0.12004969209011432 0.1831695427412487
38 0.7245454399964274 0.39294577781811624 0.11347191015912905 0.17800844606059663
35 0.7955627803415013 0.37501383923069687 0.11626912822814398 0.1735577444009226
33 0.2918411087055313 0.6950919701305132 0.12193997402109957 0.18797544191141177
25 0.3619679384069435 0.6755383319580124 0.12495571337743776 0.18664974025173783
34 0.4329852787520174 0.657606393370593 0.117033952733776 0.1844952444009227
14 0.5048384994189223 0.6405149043682551 0.11681543144645268 0.1813702444009227
16 0.5758012094421654 0.6218017157808358 0.12172145273377595 0.1848504419114116
20 0.6460919301090703 0.6045918276083349 0.11681543144645268 0.1813702444009227
34 0.7205074220632985 0.5908029373612415 0.12172145273377595 0.1848504419114116
38 0.7931965230520344 0.5745518979439851 0.11659691015912924 0.17824524440092268
26 0.8642138633971083 0.5566199593565657 0.12695525595208465 0.1930181394219007
41 0.35546048433578514 0.8825336931608115 0.12004969209011432 0.18316954274124875
40 0.4254234230717048 0.8606363049883106 0.11859645273377613 0.18461364357108573
29 0.49722201341677874 0.8427635659859728 0.12059599530842302 0.19098204274124847
13 0.5698564840836836 0.8257312765687164 0.11558071337743776 0.18593934523075967
30 0.6425455850724193 0.80948023715146 0.12695525595208465 0.19301813942190088
22 0.7128363057393241 0.7922703489789591 0.12215849530842302 0.1911004419114116
31 0.7877598960843981 0.7746344083169473 0.1271737772394083 0.1961431394219007
8 0.861066356107641 0.7560988184847725 0.11892423466476103 0.1893011435710857
32 0.9329742070963769 0.7397885794824346 0.12193997402109957 0.18797544191141177