16 0.13770655385531277 0.349060037293461 0.12122430262104182 0.17752977767481423
21 0.2096900034184725 0.3226909994518458 0.12282317021222236 0.179146841377145
23 0.2769859529816322 0.29615827050323806 0.12282317021222236 0.1791468413771451
28 0.3466074687492016 0.2689261371081266 0.12609364057694455 0.18550596878180672
33 0.41790058729031276 0.24643606741534593 0.12445840539458355 0.18232640507947587
36 0.4867954044446529 0.22152040216906901 0.11955269984750014 0.17278771397248335
14 0.5556174864166321 0.1934797369227921 0.12129703780340292 0.1806547776748142
13 0.628454921162153 0.17026298093234232 0.1227504350298613 0.176021841377145
27 0.6981673559076738 0.14693709753723086 0.11973453780340293 0.18060021397248333
18 0.20965755508958378 0.5225273083448533 0.12765614057694458 0.18556053248413776
18 0.28011487224392406 0.4976662068009071 0.12434930262104178 0.17763890507947586
15 0.34733808662472254 0.46800847785229943 0.12129703780340292 0.18065477767481414
8 0.41937608757465317 0.4439831900106842 0.11799019984750014 0.17273315027015243
10 0.4906146547289934 0.4191493703179036 0.1196254350298613 0.17591271397248326
39 0.5611265232701045 0.39663201877395754 0.12118793502986129 0.17596727767481415
24 0.6292400904244447 0.3716890716765152 0.11802656743868063 0.17429565027015242
37 0.6996064886008335 0.34292172013256916 0.12122430262104196 0.17752977767481415
24 0.7701729085287156 0.32274811858862307 0.11809930262104196 0.17742065027015244
36 0.28008242391503535 0.6975025156939146 0.1196254350298613 0.1759127139724832
37 0.35052155727378526 0.6718601641499686 0.12772887575930572 0.18868553248413758
17 0.4201430730413547 0.6446280307548571 0.12929137575930572 0.18874009618646853
31 0.4897464050133339 0.6166146473597456 0.1276197729857639 0.18399803248413757
41 0.5586775897588547 0.5932614821134686 0.12118793502986129 0.17596727767481432
22 0.6260099069131948 0.568291253164861 0.1229322729857639 0.1838343413771451
8 0.6980115402719449 0.5427034653232458 0.12122430262104178 0.17752977767481432
24 0.7716302250174657 0.5195139911839614 0.12122430262104196 0.17752977767481415
25 0.8397256083762157 0.49378979408651896 0.12282317021222226 0.1791468413771451
15 0.3513067265360771 0.8732862548941414 0.12929137575930572 0.18874009618646853
12 0.42012880850805623 0.8452455896478644 0.12129703780340292 0.18065477767481433
36 0.48976850807121597 0.8187947062527531 0.1196254350298613 0.1759127139724833
17 0.5609707076343756 0.7923983865599724 0.13238000816812523 0.18728672359113024
37 0.6314462085843061 0.7683185350160263 0.1196254350298613 0.1759127139724832
23 0.700377393329827 0.7449653697697494 0.12282317021222226 0.1791468413771451
22 0.7716159604841673 0.7201315500769688 0.12129703780340292 0.18065477767481433
36 0.8404744100473269 0.6936533848306918 0.1196254350298613 0.17591271397248337
30 0.9117129772016671 0.6688195651379113 0.12282317021222226 0.1791468413771451