16 0.20303004984052048 0.22712450075630466 0.08214230455162622 0.16886996832111636
21 0.28096373120406865 0.2349312829393914 0.08370480455162621 0.1689792289647781
23 0.35440123120406863 0.24006653319149293 0.0852673045516262 0.16908848960843983
28 0.4309637312040686 0.24542030473091794 0.08577748758216437 0.17533848960843984
33 0.5062985710523478 0.2561881959485121 0.0855223960668953 0.1722134896084398
36 0.5811710252947132 0.2629952068442754 0.08163212152108805 0.16261996832111636
14 0.6570160481735305 0.2675130980618695 0.08239739606689529 0.17199496832111635
13 0.7339771609006269 0.2776089999231254 0.08501221303635713 0.16596348960843982
27 0.8078770465065407 0.28670513049705787 0.0808348960668952 0.17188570767745456
18 0.1825109004396453 0.4111170885034886 0.08733998758216437 0.17544775025210146
18 0.2588183089243762 0.4195958600429136 0.08657471303635714 0.16607275025210147
15 0.3348546504396453 0.4217700012605077 0.08239739606689529 0.17199496832111624
8 0.41116205892437624 0.4302487727999328 0.08006962152108806 0.16251070767745457
10 0.48740569453028987 0.43950879433935774 0.08188721303635713 0.16574496832111638
39 0.5628043072573863 0.4494954355569519 0.08344971303635713 0.16585422896477806
24 0.6368955114997517 0.45624781613088433 0.08032471303635731 0.16563570767745456
37 0.714303034378569 0.4608749679921402 0.08214230455162622 0.16886996832111625
24 0.7880116013480309 0.4723148485660726 0.07901730455162621 0.16865144703379292
36 0.16192797815995288 0.5958909262506725 0.08188721303635713 0.16574496832111638
37 0.23758168240231833 0.6027525674682666 0.08603257909743342 0.17846348960843983
17 0.314080409523501 0.6088875890076917 0.08915757909743345 0.17868201089576327
31 0.3907704552811356 0.6126788605471167 0.08864739606689528 0.17243201089576327
41 0.4646703408870493 0.6217749911210492 0.08344971303635713 0.16585422896477803
22 0.5379802951294147 0.6284727413731506 0.08265248758216437 0.1751199683211162
8 0.6159139764929629 0.6362795235562373 0.08214230455162622 0.1688699683211162
24 0.693592566341242 0.6472113057393242 0.08214230455162622 0.1688699683211164
25 0.7677475434624247 0.6531824363132566 0.08370480455162621 0.16897922896477802
15 0.14050003300144315 0.7813913836760256 0.08915757909743344 0.17868201089576347
12 0.2171900787590777 0.7851826552154506 0.08239739606689529 0.17199496832111622
36 0.29284378300144315 0.7920442964330447 0.08188721303635713 0.16574496832111638
17 0.3700599872438086 0.7990151982943006 0.09215503333979891 0.17733803218308672
37 0.4455861457285396 0.8074393395118948 0.0818872130363573 0.1657449683211162
23 0.5195498042132705 0.8157542200858272 0.0852673045516262 0.16908848960843983
22 0.5958572126980014 0.8242329916252522 0.08239739606689529 0.1719949683211163
36 0.6715746898191841 0.8303133828428464 0.08188721303635713 0.1657449683211163
30 0.7479458711827324 0.8380109043822713 0.0852673045516262 0.16908848960843983