23 0.2647372600679862 0.12359592847725673 0.12511171561506956 0.14189917211208342
10 0.21586596181534742 0.2404210589862151 0.12031511284152785 0.13710256933854179
31 0.16461454597152808 0.3557382408819443 0.123512848023889 0.14030030452090295
37 0.1140898287409379 0.4686934889820833 0.12031511284152789 0.13710256933854162
34 0.35078451605190986 0.15989514475791639 0.12035148043270842 0.13866506933854175
15 0.30115015159486136 0.27751970906246504 0.12180487765916678 0.13401393692972227
33 0.248336235751042 0.39287325854937477 0.12347648043270842 0.13873780452090295
38 0.1986291361116324 0.5073728228539235 0.11708101006798621 0.13234233415618063
11 0.43446983824024327 0.19546766242534686 0.125075348023889 0.14033667211208342
39 0.3840905913743753 0.3146729105254858 0.11871624525034737 0.1355037017473612
38 0.3336386093261462 0.4307531586256247 0.12344011284152785 0.13717530452090293
39 0.282332642095556 0.543726590521354 0.1186798776591667 0.1339412017473613
36 0.5198267632021183 0.23569131250159678 0.125075348023889 0.14033667211208342
35 0.46708558254066 0.35416986198850653 0.12035148043270852 0.13866506933854178
24 0.41661541669684066 0.46946886008864547 0.12347648043270851 0.13873780452090295
13 0.3652367142838894 0.5793172919843748 0.12347648043270851 0.13873780452090295
30 0.606655269186042 0.27197234498666617 0.1267469507974308 0.145060539703264
10 0.553151022320174 0.3912503282691662 0.12514808320625015 0.14346167211208344
15 0.5018814226807644 0.5057862601648954 0.12507534802388917 0.14033667211208342
19 0.44984875683694503 0.621121625856215 0.126637848023889 0.14037303970326392
21 0.6896502603523267 0.3114692964496869 0.12511171561506948 0.14189917211208342
35 0.6368545283040976 0.42760409593659665 0.12344011284152785 0.1371753045209029
24 0.5872201638470491 0.5452286602411454 0.12031511284152785 0.13710256933854162
21 0.5335886304120492 0.6590378935236454 0.12184124525034737 0.13557643692972227
20 0.7772600163362503 0.347732145139166 0.12507534802388917 0.14033667211208342
27 0.7214302032659726 0.46784592980843687 0.12827308320625014 0.14353440729444458
27 0.6701424198309727 0.5816006117041661 0.12827308320625014 0.14353440729444458
12 0.6188546363959728 0.6953552935998953 0.1282367156150695 0.1419719072944446
40 0.8603095588893058 0.3895728466021868 0.1235128480238891 0.14030030452090286
14 0.8043706430454864 0.5049991312714577 0.1235128480238891 0.14030030452090295
39 0.7554811609972575 0.621043011780416 0.11871624525034755 0.13550370174736132
8 0.7034121275622576 0.7348158774717356 0.12020601006798622 0.1324150693385418
9 0.9470513387152085 0.42730727631371446 0.105897322569583 0.13230596656500015
9 0.8943605166205908 0.542769928574166 0.11711737765916688 0.13390483415618065
38 0.8439812697547229 0.6619751766743048 0.11235714247680581 0.13067073138263902
16 0.7879696187285423 0.7742764613435758 0.11555487765916687 0.13386846656500015