38 0.800407336605824 0.27588304227242044 0.1582367052052021 0.0663393065307547
20 0.8035848154885494 0.34382451042125506 0.1535492052052021 0.06617561542376223
14 0.8046460575254546 0.4155903830165933 0.15676521046687392 0.0678472428284238
14 0.806306539039016 0.48425853746309705 0.1613617052052021 0.06644843393541641
19 0.808839275814249 0.5545164737607662 0.15520271046687392 0.06779267912609299
9 0.8090282625894822 0.624692564504939 0.15520271046687392 0.06779267912609299
34 0.8091717467338796 0.6940874052491119 0.15373121572854567 0.06930061542376223
34 0.812303722985769 0.7612476233979464 0.15345819994353035 0.06461311542376222
33 0.8131374518684945 0.8291072459932849 0.15676521046687383 0.06784724282842385
12 0.6297763181899725 0.2644668487183572 0.1534581999435302 0.06461311542376214
31 0.6331358075960416 0.3355333168671918 0.16466871572854594 0.06968256134007814
10 0.6364952970021107 0.40659978501602634 0.15832771046687383 0.0679018065307547
36 0.6381557785156722 0.47526793946253 0.1597992052052021 0.06639387023308566
20 0.6382992626600694 0.5446627802067029 0.1551117052052021 0.066230179126093
11 0.6439569994353027 0.6150298439090338 0.14748121572854594 0.0690823606144388
23 0.6432737309488641 0.6836161528020412 0.15676521046687383 0.06784724282842394
33 0.6441984650932613 0.7530382753973794 0.15850972099021768 0.0710268065307547
9 0.6442509439759867 0.8208706161415524 0.15364021046687384 0.06773811542376222
30 0.45909979714328514 0.2522694051642939 0.15841871572854577 0.06946430653075471
33 0.46181454444186204 0.3256523414619631 0.16475972099021768 0.07124506134007813
32 0.46590978121709525 0.39596484146196304 0.16007222099021767 0.07108137023308556
16 0.46931477325400034 0.4678125596107976 0.15832771046687388 0.0679018065307547
31 0.47023950739839754 0.537234682206136 0.15685621572854588 0.06940974282842376
25 0.47281774680446675 0.608273868503805 0.16007222099021767 0.07108137023308565
39 0.4729157283180281 0.6768874592479779 0.16163472099021767 0.07113593393541642
18 0.47544846509326133 0.7471453955456471 0.1535492052052021 0.06617561542376223
41 0.4778446939759867 0.8150595818433162 0.15649219468185843 0.06315974282842376
22 0.2840087918816133 0.24459577050323808 0.16154371572854576 0.06957343393541641
38 0.28723177339517464 0.3133184886520726 0.16154371572854576 0.06957343393541641
20 0.29224476806291566 0.38600202050323806 0.16457771046687403 0.06812006134007813
16 0.29404175746898475 0.45701392494974175 0.16475972099021768 0.07124506134007813
36 0.2981824968750539 0.5281076749497418 0.15814569994353028 0.06477680653075471
24 0.3014054783886152 0.5968303930985763 0.15989021046687402 0.06795637023308565
18 0.3032024677946844 0.6678422975450801 0.15814569994353028 0.06477680653075471
39 0.30339145456991756 0.7380183882892529 0.15814569994353028 0.06477680653075471
33 0.30744118871431486 0.807549638289253 0.15529371572854583 0.06935517912609299