8 0.29500499827071947 0.2604234014452481 0.11606648801910051 0.1552813410815747
9 0.4069593612474109 0.23627366119351043 0.1206448606144388 0.15251153859206373
10 0.5229563834799296 0.2157341730163651 0.11288692431676957 0.15348204274124866
11 0.6381448738612827 0.19447263442430135 0.1159573606144388 0.15215634108157472
11 0.6841865824762884 0.5035274030956334 0.11461311542376222 0.15828794191141177
11 0.37312014082114164 0.7252778842238087 0.1097073606144388 0.1516827444009227
11 0.48122281750016394 0.7029866418974786 0.10976192431676957 0.1532452444009227
9 0.3184846822061359 0.41687431098837335 0.11266866950744614 0.1472320427412487
9 0.6638046166897065 0.34605844521218204 0.11601192431676957 0.15371884108157471
9 0.5979465260303517 0.6808254541352516 0.1159573606144388 0.1521563410815748
8 0.43350948148049645 0.3909252723963096 0.11294148801910038 0.15504454274124865
8 0.573013469499597 0.5276179437622895 0.10954366950744614 0.14699524440092268
8 0.7139435482628702 0.6602859659581064 0.1031845421027846 0.14339664772027055
10 0.5479167218618496 0.3697229333893273 0.1112698606144388 0.15180114357108554
10 0.344871111332229 0.5668384221911726 0.11423116950744613 0.14735044191141178
10 0.4600323198624167 0.5447956335991087 0.10981648801910034 0.15480774440092268