32 0.8487222836684666 0.2844575849679955 0.13197722872636958 0.13571384364130096
22 0.753046690186129 0.22042664906251944 0.12726245764913066 0.13064370636839734
19 0.657380187062871 0.15483321315704335 0.12726245764913066 0.13064370636839734
24 0.563276183939613 0.08911223149393274 0.13040563836728972 0.13402379788366642
37 0.7952109434075828 0.3552003907275697 0.1288340480082102 0.13233375212603188
33 0.698735919207086 0.2943582277009109 0.1319772287263694 0.13571384364130096
38 0.6022836209042882 0.2296098146742521 0.1272624576491305 0.13064370636839734
25 0.5105097322424108 0.16604126437468966 0.13041472872636942 0.13558629788366644
8 0.7416496061717612 0.4345369464871439 0.13040563836728988 0.13402379788366653
24 0.645206398228043 0.3682260334604851 0.1272624576491305 0.13064370636839745
39 0.5511205758229443 0.2993800517973745 0.12255677693097126 0.12713606909549374
32 0.4577660064429077 0.2390640472554466 0.12726245764913063 0.13064370636839734
41 0.688124630372258 0.507623502246718 0.13040563836728972 0.13402379788366653
10 0.5893240368899204 0.4438476578565111 0.1335488190854491 0.1374038893989356
31 0.49522457894620225 0.3773454261934005 0.13355790944452864 0.13896638939893552
37 0.4026739854638647 0.3130593987726554 0.13040563836728974 0.13402379788366642
22 0.6345814738545956 0.5838350580062923 0.1288340480082102 0.13233375212603188
28 0.5373706514494969 0.5152441678584507 0.13826359016268785 0.14247402667183912
17 0.4432484676080796 0.45264818619534014 0.1288431383672899 0.1338962521260319
40 0.3491626452029809 0.3838022045322295 0.13041472872636942 0.13558629788366644
16 0.5818286576960128 0.6584203408870491 0.13041472872636942 0.13558629788366652
33 0.4838093142136753 0.5945807236180249 0.1335488190854491 0.1374038893989354
32 0.3873842869881163 0.5251448105913662 0.13198631908544903 0.13727634364130098
16 0.29015982904439813 0.4588976704435246 0.1288340480082102 0.13233375212603188
12 0.5282809559988106 0.7354131466466235 0.1335488190854491 0.1374038893989354
29 0.4287172932346322 0.6685760751352336 0.1335488190854491 0.1374038893989354
33 0.3315019256499937 0.6007664349873922 0.13355790944452864 0.1389663893989354
14 0.2350450821676561 0.5367992719607333 0.13041472872636942 0.13558629788366652
29 0.47004120912206854 0.8135698396791013 0.1272624576491305 0.13064370636839734
31 0.37047300117835036 0.7475140181677116 0.1335488190854491 0.1374038893989354
29 0.27560138359371184 0.6795130593834182 0.1304056383672898 0.13402379788366653
13 0.17838601600907328 0.6117034192355767 0.1304056383672898 0.13402379788366653
13 0.41337305260440615 0.8900364869539444 0.13040563836728974 0.13402379788366617
26 0.31459973019930737 0.8215731425637376 0.13983518052176755 0.14416407242947357
36 0.21738436261466884 0.753763502415896 0.13041472872636942 0.13558629788366652
21 0.12015535949141087 0.6882976122680544 0.1288340480082102 0.13233375212603188