8 0.04142875728946705 0.46516287226999414 0.0828575145789341 0.14531224212409216
9 0.10740976432683255 0.4635208818128918 0.08806771857321789 0.1485647878817268
10 0.17041786271767823 0.4622615286286932 0.08806771857321785 0.1485647878817268
11 0.234933830786693 0.4616558796868599 0.0915205005042031 0.15350737939699588
12 0.2965597456373991 0.4690540493814785 0.08795845792955612 0.1470022878817268
13 0.3608571924190905 0.47157340043964524 0.08817697921687966 0.15012728788172675
14 0.42075671630430395 0.48144286589189844 0.08817697921687966 0.1501272878817268
15 0.480874761476841 0.4881873313441515 0.08817697921687966 0.1501272878817268
16 0.5380481231092384 0.5037168654328564 0.0863959579295562 0.14687474212409235
23 0.5972210273162828 0.5128688537639269 0.08963021857321785 0.14869233363936124
23 0.6578471708796654 0.5234557963373627 0.08973947921687966 0.15025483363936126
23 0.716566607017695 0.5279840575472503 0.08850476114786474 0.1548147878817268
41 0.7762311841212173 0.5301047958783208 0.08828623986054147 0.1516897878817268
41 0.8374582612247394 0.5320979884517566 0.08083437278026225 0.13399210485118865