21 0.738014196226441 0.5093985308641594 0.23999582884638357 0.2604347839891055
32 0.4650945556224326 0.8253141442724529 0.21256951082055267 0.22920019454068416
25 0.8381840292959668 0.6169673781345014 0.22708665188677948 0.2456442418957307
10 0.197308976709542 0.5882489708490433 0.24477425705962902 0.2638327997741211
21 0.6077165939565854 0.38833633099121634 0.23347304420664763 0.25069576294241813
35 0.2860007183297648 0.3641204970868154 0.23995036473976095 0.2588722839891055
31 0.6549957930860203 0.7268142730422389 0.19809783386094856 0.21431864718563745
27 0.5302578690294101 0.6029455915851472 0.21256951082055267 0.22920019454068416
27 0.41317332059962036 0.4850006864364148 0.2350810083132703 0.2523492682040899
21 0.7393039115867049 0.5188645361258313 0.19809783386094856 0.21431864718563745
20 0.49495583267381427 0.2831644416274995 0.2093081185006847 0.22433068401734033
9 0.37894805093707207 0.15510878910960302 0.20613765439406198 0.22258617349399668
16 0.3299275969260863 0.7102289286144942 0.21900136724704344 0.23581421558737148