21 0.6506069383213721 0.34159483310926053 0.14362168061464226 0.23249009618646843
32 0.6129170380024129 0.7649232057045989 0.12857076546195145 0.20080358656782166
25 0.7937989578662095 0.36304822557486477 0.13478881455356592 0.21971727767481414
10 0.26101969815413384 0.7471503408289909 0.1497441348570076 0.23114585099579193
21 0.4761808942307274 0.32845244844820476 0.14703372303829668 0.217028787293461
35 0.20405144740522782 0.5140352512659444 0.14349413485700763 0.23092759618646852
31 0.709057940737268 0.5661434545234725 0.11556058243141329 0.19411707694917482
27 0.5374220567983443 0.5476141654159129 0.12570085697722053 0.20381945916315977
27 0.37528871861705515 0.5278497585223385 0.1471612687959313 0.218591287293461
21 0.6579092552908339 0.34811765162091485 0.1184304909161444 0.19110120435383643
20 0.3259098272612656 0.31693705117327714 0.1296230824314133 0.19460815027015244
9 0.15810044498933182 0.2899231394703793 0.12219321970431692 0.19902283175849822
16 0.43785326512359574 0.7595933210435429 0.12933604000775856 0.21017858656782168