21 0.3296875 0.68828125 0.1171875 0.2234375
32 0.31796875 0.26484375 0.10625 0.19375
25 0.18515625 0.6765625 0.109375 0.2125
10 0.6703125 0.2578125 0.12265625 0.221875
21 0.5046875 0.6890625 0.12109375 0.2078125
35 0.7546875 0.4859375 0.11640625 0.22265625
31 0.2453125 0.46875 0.09375 0.18828125
27 0.41875 0.47578125 0.103125 0.19609375
27 0.58203125 0.48359375 0.12109375 0.209375
21 0.321875 0.68203125 0.09765625 0.18359375
20 0.65625 0.68984375 0.10703125 0.18671875
9 0.82578125 0.70546875 0.09921875 0.19140625
16 0.49296875 0.2578125 0.10625 0.203125