25 0.692645602668105 0.14188349506291612 0.23943207146044046 0.19128353590354186
25 0.5637204997728574 0.41317987965593705 0.24428334577069996 0.19451763867708358
25 0.6376106218899817 0.22607796352777726 0.23935018430531088 0.18972103590354186
25 0.5923600768875075 0.3178667264455551 0.24272084577069997 0.1944812710859029
17 0.31391741010659285 0.8257396567257637 0.2525871687014785 0.2040744766329862
17 0.46578536804479453 0.5593846920606247 0.2523415072360892 0.19938697663298638
17 0.421357016619885 0.6519365211828122 0.2523415072360892 0.19938697663298638
8 0.1117120217082677 0.579358885258611 0.17232645861557022 0.191282229482778
17 0.356578543643678 0.7293179451947567 0.2523415072360892 0.19938697663298638
34 0.9486599072815178 0.2936771587225339 0.10268018543696442 0.19952983415618064
34 0.9275971347802805 0.3848476725902422 0.14480573043943892 0.20062086189159736
34 0.8860055172992833 0.5719853030992007 0.2279889654014334 0.20098584422416685
8 0.09203800881796893 0.6666413329219096 0.12397084577069997 0.19171733415618064
8 0.1295778731331772 0.48742530518649296 0.2175570714604405 0.19077438962701407
34 0.9033684187014785 0.47530967164031174 0.193263162597043 0.20341985999173637
26 0.6566515439823623 0.947608124621944 0.22276247060135787 0.081653962765278
8 0.17050941033373548 0.40277689504225683 0.21501192559888344 0.17198802203583358
16 0.23962017921692808 0.25880738307440954 0.20687187697836446 0.16555618407993072
16 0.2883232728399215 0.17319588497427058 0.2118050384437537 0.17035278685347238
16 0.3355866971956095 0.08996450446531222 0.20530937697836435 0.16551981648875017
16 0.37100189676606815 0.03985932095406239 0.2076287935321363 0.07971864190812478
26 0.7216690343714238 0.9046380682011801 0.2208524898232346 0.16432099240055606
26 0.7736609023046768 0.82207883491868 0.23425324852966192 0.1817994331300003
26 0.8059610679539375 0.7219872627303466 0.23277263568479184 0.18332556553881965