31 0.28237889912733516 0.8549179292497786 0.1953947075281045 0.20467063140062186
36 0.7706017296968638 0.44535758759404437 0.19214237353571573 0.20136362087727822
10 0.20623814076155922 0.504727484426746 0.1953310405319102 0.20310813140062187
24 0.702631685210621 0.6597532875375747 0.19214237353571573 0.20136362087727822
8 0.07402113733869917 0.3703587316547357 0.14804227467739833 0.20303253669052862
29 0.13313492730195564 0.7303337001552916 0.19376854053191014 0.20301712613895012
27 0.04134394711080017 0.5962155763648289 0.08268789422160033 0.20131884727034208
7 0.681642636350116 0.10370768486438642 0.19051620653952134 0.19971011561560634
17 0.19139036806132728 0.2187745738751674 0.18889003954332698 0.19805661035393446
18 0.26583726973448246 0.28536356342241087 0.18889003954332698 0.19805661035393454
0 0.8223246916735928 0.2280111928980685 0.1904525395433269 0.19814761561560632
41 0.47849112003849364 0.19270010835838308 0.19214237353571573 0.20136362087727816
9 0.13335373908840403 0.43804748961783063 0.18563770555093823 0.19474959983059076
30 0.20852224646559678 0.7929709370716993 0.19864704152049334 0.20797764192396553
40 0.40613330038056084 0.13222461091863186 0.19214237353571573 0.20136362087727822
23 0.6279937825488827 0.5978517979903313 0.18889003954332698 0.19805661035393457
39 0.3259948142207253 0.08370860011293947 0.19176037155854947 0.16741720022587894
22 0.5563853793928527 0.538112047919744 0.1953310405319101 0.20310813140062187
21 0.48715255973491994 0.4774545399566491 0.1953310405319101 0.20310813140062187
32 0.35696772224530904 0.898896171427858 0.19542919961943922 0.1672616366622936
37 0.8417962973776302 0.5152535876646315 0.1921423735357158 0.20136362087727805
25 0.7743037553628455 0.7179305376081617 0.1872638725471326 0.19640310509226264
14 0.4975675004199295 0.7574304662932432 0.19708454152049323 0.20788663666229362
28 0.07978702319452355 0.6610824421921968 0.1595740463890471 0.2028351156156063
11 0.2784049594309088 0.5698904818664972 0.2002732085166877 0.20963114718563744
35 0.6952462440313198 0.3819391006776368 0.19051620653952134 0.1997101156156063
5 0.5315564061217795 0.037122755473433355 0.1868871877564411 0.07424551094686671
4 0.6128408982131142 0.07216561340829344 0.18681820357377177 0.1443312268165869
19 0.33813142239622085 0.3474015608621621 0.18889003954332698 0.19805661035393457
1 0.8968670938410395 0.29225643244531196 0.1856377055509384 0.1947495998305908
13 0.4262455987467743 0.690659466222656 0.19702087452429887 0.2063241366622938
12 0.3523889460850359 0.6287124740445765 0.19864704152049342 0.2079776419239657
15 0.5715514870740567 0.8162524584713224 0.19376854053191012 0.20301712613895012
2 0.9337184950199031 0.3633732982726799 0.1059502055509384 0.19010833148532652
38 0.9017496175298547 0.5741133771977576 0.15244320357377178 0.1834634893354819
33 0.43125279783474085 0.9312011662367734 0.17837435079830274 0.0930050893072469
16 0.6440684742224754 0.8728217059110739 0.17900570357377177 0.18501057878390342
20 0.4165800745636676 0.411419287255226 0.19051620653952134 0.1997101156156063