2 0.5015625 0.1625 0.015625 0.0375
30 0.5203125 0.1609375 0.015625 0.034375
27 0.54140625 0.15859375 0.0140625 0.034375
13 0.56015625 0.159375 0.015625 0.034375
22 0.57890625 0.1640625 0.015625 0.04375
6 0.5984375 0.16484375 0.015625 0.034375
9 0.61796875 0.159375 0.0140625 0.034375
3 0.6375 0.16328125 0.0125 0.0515625
26 0.65390625 0.1609375 0.015625 0.0484375
2 0.6734375 0.165625 0.0171875 0.0484375
5 0.45625 0.24921875 0.015625 0.03125
29 0.48984375 0.24609375 0.015625 0.03125
25 0.51171875 0.24375 0.0171875 0.034375
30 0.5390625 0.23984375 0.0171875 0.0328125
14 0.56015625 0.23671875 0.01875 0.03125
13 0.5859375 0.23359375 0.01875 0.025
4 0.60546875 0.23359375 0.015625 0.03125
2 0.628125 0.23359375 0.021875 0.0296875
17 0.659375 0.23046875 0.01875 0.028125
10 0.4640625 0.30390625 0.01875 0.028125
12 0.4953125 0.3015625 0.0140625 0.0265625
11 0.5203125 0.296875 0.015625 0.03125
26 0.540625 0.296875 0.0171875 0.03125
8 0.56328125 0.29296875 0.015625 0.025
20 0.584375 0.28984375 0.0171875 0.03125
23 0.6109375 0.2890625 0.015625 0.028125
25 0.640625 0.2875 0.0171875 0.03125
7 0.62890625 0.34140625 0.01875 0.028125
16 0.571875 0.35234375 0.015625 0.021875
31 0.54375 0.3578125 0.0125 0.021875
23 0.525 0.3609375 0.015625 0.028125
19 0.4984375 0.36171875 0.015625 0.028125
1 0.471875 0.3640625 0.015625 0.0203125
7 0.45 0.365625 0.015625 0.021875