23 0.41875 0.81953125 0.09375 0.165625
3 0.77109375 0.73359375 0.0875 0.1921875
0 0.859375 0.5484375 0.0609375 0.1671875
11 0.6375 0.76640625 0.078125 0.1765625
32 0.2890625 0.1984375 0.109375 0.2265625
4 0.7921875 0.5546875 0.065625 0.18125
7 0.709375 0.74140625 0.0953125 0.1984375
28 0.34921875 0.62265625 0.090625 0.2140625
10 0.74140625 0.3703125 0.0875 0.1953125
1 0.8890625 0.16640625 0.0671875 0.190625
21 0.5296875 0.1859375 0.06875 0.1890625
26 0.44296875 0.4046875 0.096875 0.165625
8 0.7234375 0.56015625 0.084375 0.165625
33 0.27265625 0.4140625 0.103125 0.175
29 0.37109375 0.19765625 0.09375 0.2171875
2 0.878125 0.36328125 0.0765625 0.1375
25 0.45234375 0.19609375 0.09375 0.209375
5 0.8265625 0.17265625 0.059375 0.165625
9 0.7609375 0.1625 0.0625 0.1546875
13 0.684375 0.18828125 0.0765625 0.1609375
17 0.61328125 0.1828125 0.075 0.1453125
6 0.81171875 0.3625 0.0703125 0.165625
14 0.67265625 0.38125 0.08125 0.171875
18 0.59609375 0.39765625 0.084375 0.16875
22 0.521875 0.39453125 0.0875 0.1859375
30 0.3625 0.4125 0.0875 0.1828125
12 0.65390625 0.5796875 0.06875 0.178125
16 0.58125 0.5890625 0.078125 0.175
20 0.50703125 0.596875 0.071875 0.159375
24 0.4296875 0.6078125 0.084375 0.18125
31 0.2578125 0.62109375 0.0875 0.18125
15 0.56953125 0.77734375 0.0671875 0.1390625
19 0.49296875 0.78984375 0.08125 0.1515625
27 0.32578125 0.82421875 0.084375 0.15