1 0.6578125 0.70703125 0.05625 0.040625
2 0.55859375 0.71875 0.053125 0.0375
5 0.66796875 0.63828125 0.05625 0.0390625
17 0.69140625 0.45546875 0.0546875 0.0375
3 0.40390625 0.7421875 0.046875 0.0375
22 0.60390625 0.39453125 0.05 0.0390625
21 0.696875 0.39296875 0.05625 0.04375
14 0.58828125 0.5171875 0.046875 0.034375
7 0.41171875 0.678125 0.05 0.0328125
9 0.671875 0.575 0.05625 0.0375
18 0.6 0.45625 0.053125 0.034375
33 0.61796875 0.2421875 0.046875 0.0390625
28 0.54375 0.29296875 0.04375 0.04375
13 0.68046875 0.5109375 0.053125 0.0375
12 0.51796875 0.5234375 0.05 0.0359375
6 0.5703125 0.6484375 0.0515625 0.0375
27 0.45546875 0.38125 0.05 0.040625
29 0.7078125 0.26875 0.053125 0.040625
26 0.60859375 0.3390625 0.05 0.040625
0 0.48515625 0.72734375 0.053125 0.034375
20 0.53046875 0.40390625 0.046875 0.034375
16 0.52734375 0.4578125 0.05 0.034375
24 0.534375 0.35078125 0.0453125 0.040625
31 0.5484375 0.2484375 0.0453125 0.046875
25 0.7015625 0.33828125 0.05625 0.04375
23 0.4421875 0.44765625 0.046875 0.0390625
32 0.715625 0.20546875 0.05 0.046875
8 0.5078125 0.58359375 0.05 0.0359375
11 0.41796875 0.61796875 0.046875 0.0421875
30 0.6140625 0.2890625 0.0484375 0.040625
4 0.4984375 0.6484375 0.05 0.0328125
10 0.58125 0.58515625 0.05 0.034375
15 0.43515625 0.56796875 0.0421875 0.028125
19 0.4421875 0.5109375 0.0421875 0.03125