3 0.3765625 0.68671875 0.0984375 0.1890625
31 0.84453125 0.71015625 0.071875 0.1703125
32 0.8109375 0.41015625 0.053125 0.1375
17 0.5703125 0.284375 0.071875 0.15
2 0.3046875 0.33828125 0.084375 0.165625
8 0.47109375 0.55546875 0.075 0.14375
12 0.540625 0.58515625 0.078125 0.1375
7 0.45625 0.715625 0.0640625 0.134375
5 0.36796875 0.20625 0.0640625 0.153125
0 0.328125 0.5 0.06875 0.1515625
28 0.78828125 0.69140625 0.065625 0.16875
9 0.4359375 0.22421875 0.0625 0.1375
20 0.66640625 0.63671875 0.078125 0.1546875
21 0.63125 0.32265625 0.06875 0.1625
11 0.51953125 0.721875 0.071875 0.125
24 0.73046875 0.66953125 0.0703125 0.15
4 0.40546875 0.5328125 0.0703125 0.121875
16 0.6140625 0.615625 0.0828125 0.1828125
15 0.5796875 0.75078125 0.0609375 0.103125
19 0.653125 0.7734375 0.05625 0.125
23 0.71640625 0.81015625 0.05625 0.1109375
27 0.77421875 0.83203125 0.04375 0.1140625
6 0.384375 0.36484375 0.059375 0.1390625
10 0.45234375 0.396875 0.0625 0.146875
14 0.52421875 0.43125 0.0640625 0.146875
18 0.58828125 0.4609375 0.0640625 0.1390625
22 0.6484375 0.48125 0.0625 0.153125
26 0.70859375 0.50859375 0.0734375 0.14375
30 0.76484375 0.5359375 0.065625 0.1296875
33 0.8296875 0.56484375 0.05625 0.1359375
29 0.7515625 0.38203125 0.0546875 0.1375
25 0.69453125 0.3546875 0.059375 0.1234375
13 0.49921875 0.26875 0.0625 0.121875
1 0.29375 0.16015625 0.071875 0.16875