1 0.76328125 0.96015625 0.4203125 0.075
5 0.76171875 0.875 0.409375 0.0640625
9 0.7484375 0.78828125 0.40625 0.0828125
13 0.74921875 0.7046875 0.4078125 0.0828125
17 0.746875 0.62109375 0.403125 0.084375
21 0.7453125 0.53828125 0.409375 0.08125
25 0.728125 0.45546875 0.403125 0.078125
29 0.725 0.36953125 0.4078125 0.0765625
32 0.7390625 0.290625 0.434375 0.08125
27 0.73125 0.209375 0.45 0.075
23 0.73671875 0.125 0.43125 0.078125
19 0.728125 0.0453125 0.45 0.078125
7 0.2515625 0.128125 0.425 0.071875
3 0.25859375 0.2046875 0.4359375 0.078125
2 0.28046875 0.9578125 0.428125 0.08125
6 0.2796875 0.87421875 0.425 0.0859375
10 0.2703125 0.7890625 0.44375 0.0796875
14 0.26328125 0.7078125 0.41875 0.0765625
18 0.26328125 0.61796875 0.409375 0.0703125
22 0.2640625 0.5375 0.40625 0.0640625
26 0.265625 0.453125 0.425 0.0609375
30 0.25546875 0.371875 0.409375 0.06875
33 0.24453125 0.28984375 0.4140625 0.0625