2 0.0421875 0.23828125 0.0765625 0.4296875
6 0.125 0.253125 0.071875 0.40625
10 0.21171875 0.2546875 0.0703125 0.421875
14 0.30078125 0.25078125 0.059375 0.4109375
18 0.3796875 0.25078125 0.0671875 0.4265625
22 0.46484375 0.26484375 0.0640625 0.43125
26 0.54765625 0.2640625 0.0640625 0.43125
30 0.634375 0.2765625 0.059375 0.40625
33 0.71484375 0.27265625 0.059375 0.4296875
3 0.79609375 0.27421875 0.065625 0.39375
7 0.87578125 0.26640625 0.053125 0.390625
15 0.87578125 0.73046875 0.053125 0.35625
11 0.79453125 0.76484375 0.065625 0.3375
31 0.71171875 0.746875 0.06875 0.4375
0 0.04375 0.72890625 0.065625 0.415625
4 0.1265625 0.71953125 0.065625 0.3875
8 0.21484375 0.72421875 0.05625 0.40625
12 0.29453125 0.7421875 0.065625 0.396875
16 0.384375 0.75078125 0.06875 0.4109375
20 0.465625 0.73828125 0.065625 0.41875
24 0.54609375 0.75703125 0.065625 0.434375
28 0.63359375 0.74375 0.06875 0.4234375