2 0.41796875 0.18359375 0.1125 0.1
1 0.2046875 0.1765625 0.1203125 0.0796875
8 0.60859375 0.33515625 0.096875 0.0875
6 0.41484375 0.26640625 0.115625 0.05625
17 0.17421875 0.553125 0.1203125 0.09375
14 0.4140625 0.428125 0.109375 0.0828125
0 0.63828125 0.13046875 0.1 0.0890625
3 0.8515625 0.15625 0.0890625 0.0625
5 0.19453125 0.27890625 0.125 0.0875
9 0.18515625 0.3703125 0.1328125 0.115625
7 0.82890625 0.25859375 0.0875 0.06875
20 0.5796875 0.55390625 0.103125 0.0671875
12 0.59296875 0.40703125 0.096875 0.08125
13 0.17734375 0.465625 0.121875 0.109375
22 0.3890625 0.60234375 0.115625 0.08125
4 0.61875 0.22421875 0.096875 0.0953125
11 0.80625 0.32578125 0.078125 0.0609375
18 0.4015625 0.5125 0.1078125 0.078125
10 0.4125 0.35390625 0.1125 0.0796875
33 0.36328125 0.86015625 0.103125 0.0984375
25 0.17578125 0.7171875 0.1109375 0.0921875
15 0.7890625 0.41171875 0.0765625 0.053125
24 0.55703125 0.6390625 0.1015625 0.08125
26 0.36171875 0.68515625 0.11875 0.0890625
16 0.6 0.48671875 0.096875 0.08125
19 0.7796875 0.4890625 0.0921875 0.0625
30 0.35546875 0.76953125 0.1125 0.08125
29 0.17109375 0.79765625 0.115625 0.1015625
23 0.7828125 0.56796875 0.06875 0.046875
21 0.17578125 0.6390625 0.1125 0.0828125
31 0.546875 0.84296875 0.090625 0.078125
32 0.16640625 0.88125 0.109375 0.1015625
28 0.546875 0.72890625 0.096875 0.075
27 0.75 0.70390625 0.0859375 0.0484375