13 0.06953125 0.465625 0.0609375 0.05
1 0.08359375 0.228125 0.065625 0.05625
11 0.35625 0.4359375 0.065625 0.0484375
27 0.31875 0.74609375 0.0609375 0.05
9 0.0734375 0.3921875 0.065625 0.05
33 0.13984375 0.88359375 0.0671875 0.0515625
30 0.15546875 0.7859375 0.059375 0.0453125
25 0.05625 0.70390625 0.0609375 0.053125
3 0.371875 0.275 0.0625 0.046875
29 0.05625 0.796875 0.0625 0.0515625
5 0.07734375 0.3203125 0.06875 0.0546875
7 0.36953125 0.35390625 0.0640625 0.046875
22 0.1734375 0.62578125 0.0640625 0.0453125
23 0.33203125 0.6515625 0.0625 0.05
2 0.196875 0.23125 0.065625 0.0546875
24 0.24765625 0.7 0.0625 0.046875
17 0.0640625 0.54140625 0.0578125 0.0484375
18 0.1859375 0.54921875 0.065625 0.0484375
31 0.228125 0.84296875 0.059375 0.04375
26 0.16328125 0.70390625 0.0625 0.05
21 0.0640625 0.61953125 0.0609375 0.0484375
32 0.05078125 0.8765625 0.05625 0.05
28 0.23515625 0.77109375 0.053125 0.04375
20 0.2578125 0.62734375 0.0625 0.04375
15 0.34765625 0.5015625 0.059375 0.0453125
0 0.30234375 0.22734375 0.08125 0.05
4 0.2953125 0.3046875 0.0828125 0.05625
8 0.28203125 0.3734375 0.0625 0.0421875
19 0.3390625 0.57265625 0.059375 0.0359375
12 0.27421875 0.465625 0.0640625 0.03125
16 0.26796875 0.53125 0.0546875 0.028125
6 0.19921875 0.31875 0.0625 0.0328125
10 0.19453125 0.4046875 0.059375 0.0375
14 0.1828125 0.48984375 0.059375 0.034375