3 0.31328125 0.3765625 0.1890625 0.0984375
31 0.28984375 0.84453125 0.16875 0.071875
32 0.58984375 0.8109375 0.1375 0.053125
17 0.715625 0.5703125 0.15 0.071875
2 0.66171875 0.3046875 0.165625 0.084375
8 0.44453125 0.47109375 0.14375 0.075
12 0.41484375 0.540625 0.1375 0.078125
7 0.284375 0.45625 0.134375 0.0640625
5 0.79375 0.36796875 0.153125 0.0640625
0 0.5 0.328125 0.1515625 0.06875
28 0.30859375 0.78828125 0.16875 0.065625
9 0.77578125 0.4359375 0.1375 0.0625
20 0.36328125 0.66640625 0.1546875 0.078125
21 0.67734375 0.63125 0.1625 0.06875
11 0.278125 0.51953125 0.125 0.071875
24 0.33046875 0.73046875 0.15 0.0703125
4 0.4671875 0.40546875 0.121875 0.0703125
16 0.384375 0.6140625 0.1828125 0.0828125
15 0.24921875 0.5796875 0.103125 0.0609375
19 0.2265625 0.653125 0.125 0.05625
23 0.18984375 0.71640625 0.1125 0.05625
27 0.16796875 0.77421875 0.115625 0.04375
6 0.63515625 0.384375 0.1390625 0.059375
10 0.603125 0.45234375 0.146875 0.0625
14 0.56875 0.52421875 0.146875 0.0640625
18 0.5390625 0.58828125 0.1390625 0.0640625
22 0.51875 0.6484375 0.153125 0.0625
26 0.49140625 0.70859375 0.14375 0.0734375
30 0.4640625 0.76484375 0.1296875 0.065625
33 0.43515625 0.8296875 0.1359375 0.05625
29 0.61796875 0.7515625 0.1375 0.0546875
25 0.6453125 0.69453125 0.1234375 0.059375
13 0.73125 0.49921875 0.121875 0.0625
1 0.83984375 0.29375 0.16875 0.071875