0 0.11328125 0.66875 0.096875 0.146875
9 0.334375 0.34140625 0.0859375 0.1609375
31 0.790625 0.5640625 0.103125 0.146875
3 0.1828125 0.79296875 0.090625 0.13125
1 0.1453125 0.378125 0.096875 0.159375
4 0.20390625 0.665625 0.0921875 0.1375
7 0.26484375 0.78125 0.09375 0.128125
33 0.82265625 0.42265625 0.1 0.15
2 0.128125 0.53203125 0.1 0.1578125
10 0.31015625 0.51171875 0.096875 0.175
32 0.86328125 0.275 0.0875 0.1640625
27 0.67890625 0.72109375 0.096875 0.1359375
14 0.4 0.4875 0.0953125 0.1625
20 0.54609375 0.6109375 0.1 0.1640625
29 0.7765625 0.29296875 0.0703125 0.159375
22 0.5703125 0.46171875 0.1 0.16875
18 0.4859375 0.4796875 0.06875 0.1375
15 0.43828125 0.7546875 0.0921875 0.128125
23 0.59765625 0.73359375 0.09375 0.13125
13 0.42265625 0.33203125 0.075 0.1625
28 0.70703125 0.5890625 0.1 0.14375
17 0.51015625 0.31796875 0.08125 0.1625
25 0.6859375 0.30078125 0.084375 0.175
8 0.290625 0.6546875 0.0953125 0.14375
11 0.3546875 0.7578125 0.096875 0.1375
5 0.2390625 0.36640625 0.1 0.15625
24 0.625 0.60390625 0.0953125 0.14375
12 0.37578125 0.63046875 0.09375 0.140625
26 0.65546875 0.4578125 0.103125 0.178125
30 0.73828125 0.45234375 0.103125 0.171875
16 0.46015625 0.6234375 0.0984375 0.1609375
6 0.22109375 0.52265625 0.09375 0.1703125
19 0.51796875 0.740625 0.096875 0.121875
21 0.59609375 0.3171875 0.071875 0.15