25 0.5234375 0.21796875 0.090625 0.196875
31 0.721875 0.6375 0.096875 0.20625
0 0.13828125 0.52421875 0.075 0.184375
20 0.4796875 0.57578125 0.084375 0.19375
9 0.23046875 0.20390625 0.0796875 0.1890625
32 0.68984375 0.23203125 0.1 0.20625
33 0.70859375 0.43046875 0.096875 0.2
23 0.55703125 0.77265625 0.103125 0.1984375
8 0.275 0.5625 0.0875 0.19375
15 0.4125 0.7578125 0.1015625 0.19375
2 0.121875 0.35703125 0.0859375 0.1796875
3 0.20703125 0.70625 0.08125 0.18125
24 0.56484375 0.596875 0.1 0.203125
16 0.4203125 0.5640625 0.084375 0.19375
11 0.33984375 0.7484375 0.09375 0.178125
28 0.64609375 0.61328125 0.09375 0.196875
1 0.09375 0.1859375 0.071875 0.1828125
27 0.63671875 0.79609375 0.0921875 0.1859375
29 0.60703125 0.23125 0.0875 0.203125
7 0.27109375 0.7390625 0.059375 0.1703125
4 0.20078125 0.53984375 0.09375 0.190625
21 0.44375 0.19609375 0.0765625 0.1828125
12 0.340625 0.571875 0.090625 0.1828125
17 0.3765625 0.18984375 0.084375 0.19375
26 0.546875 0.41484375 0.1 0.19375
5 0.159375 0.1875 0.075 0.1859375
30 0.62421875 0.425 0.084375 0.203125
28 0.64453125 0.6109375 0.06875 0.171875
13 0.30546875 0.234375 0.075 0.15625
6 0.19140625 0.36953125 0.0640625 0.171875
10 0.25234375 0.3890625 0.059375 0.1625
14 0.3203125 0.4046875 0.06875 0.16875
18 0.39296875 0.38984375 0.06875 0.159375
22 0.46953125 0.4015625 0.08125 0.15
19 0.48515625 0.76484375 0.078125 0.1625