1 0.97578125 0.78828125 0.03125 0.140625
5 0.946875 0.78515625 0.0234375 0.1421875
9 0.91796875 0.771875 0.028125 0.1421875
13 0.890625 0.75390625 0.025 0.1296875
17 0.86171875 0.7796875 0.034375 0.1375
21 0.83203125 0.76875 0.028125 0.1421875
25 0.8 0.75625 0.03125 0.1421875
29 0.76953125 0.7484375 0.028125 0.134375
32 0.734375 0.7453125 0.034375 0.1453125
2 0.9625 0.6390625 0.03125 0.134375
6 0.93515625 0.63125 0.0265625 0.1359375
10 0.909375 0.61171875 0.03125 0.1328125
14 0.8828125 0.603125 0.028125 0.1328125
18 0.853125 0.61953125 0.028125 0.134375
22 0.825 0.6046875 0.03125 0.1453125
26 0.79375 0.59453125 0.03125 0.140625
30 0.76171875 0.5828125 0.0328125 0.159375
33 0.72734375 0.58046875 0.0359375 0.1453125
0 0.9578125 0.49296875 0.028125 0.128125
4 0.9296875 0.48046875 0.0296875 0.11875
8 0.90390625 0.46484375 0.03125 0.125
12 0.8765625 0.45 0.025 0.11875
16 0.84765625 0.46875 0.028125 0.140625
20 0.81875 0.45078125 0.028125 0.1296875
24 0.7875 0.43359375 0.028125 0.1296875
28 0.75625 0.4203125 0.028125 0.1375
31 0.721875 0.39609375 0.0328125 0.15
3 0.92890625 0.3421875 0.0234375 0.1171875
7 0.903125 0.328125 0.025 0.1171875
11 0.87578125 0.31484375 0.025 0.090625
15 0.84609375 0.29765625 0.028125 0.096875
19 0.81796875 0.3046875 0.028125 0.128125
23 0.78671875 0.28984375 0.03125 0.128125
27 0.75703125 0.271875 0.0296875 0.128125