28 0.04150390625 0.033203125 0.0830078125 0.06640625
16 0.16650390625 0.046875 0.0830078125 0.09375
10 0.29150390625 0.044921875 0.0830078125 0.08984375
12 0.41650390625 0.041015625 0.0830078125 0.08203125
15 0.54150390625 0.04541015625 0.0830078125 0.0908203125
0 0.66650390625 0.04638671875 0.0830078125 0.0927734375
30 0.79150390625 0.0400390625 0.0830078125 0.080078125
24 0.91650390625 0.03466796875 0.0830078125 0.0693359375
16 0.04150390625 0.15673828125 0.0830078125 0.0634765625
5 0.16650390625 0.17431640625 0.0830078125 0.0986328125
19 0.29150390625 0.17822265625 0.0830078125 0.1064453125
24 0.41650390625 0.1630859375 0.0830078125 0.076171875
7 0.54150390625 0.1650390625 0.0830078125 0.080078125
12 0.66650390625 0.17529296875 0.0830078125 0.1005859375
19 0.79150390625 0.1796875 0.0830078125 0.109375
24 0.91650390625 0.17578125 0.0830078125 0.1015625
20 0.04150390625 0.28515625 0.0830078125 0.0703125
27 0.16650390625 0.29345703125 0.0830078125 0.0869140625
21 0.29150390625 0.29541015625 0.0830078125 0.0908203125
9 0.41650390625 0.29443359375 0.0830078125 0.0888671875
31 0.54150390625 0.30078125 0.0830078125 0.1015625
15 0.66650390625 0.28564453125 0.0830078125 0.0712890625
27 0.79150390625 0.29638671875 0.0830078125 0.0927734375
30 0.91650390625 0.28662109375 0.0830078125 0.0732421875
2 0.04150390625 0.41552734375 0.0830078125 0.0810546875
31 0.16650390625 0.42529296875 0.0830078125 0.1005859375
1 0.29150390625 0.41796875 0.0830078125 0.0859375
19 0.41650390625 0.41748046875 0.0830078125 0.0849609375
1 0.54150390625 0.408203125 0.0830078125 0.06640625
33 0.66650390625 0.41845703125 0.0830078125 0.0869140625
13 0.79150390625 0.42138671875 0.0830078125 0.0927734375
27 0.91650390625 0.41552734375 0.0830078125 0.0810546875
23 0.04150390625 0.537109375 0.0830078125 0.07421875
31 0.16650390625 0.54443359375 0.0830078125 0.0888671875
16 0.29150390625 0.53515625 0.0830078125 0.0703125
11 0.41650390625 0.54052734375 0.0830078125 0.0810546875
1 0.54150390625 0.54638671875 0.0830078125 0.0927734375
29 0.66650390625 0.53125 0.0830078125 0.0625
13 0.79150390625 0.54931640625 0.0830078125 0.0986328125
13 0.91650390625 0.54541015625 0.0830078125 0.0908203125
10 0.04150390625 0.6591796875 0.0830078125 0.068359375
23 0.16650390625 0.66015625 0.0830078125 0.0703125
26 0.29150390625 0.66943359375 0.0830078125 0.0888671875
0 0.41650390625 0.6611328125 0.0830078125 0.072265625
26 0.54150390625 0.66552734375 0.0830078125 0.0810546875
17 0.66650390625 0.6650390625 0.0830078125 0.080078125
15 0.79150390625 0.671875 0.0830078125 0.09375
24 0.91650390625 0.6728515625 0.0830078125 0.095703125
30 0.04150390625 0.78369140625 0.0830078125 0.0673828125
25 0.16650390625 0.7919921875 0.0830078125 0.083984375
20 0.29150390625 0.78271484375 0.0830078125 0.0654296875
19 0.41650390625 0.787109375 0.0830078125 0.07421875
1 0.54150390625 0.7900390625 0.0830078125 0.080078125
11 0.66650390625 0.7841796875 0.0830078125 0.068359375
18 0.79150390625 0.78173828125 0.0830078125 0.0634765625
16 0.91650390625 0.7978515625 0.0830078125 0.095703125
10 0.04150390625 0.912109375 0.0830078125 0.07421875
0 0.16650390625 0.916015625 0.0830078125 0.08203125
9 0.29150390625 0.90869140625 0.0830078125 0.0673828125
27 0.41650390625 0.90673828125 0.0830078125 0.0634765625
25 0.54150390625 0.91552734375 0.0830078125 0.0810546875
27 0.66650390625 0.90673828125 0.0830078125 0.0634765625
7 0.79150390625 0.91162109375 0.0830078125 0.0732421875
5 0.91650390625 0.921875 0.0830078125 0.09375
