11 0.0830078125 0.0673828125 0.166015625 0.134765625
15 0.3330078125 0.06689453125 0.166015625 0.1337890625
0 0.5830078125 0.06396484375 0.166015625 0.1279296875
28 0.8330078125 0.09326171875 0.166015625 0.1865234375
15 0.0830078125 0.3251953125 0.166015625 0.150390625
13 0.3330078125 0.326171875 0.166015625 0.15234375
12 0.5830078125 0.31689453125 0.166015625 0.1337890625
4 0.8330078125 0.349609375 0.166015625 0.19921875
24 0.0830078125 0.56884765625 0.166015625 0.1376953125
3 0.3330078125 0.57177734375 0.166015625 0.1435546875
11 0.5830078125 0.587890625 0.166015625 0.17578125
0 0.8330078125 0.57373046875 0.166015625 0.1474609375
12 0.0830078125 0.830078125 0.166015625 0.16015625
33 0.3330078125 0.83544921875 0.166015625 0.1708984375
9 0.5830078125 0.833984375 0.166015625 0.16796875
31 0.8330078125 0.81640625 0.166015625 0.1328125
