6 0.06640625 0.08349609375 0.1328125 0.1669921875
20 0.265625 0.0732421875 0.1328125 0.146484375
5 0.4658203125 0.07177734375 0.1328125 0.1435546875
8 0.666015625 0.0634765625 0.1328125 0.126953125
0 0.8662109375 0.0673828125 0.1328125 0.134765625
13 0.06640625 0.26025390625 0.1328125 0.1220703125
24 0.265625 0.27685546875 0.1328125 0.1552734375
17 0.4658203125 0.2724609375 0.1328125 0.146484375
1 0.666015625 0.2783203125 0.1328125 0.158203125
13 0.8662109375 0.27294921875 0.1328125 0.1474609375
11 0.06640625 0.47216796875 0.1328125 0.1455078125
25 0.265625 0.46728515625 0.1328125 0.1357421875
8 0.4658203125 0.47314453125 0.1328125 0.1474609375
33 0.666015625 0.47265625 0.1328125 0.146484375
10 0.8662109375 0.45703125 0.1328125 0.115234375
4 0.06640625 0.64990234375 0.1328125 0.1005859375
14 0.265625 0.68212890625 0.1328125 0.1650390625
6 0.4658203125 0.66748046875 0.1328125 0.1357421875
2 0.666015625 0.67236328125 0.1328125 0.1455078125
1 0.8662109375 0.669921875 0.1328125 0.140625
8 0.06640625 0.8515625 0.1328125 0.103515625
11 0.265625 0.8564453125 0.1328125 0.11328125
25 0.4658203125 0.87158203125 0.1328125 0.1435546875
11 0.666015625 0.8759765625 0.1328125 0.15234375
0 0.8662109375 0.86376953125 0.1328125 0.1279296875
