5 0.04150390625 0.04296875 0.0830078125 0.0859375
6 0.16650390625 0.05322265625 0.0830078125 0.1064453125
11 0.29150390625 0.03955078125 0.0830078125 0.0791015625
27 0.41650390625 0.037109375 0.0830078125 0.07421875
14 0.54150390625 0.04931640625 0.0830078125 0.0986328125
12 0.66650390625 0.044921875 0.0830078125 0.08984375
2 0.79150390625 0.03125 0.0830078125 0.0625
8 0.91650390625 0.03955078125 0.0830078125 0.0791015625
16 0.04150390625 0.17919921875 0.0830078125 0.1083984375
14 0.16650390625 0.16015625 0.0830078125 0.0703125
24 0.29150390625 0.17578125 0.0830078125 0.1015625
26 0.41650390625 0.17138671875 0.0830078125 0.0927734375
6 0.54150390625 0.16259765625 0.0830078125 0.0751953125
13 0.66650390625 0.1640625 0.0830078125 0.078125
26 0.79150390625 0.1640625 0.0830078125 0.078125
5 0.91650390625 0.17138671875 0.0830078125 0.0927734375
23 0.04150390625 0.3046875 0.0830078125 0.109375
29 0.16650390625 0.28173828125 0.0830078125 0.0634765625
9 0.29150390625 0.294921875 0.0830078125 0.08984375
15 0.41650390625 0.29736328125 0.0830078125 0.0947265625
8 0.54150390625 0.2841796875 0.0830078125 0.068359375
29 0.66650390625 0.29443359375 0.0830078125 0.0888671875
28 0.79150390625 0.30419921875 0.0830078125 0.1083984375
20 0.91650390625 0.29150390625 0.0830078125 0.0830078125
23 0.04150390625 0.41943359375 0.0830078125 0.0888671875
31 0.16650390625 0.41552734375 0.0830078125 0.0810546875
14 0.29150390625 0.4169921875 0.0830078125 0.083984375
1 0.41650390625 0.41015625 0.0830078125 0.0703125
20 0.54150390625 0.41015625 0.0830078125 0.0703125
9 0.66650390625 0.4150390625 0.0830078125 0.080078125
24 0.79150390625 0.4072265625 0.0830078125 0.064453125
9 0.91650390625 0.41064453125 0.0830078125 0.0712890625
19 0.04150390625 0.53173828125 0.0830078125 0.0634765625
4 0.16650390625 0.537109375 0.0830078125 0.07421875
10 0.29150390625 0.5517578125 0.0830078125 0.103515625
17 0.41650390625 0.5322265625 0.0830078125 0.064453125
32 0.54150390625 0.55078125 0.0830078125 0.1015625
20 0.66650390625 0.546875 0.0830078125 0.09375
6 0.79150390625 0.54052734375 0.0830078125 0.0810546875
25 0.91650390625 0.54052734375 0.0830078125 0.0810546875
16 0.04150390625 0.6630859375 0.0830078125 0.076171875
17 0.16650390625 0.66357421875 0.0830078125 0.0771484375
19 0.29150390625 0.658203125 0.0830078125 0.06640625
4 0.41650390625 0.67138671875 0.0830078125 0.0927734375
12 0.54150390625 0.67041015625 0.0830078125 0.0908203125
15 0.66650390625 0.671875 0.0830078125 0.09375
27 0.79150390625 0.6728515625 0.0830078125 0.095703125
28 0.91650390625 0.658203125 0.0830078125 0.06640625
14 0.04150390625 0.79052734375 0.0830078125 0.0810546875
8 0.16650390625 0.7841796875 0.0830078125 0.068359375
7 0.29150390625 0.78271484375 0.0830078125 0.0654296875
21 0.41650390625 0.80078125 0.0830078125 0.1015625
9 0.54150390625 0.79345703125 0.0830078125 0.0869140625
11 0.66650390625 0.78466796875 0.0830078125 0.0693359375
1 0.79150390625 0.798828125 0.0830078125 0.09765625
1 0.91650390625 0.78466796875 0.0830078125 0.0693359375
16 0.04150390625 0.92041015625 0.0830078125 0.0908203125
33 0.16650390625 0.91748046875 0.0830078125 0.0849609375
24 0.29150390625 0.92041015625 0.0830078125 0.0908203125
19 0.41650390625 0.92578125 0.0830078125 0.1015625
20 0.54150390625 0.9072265625 0.0830078125 0.064453125
15 0.66650390625 0.91015625 0.0830078125 0.0703125
19 0.79150390625 0.9091796875 0.0830078125 0.068359375
28 0.91650390625 0.9228515625 0.0830078125 0.095703125
