5 0.05517578125 0.0478515625 0.1103515625 0.095703125
2 0.22119140625 0.0517578125 0.1103515625 0.103515625
19 0.38818359375 0.05419921875 0.1103515625 0.1083984375
25 0.55517578125 0.0498046875 0.1103515625 0.099609375
8 0.72119140625 0.0439453125 0.1103515625 0.087890625
12 0.88818359375 0.04296875 0.1103515625 0.0859375
25 0.05517578125 0.23291015625 0.1103515625 0.1337890625
7 0.22119140625 0.228515625 0.1103515625 0.125
8 0.38818359375 0.2294921875 0.1103515625 0.126953125
33 0.55517578125 0.22998046875 0.1103515625 0.1279296875
2 0.72119140625 0.21875 0.1103515625 0.10546875
23 0.88818359375 0.208984375 0.1103515625 0.0859375
31 0.05517578125 0.39501953125 0.1103515625 0.1240234375
28 0.22119140625 0.3837890625 0.1103515625 0.1015625
9 0.38818359375 0.39404296875 0.1103515625 0.1220703125
18 0.55517578125 0.39453125 0.1103515625 0.123046875
26 0.72119140625 0.39208984375 0.1103515625 0.1181640625
5 0.88818359375 0.380859375 0.1103515625 0.095703125
30 0.05517578125 0.56689453125 0.1103515625 0.1337890625
6 0.22119140625 0.55517578125 0.1103515625 0.1103515625
6 0.38818359375 0.55859375 0.1103515625 0.1171875
5 0.55517578125 0.5595703125 0.1103515625 0.119140625
26 0.72119140625 0.54345703125 0.1103515625 0.0869140625
8 0.88818359375 0.5576171875 0.1103515625 0.115234375
1 0.05517578125 0.716796875 0.1103515625 0.1015625
1 0.22119140625 0.70849609375 0.1103515625 0.0849609375
15 0.38818359375 0.7333984375 0.1103515625 0.134765625
21 0.55517578125 0.72705078125 0.1103515625 0.1220703125
18 0.72119140625 0.734375 0.1103515625 0.13671875
14 0.88818359375 0.72119140625 0.1103515625 0.1103515625
17 0.05517578125 0.89013671875 0.1103515625 0.1142578125
17 0.22119140625 0.888671875 0.1103515625 0.111328125
17 0.38818359375 0.88916015625 0.1103515625 0.1123046875
31 0.55517578125 0.88818359375 0.1103515625 0.1103515625
22 0.72119140625 0.8896484375 0.1103515625 0.11328125
1 0.88818359375 0.8779296875 0.1103515625 0.08984375
