25 0.0830078125 0.064453125 0.166015625 0.12890625
4 0.3330078125 0.0859375 0.166015625 0.171875
13 0.5830078125 0.08447265625 0.166015625 0.1689453125
19 0.8330078125 0.1083984375 0.166015625 0.216796875
22 0.0830078125 0.3583984375 0.166015625 0.216796875
10 0.3330078125 0.3388671875 0.166015625 0.177734375
27 0.5830078125 0.33349609375 0.166015625 0.1669921875
12 0.8330078125 0.3427734375 0.166015625 0.185546875
4 0.0830078125 0.59521484375 0.166015625 0.1904296875
15 0.3330078125 0.5986328125 0.166015625 0.197265625
6 0.5830078125 0.56298828125 0.166015625 0.1259765625
21 0.8330078125 0.57080078125 0.166015625 0.1416015625
24 0.0830078125 0.83056640625 0.166015625 0.1611328125
8 0.3330078125 0.84375 0.166015625 0.1875
19 0.5830078125 0.85205078125 0.166015625 0.2041015625
17 0.8330078125 0.81640625 0.166015625 0.1328125
