24 0.04150390625 0.03271484375 0.0830078125 0.0654296875
4 0.16650390625 0.0478515625 0.0830078125 0.095703125
27 0.29150390625 0.03759765625 0.0830078125 0.0751953125
20 0.41650390625 0.044921875 0.0830078125 0.08984375
33 0.54150390625 0.03955078125 0.0830078125 0.0791015625
6 0.66650390625 0.0390625 0.0830078125 0.078125
23 0.79150390625 0.03857421875 0.0830078125 0.0771484375
3 0.91650390625 0.033203125 0.0830078125 0.06640625
8 0.04150390625 0.16650390625 0.0830078125 0.0830078125
18 0.16650390625 0.17529296875 0.0830078125 0.1005859375
18 0.29150390625 0.16064453125 0.0830078125 0.0712890625
9 0.41650390625 0.16357421875 0.0830078125 0.0771484375
25 0.54150390625 0.162109375 0.0830078125 0.07421875
8 0.66650390625 0.16796875 0.0830078125 0.0859375
18 0.79150390625 0.16552734375 0.0830078125 0.0810546875
17 0.91650390625 0.1669921875 0.0830078125 0.083984375
18 0.04150390625 0.296875 0.0830078125 0.09375
18 0.16650390625 0.30029296875 0.0830078125 0.1005859375
3 0.29150390625 0.29443359375 0.0830078125 0.0888671875
24 0.41650390625 0.28515625 0.0830078125 0.0703125
21 0.54150390625 0.28857421875 0.0830078125 0.0771484375
12 0.66650390625 0.287109375 0.0830078125 0.07421875
24 0.79150390625 0.294921875 0.0830078125 0.08984375
14 0.91650390625 0.287109375 0.0830078125 0.07421875
29 0.04150390625 0.41357421875 0.0830078125 0.0771484375
6 0.16650390625 0.42236328125 0.0830078125 0.0947265625
8 0.29150390625 0.41259765625 0.0830078125 0.0751953125
20 0.41650390625 0.41845703125 0.0830078125 0.0869140625
10 0.54150390625 0.4130859375 0.0830078125 0.076171875
15 0.66650390625 0.4169921875 0.0830078125 0.083984375
24 0.79150390625 0.41357421875 0.0830078125 0.0771484375
32 0.91650390625 0.416015625 0.0830078125 0.08203125
12 0.04150390625 0.5322265625 0.0830078125 0.064453125
28 0.16650390625 0.53076171875 0.0830078125 0.0615234375
2 0.29150390625 0.55322265625 0.0830078125 0.1064453125
6 0.41650390625 0.54296875 0.0830078125 0.0859375
2 0.54150390625 0.54443359375 0.0830078125 0.0888671875
30 0.66650390625 0.544921875 0.0830078125 0.08984375
10 0.79150390625 0.5439453125 0.0830078125 0.087890625
31 0.91650390625 0.533203125 0.0830078125 0.06640625
15 0.04150390625 0.673828125 0.0830078125 0.09765625
26 0.16650390625 0.67919921875 0.0830078125 0.1083984375
26 0.29150390625 0.6650390625 0.0830078125 0.080078125
30 0.41650390625 0.67578125 0.0830078125 0.1015625
14 0.54150390625 0.6728515625 0.0830078125 0.095703125
0 0.66650390625 0.6572265625 0.0830078125 0.064453125
2 0.79150390625 0.66064453125 0.0830078125 0.0712890625
6 0.91650390625 0.66650390625 0.0830078125 0.0830078125
20 0.04150390625 0.7900390625 0.0830078125 0.080078125
32 0.16650390625 0.79052734375 0.0830078125 0.0810546875
1 0.29150390625 0.7939453125 0.0830078125 0.087890625
2 0.41650390625 0.791015625 0.0830078125 0.08203125
20 0.54150390625 0.7841796875 0.0830078125 0.068359375
23 0.66650390625 0.7861328125 0.0830078125 0.072265625
15 0.79150390625 0.79296875 0.0830078125 0.0859375
17 0.91650390625 0.79736328125 0.0830078125 0.0947265625
4 0.04150390625 0.90625 0.0830078125 0.0625
26 0.16650390625 0.9228515625 0.0830078125 0.095703125
25 0.29150390625 0.92529296875 0.0830078125 0.1005859375
25 0.41650390625 0.9228515625 0.0830078125 0.095703125
16 0.54150390625 0.92236328125 0.0830078125 0.0947265625
28 0.66650390625 0.921875 0.0830078125 0.09375
29 0.79150390625 0.92041015625 0.0830078125 0.0908203125
30 0.91650390625 0.908203125 0.0830078125 0.06640625
