24 0.04150390625 0.0439453125 0.0830078125 0.087890625
19 0.16650390625 0.04248046875 0.0830078125 0.0849609375
15 0.29150390625 0.037109375 0.0830078125 0.07421875
15 0.41650390625 0.04638671875 0.0830078125 0.0927734375
11 0.54150390625 0.03466796875 0.0830078125 0.0693359375
25 0.66650390625 0.03515625 0.0830078125 0.0703125
10 0.79150390625 0.05419921875 0.0830078125 0.1083984375
24 0.91650390625 0.04296875 0.0830078125 0.0859375
12 0.04150390625 0.162109375 0.0830078125 0.07421875
13 0.16650390625 0.158203125 0.0830078125 0.06640625
12 0.29150390625 0.17138671875 0.0830078125 0.0927734375
8 0.41650390625 0.16845703125 0.0830078125 0.0869140625
2 0.54150390625 0.1640625 0.0830078125 0.078125
0 0.66650390625 0.15966796875 0.0830078125 0.0693359375
32 0.79150390625 0.166015625 0.0830078125 0.08203125
1 0.91650390625 0.15576171875 0.0830078125 0.0615234375
22 0.04150390625 0.2841796875 0.0830078125 0.068359375
26 0.16650390625 0.29345703125 0.0830078125 0.0869140625
15 0.29150390625 0.28515625 0.0830078125 0.0703125
13 0.41650390625 0.28515625 0.0830078125 0.0703125
29 0.54150390625 0.2939453125 0.0830078125 0.087890625
29 0.66650390625 0.28955078125 0.0830078125 0.0791015625
13 0.79150390625 0.29345703125 0.0830078125 0.0869140625
10 0.91650390625 0.30419921875 0.0830078125 0.1083984375
25 0.04150390625 0.4189453125 0.0830078125 0.087890625
14 0.16650390625 0.42822265625 0.0830078125 0.1064453125
12 0.29150390625 0.4130859375 0.0830078125 0.076171875
7 0.41650390625 0.4169921875 0.0830078125 0.083984375
3 0.54150390625 0.4091796875 0.0830078125 0.068359375
18 0.66650390625 0.421875 0.0830078125 0.09375
21 0.79150390625 0.4091796875 0.0830078125 0.068359375
0 0.91650390625 0.41796875 0.0830078125 0.0859375
33 0.04150390625 0.53515625 0.0830078125 0.0703125
12 0.16650390625 0.54541015625 0.0830078125 0.0908203125
19 0.29150390625 0.54248046875 0.0830078125 0.0849609375
18 0.41650390625 0.53515625 0.0830078125 0.0703125
3 0.54150390625 0.5322265625 0.0830078125 0.064453125
28 0.66650390625 0.5439453125 0.0830078125 0.087890625
18 0.79150390625 0.546875 0.0830078125 0.09375
9 0.91650390625 0.546875 0.0830078125 0.09375
28 0.04150390625 0.66552734375 0.0830078125 0.0810546875
29 0.16650390625 0.671875 0.0830078125 0.09375
30 0.29150390625 0.6669921875 0.0830078125 0.083984375
17 0.41650390625 0.666015625 0.0830078125 0.08203125
30 0.54150390625 0.66943359375 0.0830078125 0.0888671875
10 0.66650390625 0.66650390625 0.0830078125 0.0830078125
11 0.79150390625 0.662109375 0.0830078125 0.07421875
27 0.91650390625 0.6728515625 0.0830078125 0.095703125
2 0.04150390625 0.78564453125 0.0830078125 0.0712890625
26 0.16650390625 0.79931640625 0.0830078125 0.0986328125
13 0.29150390625 0.8056640625 0.0830078125 0.111328125
16 0.41650390625 0.796875 0.0830078125 0.09375
27 0.54150390625 0.796875 0.0830078125 0.09375
24 0.66650390625 0.79296875 0.0830078125 0.0859375
16 0.79150390625 0.78564453125 0.0830078125 0.0712890625
12 0.91650390625 0.7890625 0.0830078125 0.078125
5 0.04150390625 0.92138671875 0.0830078125 0.0927734375
4 0.16650390625 0.908203125 0.0830078125 0.06640625
23 0.29150390625 0.921875 0.0830078125 0.09375
17 0.41650390625 0.908203125 0.0830078125 0.06640625
19 0.54150390625 0.9228515625 0.0830078125 0.095703125
6 0.66650390625 0.92236328125 0.0830078125 0.0947265625
6 0.79150390625 0.91357421875 0.0830078125 0.0771484375
22 0.91650390625 0.916015625 0.0830078125 0.08203125
