33 0.06640625 0.060546875 0.1328125 0.12109375
31 0.265625 0.05419921875 0.1328125 0.1083984375
8 0.4658203125 0.076171875 0.1328125 0.15234375
12 0.666015625 0.08349609375 0.1328125 0.1669921875
29 0.8662109375 0.060546875 0.1328125 0.12109375
21 0.06640625 0.25390625 0.1328125 0.109375
14 0.265625 0.265625 0.1328125 0.1328125
14 0.4658203125 0.28271484375 0.1328125 0.1669921875
24 0.666015625 0.26123046875 0.1328125 0.1240234375
5 0.8662109375 0.26220703125 0.1328125 0.1259765625
13 0.06640625 0.46484375 0.1328125 0.130859375
0 0.265625 0.47900390625 0.1328125 0.1591796875
11 0.4658203125 0.451171875 0.1328125 0.103515625
20 0.666015625 0.45947265625 0.1328125 0.1201171875
0 0.8662109375 0.46728515625 0.1328125 0.1357421875
22 0.06640625 0.6533203125 0.1328125 0.107421875
20 0.265625 0.66064453125 0.1328125 0.1220703125
32 0.4658203125 0.677734375 0.1328125 0.15625
23 0.666015625 0.66748046875 0.1328125 0.1357421875
25 0.8662109375 0.666015625 0.1328125 0.1328125
3 0.06640625 0.86474609375 0.1328125 0.1298828125
30 0.265625 0.8544921875 0.1328125 0.109375
23 0.4658203125 0.86865234375 0.1328125 0.1376953125
33 0.666015625 0.85693359375 0.1328125 0.1142578125
18 0.8662109375 0.869140625 0.1328125 0.138671875
