27 0.0830078125 0.0810546875 0.166015625 0.162109375
12 0.3330078125 0.08349609375 0.166015625 0.1669921875
7 0.5830078125 0.0712890625 0.166015625 0.142578125
22 0.8330078125 0.09619140625 0.166015625 0.1923828125
25 0.0830078125 0.34375 0.166015625 0.1875
5 0.3330078125 0.34033203125 0.166015625 0.1806640625
5 0.5830078125 0.349609375 0.166015625 0.19921875
4 0.8330078125 0.3359375 0.166015625 0.171875
28 0.0830078125 0.5751953125 0.166015625 0.150390625
11 0.3330078125 0.564453125 0.166015625 0.12890625
29 0.5830078125 0.58154296875 0.166015625 0.1630859375
25 0.8330078125 0.5830078125 0.166015625 0.166015625
20 0.0830078125 0.8212890625 0.166015625 0.142578125
3 0.3330078125 0.83349609375 0.166015625 0.1669921875
25 0.5830078125 0.8486328125 0.166015625 0.197265625
27 0.8330078125 0.83203125 0.166015625 0.1640625
