14 0.04150390625 0.05078125 0.0830078125 0.1015625
24 0.16650390625 0.04736328125 0.0830078125 0.0947265625
29 0.29150390625 0.03662109375 0.0830078125 0.0732421875
5 0.41650390625 0.04443359375 0.0830078125 0.0888671875
8 0.54150390625 0.04931640625 0.0830078125 0.0986328125
2 0.66650390625 0.0322265625 0.0830078125 0.064453125
32 0.79150390625 0.04052734375 0.0830078125 0.0810546875
17 0.91650390625 0.03564453125 0.0830078125 0.0712890625
32 0.04150390625 0.16552734375 0.0830078125 0.0810546875
26 0.16650390625 0.17822265625 0.0830078125 0.1064453125
0 0.29150390625 0.16455078125 0.0830078125 0.0791015625
19 0.41650390625 0.16943359375 0.0830078125 0.0888671875
5 0.54150390625 0.16650390625 0.0830078125 0.0830078125
31 0.66650390625 0.16015625 0.0830078125 0.0703125
21 0.79150390625 0.1728515625 0.0830078125 0.095703125
22 0.91650390625 0.17822265625 0.0830078125 0.1064453125
30 0.04150390625 0.28564453125 0.0830078125 0.0712890625
17 0.16650390625 0.28564453125 0.0830078125 0.0712890625
10 0.29150390625 0.29296875 0.0830078125 0.0859375
32 0.41650390625 0.3017578125 0.0830078125 0.103515625
11 0.54150390625 0.287109375 0.0830078125 0.07421875
29 0.66650390625 0.3017578125 0.0830078125 0.103515625
10 0.79150390625 0.29736328125 0.0830078125 0.0947265625
5 0.91650390625 0.2822265625 0.0830078125 0.064453125
17 0.04150390625 0.41748046875 0.0830078125 0.0849609375
13 0.16650390625 0.4228515625 0.0830078125 0.095703125
25 0.29150390625 0.423828125 0.0830078125 0.09765625
31 0.41650390625 0.42578125 0.0830078125 0.1015625
30 0.54150390625 0.4072265625 0.0830078125 0.064453125
21 0.66650390625 0.4091796875 0.0830078125 0.068359375
16 0.79150390625 0.41943359375 0.0830078125 0.0888671875
28 0.91650390625 0.41552734375 0.0830078125 0.0810546875
23 0.04150390625 0.5380859375 0.0830078125 0.076171875
3 0.16650390625 0.53857421875 0.0830078125 0.0771484375
9 0.29150390625 0.54248046875 0.0830078125 0.0849609375
3 0.41650390625 0.53857421875 0.0830078125 0.0771484375
10 0.54150390625 0.54931640625 0.0830078125 0.0986328125
15 0.66650390625 0.541015625 0.0830078125 0.08203125
16 0.79150390625 0.54931640625 0.0830078125 0.0986328125
18 0.91650390625 0.53125 0.0830078125 0.0625
16 0.04150390625 0.66796875 0.0830078125 0.0859375
28 0.16650390625 0.662109375 0.0830078125 0.07421875
18 0.29150390625 0.6767578125 0.0830078125 0.103515625
18 0.41650390625 0.6640625 0.0830078125 0.078125
25 0.54150390625 0.67041015625 0.0830078125 0.0908203125
8 0.66650390625 0.67724609375 0.0830078125 0.1044921875
18 0.79150390625 0.65673828125 0.0830078125 0.0634765625
28 0.91650390625 0.669921875 0.0830078125 0.08984375
26 0.04150390625 0.80078125 0.0830078125 0.1015625
7 0.16650390625 0.7822265625 0.0830078125 0.064453125
6 0.29150390625 0.7890625 0.0830078125 0.078125
26 0.41650390625 0.78515625 0.0830078125 0.0703125
5 0.54150390625 0.79736328125 0.0830078125 0.0947265625
13 0.66650390625 0.7978515625 0.0830078125 0.095703125
5 0.79150390625 0.79931640625 0.0830078125 0.0986328125
4 0.91650390625 0.7919921875 0.0830078125 0.083984375
28 0.04150390625 0.92236328125 0.0830078125 0.0947265625
11 0.16650390625 0.91943359375 0.0830078125 0.0888671875
23 0.29150390625 0.912109375 0.0830078125 0.07421875
23 0.41650390625 0.91357421875 0.0830078125 0.0771484375
9 0.54150390625 0.92431640625 0.0830078125 0.0986328125
12 0.66650390625 0.91015625 0.0830078125 0.0703125
32 0.79150390625 0.90625 0.0830078125 0.0625
27 0.91650390625 0.916015625 0.0830078125 0.08203125
