15 0.04736328125 0.0439453125 0.0947265625 0.087890625
28 0.18994140625 0.05029296875 0.0947265625 0.1005859375
18 0.33251953125 0.037109375 0.0947265625 0.07421875
18 0.47509765625 0.052734375 0.0947265625 0.10546875
14 0.61865234375 0.0458984375 0.0947265625 0.091796875
0 0.76123046875 0.04541015625 0.0947265625 0.0908203125
0 0.90380859375 0.04443359375 0.0947265625 0.0888671875
9 0.04736328125 0.177734375 0.0947265625 0.0703125
32 0.18994140625 0.1962890625 0.0947265625 0.107421875
21 0.33251953125 0.20068359375 0.0947265625 0.1162109375
5 0.47509765625 0.18212890625 0.0947265625 0.0791015625
20 0.61865234375 0.20068359375 0.0947265625 0.1162109375
23 0.76123046875 0.19775390625 0.0947265625 0.1103515625
7 0.90380859375 0.1875 0.0947265625 0.08984375
3 0.04736328125 0.32666015625 0.0947265625 0.0830078125
11 0.18994140625 0.3251953125 0.0947265625 0.080078125
20 0.33251953125 0.34228515625 0.0947265625 0.1142578125
5 0.47509765625 0.33642578125 0.0947265625 0.1025390625
11 0.61865234375 0.3330078125 0.0947265625 0.095703125
9 0.76123046875 0.34375 0.0947265625 0.1171875
3 0.90380859375 0.326171875 0.0947265625 0.08203125
30 0.04736328125 0.46875 0.0947265625 0.08203125
29 0.18994140625 0.470703125 0.0947265625 0.0859375
32 0.33251953125 0.46875 0.0947265625 0.08203125
13 0.47509765625 0.46875 0.0947265625 0.08203125
30 0.61865234375 0.48583984375 0.0947265625 0.1162109375
18 0.76123046875 0.4833984375 0.0947265625 0.111328125
1 0.90380859375 0.47265625 0.0947265625 0.08984375
5 0.04736328125 0.63134765625 0.0947265625 0.1201171875
18 0.18994140625 0.619140625 0.0947265625 0.095703125
18 0.33251953125 0.62939453125 0.0947265625 0.1162109375
12 0.47509765625 0.6220703125 0.0947265625 0.1015625
19 0.61865234375 0.62939453125 0.0947265625 0.1162109375
4 0.76123046875 0.60693359375 0.0947265625 0.0712890625
11 0.90380859375 0.61083984375 0.0947265625 0.0791015625
0 0.04736328125 0.7666015625 0.0947265625 0.10546875
18 0.18994140625 0.76318359375 0.0947265625 0.0986328125
33 0.33251953125 0.76171875 0.0947265625 0.095703125
2 0.47509765625 0.759765625 0.0947265625 0.091796875
20 0.61865234375 0.755859375 0.0947265625 0.083984375
10 0.76123046875 0.75244140625 0.0947265625 0.0771484375
21 0.90380859375 0.7685546875 0.0947265625 0.109375
29 0.04736328125 0.9013671875 0.0947265625 0.08984375
9 0.18994140625 0.912109375 0.0947265625 0.111328125
24 0.33251953125 0.89599609375 0.0947265625 0.0791015625
4 0.47509765625 0.90234375 0.0947265625 0.091796875
24 0.61865234375 0.91162109375 0.0947265625 0.1103515625
5 0.76123046875 0.90234375 0.0947265625 0.091796875
28 0.90380859375 0.91015625 0.0947265625 0.107421875
