0 0.04150390625 0.04443359375 0.0830078125 0.0888671875
31 0.16650390625 0.04736328125 0.0830078125 0.0947265625
20 0.29150390625 0.03857421875 0.0830078125 0.0771484375
24 0.41650390625 0.05078125 0.0830078125 0.1015625
28 0.54150390625 0.03173828125 0.0830078125 0.0634765625
14 0.66650390625 0.04931640625 0.0830078125 0.0986328125
32 0.79150390625 0.04052734375 0.0830078125 0.0810546875
27 0.91650390625 0.04736328125 0.0830078125 0.0947265625
20 0.04150390625 0.158203125 0.0830078125 0.06640625
31 0.16650390625 0.15673828125 0.0830078125 0.0634765625
16 0.29150390625 0.17431640625 0.0830078125 0.0986328125
21 0.41650390625 0.17041015625 0.0830078125 0.0908203125
21 0.54150390625 0.16259765625 0.0830078125 0.0751953125
32 0.66650390625 0.1572265625 0.0830078125 0.064453125
32 0.79150390625 0.17236328125 0.0830078125 0.0947265625
7 0.91650390625 0.158203125 0.0830078125 0.06640625
18 0.04150390625 0.30078125 0.0830078125 0.1015625
7 0.16650390625 0.28515625 0.0830078125 0.0703125
27 0.29150390625 0.287109375 0.0830078125 0.07421875
17 0.41650390625 0.29296875 0.0830078125 0.0859375
32 0.54150390625 0.2861328125 0.0830078125 0.072265625
25 0.66650390625 0.28759765625 0.0830078125 0.0751953125
4 0.79150390625 0.28515625 0.0830078125 0.0703125
13 0.91650390625 0.30029296875 0.0830078125 0.1005859375
7 0.04150390625 0.40625 0.0830078125 0.0625
32 0.16650390625 0.42041015625 0.0830078125 0.0908203125
20 0.29150390625 0.41357421875 0.0830078125 0.0771484375
13 0.41650390625 0.41357421875 0.0830078125 0.0771484375
6 0.54150390625 0.419921875 0.0830078125 0.08984375
18 0.66650390625 0.41650390625 0.0830078125 0.0830078125
15 0.79150390625 0.41064453125 0.0830078125 0.0712890625
29 0.91650390625 0.421875 0.0830078125 0.09375
23 0.04150390625 0.53857421875 0.0830078125 0.0771484375
15 0.16650390625 0.53515625 0.0830078125 0.0703125
2 0.29150390625 0.55224609375 0.0830078125 0.1044921875
17 0.41650390625 0.54296875 0.0830078125 0.0859375
6 0.54150390625 0.54443359375 0.0830078125 0.0888671875
4 0.66650390625 0.53076171875 0.0830078125 0.0615234375
22 0.79150390625 0.53515625 0.0830078125 0.0703125
18 0.91650390625 0.54150390625 0.0830078125 0.0830078125
33 0.04150390625 0.66796875 0.0830078125 0.0859375
3 0.16650390625 0.66796875 0.0830078125 0.0859375
6 0.29150390625 0.67431640625 0.0830078125 0.0986328125
9 0.41650390625 0.66015625 0.0830078125 0.0703125
29 0.54150390625 0.66015625 0.0830078125 0.0703125
24 0.66650390625 0.67138671875 0.0830078125 0.0927734375
10 0.79150390625 0.6669921875 0.0830078125 0.083984375
28 0.91650390625 0.6630859375 0.0830078125 0.076171875
31 0.04150390625 0.78564453125 0.0830078125 0.0712890625
17 0.16650390625 0.78515625 0.0830078125 0.0703125
29 0.29150390625 0.80078125 0.0830078125 0.1015625
21 0.41650390625 0.7861328125 0.0830078125 0.072265625
25 0.54150390625 0.79248046875 0.0830078125 0.0849609375
26 0.66650390625 0.79541015625 0.0830078125 0.0908203125
29 0.79150390625 0.80029296875 0.0830078125 0.1005859375
15 0.91650390625 0.78759765625 0.0830078125 0.0751953125
24 0.04150390625 0.91943359375 0.0830078125 0.0888671875
12 0.16650390625 0.91455078125 0.0830078125 0.0791015625
11 0.29150390625 0.9150390625 0.0830078125 0.080078125
11 0.41650390625 0.91943359375 0.0830078125 0.0888671875
11 0.54150390625 0.9189453125 0.0830078125 0.087890625
13 0.66650390625 0.91259765625 0.0830078125 0.0751953125
17 0.79150390625 0.9267578125 0.0830078125 0.103515625
16 0.91650390625 0.91357421875 0.0830078125 0.0771484375
