4 0.06640625 0.06640625 0.1328125 0.1328125
26 0.265625 0.076171875 0.1328125 0.15234375
20 0.4658203125 0.078125 0.1328125 0.15625
12 0.666015625 0.076171875 0.1328125 0.15234375
24 0.8662109375 0.07958984375 0.1328125 0.1591796875
26 0.06640625 0.26904296875 0.1328125 0.1396484375
16 0.265625 0.2783203125 0.1328125 0.158203125
21 0.4658203125 0.2744140625 0.1328125 0.150390625
26 0.666015625 0.2548828125 0.1328125 0.111328125
23 0.8662109375 0.26611328125 0.1328125 0.1337890625
0 0.06640625 0.4677734375 0.1328125 0.13671875
30 0.265625 0.47998046875 0.1328125 0.1611328125
7 0.4658203125 0.458984375 0.1328125 0.119140625
13 0.666015625 0.44970703125 0.1328125 0.1005859375
27 0.8662109375 0.48193359375 0.1328125 0.1650390625
20 0.06640625 0.6494140625 0.1328125 0.099609375
14 0.265625 0.6533203125 0.1328125 0.107421875
7 0.4658203125 0.666015625 0.1328125 0.1328125
28 0.666015625 0.6689453125 0.1328125 0.138671875
10 0.8662109375 0.650390625 0.1328125 0.1015625
20 0.06640625 0.873046875 0.1328125 0.146484375
12 0.265625 0.8837890625 0.1328125 0.16796875
33 0.4658203125 0.8505859375 0.1328125 0.1015625
4 0.666015625 0.853515625 0.1328125 0.107421875
21 0.8662109375 0.85107421875 0.1328125 0.1025390625
