11 0.0830078125 0.10205078125 0.166015625 0.2041015625
9 0.3330078125 0.07177734375 0.166015625 0.1435546875
27 0.5830078125 0.078125 0.166015625 0.15625
5 0.8330078125 0.07958984375 0.166015625 0.1591796875
2 0.0830078125 0.3134765625 0.166015625 0.126953125
11 0.3330078125 0.322265625 0.166015625 0.14453125
17 0.5830078125 0.31982421875 0.166015625 0.1396484375
7 0.8330078125 0.3291015625 0.166015625 0.158203125
30 0.0830078125 0.57861328125 0.166015625 0.1572265625
20 0.3330078125 0.57470703125 0.166015625 0.1494140625
32 0.5830078125 0.595703125 0.166015625 0.19140625
18 0.8330078125 0.57763671875 0.166015625 0.1552734375
18 0.0830078125 0.84326171875 0.166015625 0.1865234375
23 0.3330078125 0.818359375 0.166015625 0.13671875
5 0.5830078125 0.8564453125 0.166015625 0.212890625
23 0.8330078125 0.82275390625 0.166015625 0.1455078125
