22 0.04736328125 0.05859375 0.0947265625 0.1171875
20 0.18994140625 0.04833984375 0.0947265625 0.0966796875
15 0.33251953125 0.04541015625 0.0947265625 0.0908203125
23 0.47509765625 0.048828125 0.0947265625 0.09765625
28 0.61865234375 0.0439453125 0.0947265625 0.087890625
33 0.76123046875 0.046875 0.0947265625 0.09375
11 0.90380859375 0.05078125 0.0947265625 0.1015625
23 0.04736328125 0.18505859375 0.0947265625 0.0849609375
25 0.18994140625 0.1845703125 0.0947265625 0.083984375
6 0.33251953125 0.18994140625 0.0947265625 0.0947265625
1 0.47509765625 0.18359375 0.0947265625 0.08203125
10 0.61865234375 0.18505859375 0.0947265625 0.0849609375
19 0.76123046875 0.18798828125 0.0947265625 0.0908203125
19 0.90380859375 0.19384765625 0.0947265625 0.1025390625
30 0.04736328125 0.34375 0.0947265625 0.1171875
18 0.18994140625 0.32763671875 0.0947265625 0.0849609375
9 0.33251953125 0.3388671875 0.0947265625 0.107421875
13 0.47509765625 0.34375 0.0947265625 0.1171875
31 0.61865234375 0.341796875 0.0947265625 0.11328125
11 0.76123046875 0.33642578125 0.0947265625 0.1025390625
11 0.90380859375 0.32861328125 0.0947265625 0.0869140625
24 0.04736328125 0.46435546875 0.0947265625 0.0732421875
5 0.18994140625 0.46533203125 0.0947265625 0.0751953125
22 0.33251953125 0.474609375 0.0947265625 0.09375
16 0.47509765625 0.47119140625 0.0947265625 0.0869140625
15 0.61865234375 0.46923828125 0.0947265625 0.0830078125
8 0.76123046875 0.47119140625 0.0947265625 0.0869140625
24 0.90380859375 0.46728515625 0.0947265625 0.0791015625
7 0.04736328125 0.6123046875 0.0947265625 0.08203125
5 0.18994140625 0.6220703125 0.0947265625 0.1015625
14 0.33251953125 0.611328125 0.0947265625 0.080078125
18 0.47509765625 0.62158203125 0.0947265625 0.1005859375
14 0.61865234375 0.63134765625 0.0947265625 0.1201171875
26 0.76123046875 0.61083984375 0.0947265625 0.0791015625
2 0.90380859375 0.62255859375 0.0947265625 0.1025390625
11 0.04736328125 0.765625 0.0947265625 0.103515625
9 0.18994140625 0.7685546875 0.0947265625 0.109375
4 0.33251953125 0.7607421875 0.0947265625 0.09375
0 0.47509765625 0.76953125 0.0947265625 0.111328125
11 0.61865234375 0.751953125 0.0947265625 0.076171875
10 0.76123046875 0.7607421875 0.0947265625 0.09375
9 0.90380859375 0.7548828125 0.0947265625 0.08203125
6 0.04736328125 0.9072265625 0.0947265625 0.1015625
30 0.18994140625 0.91357421875 0.0947265625 0.1142578125
18 0.33251953125 0.8994140625 0.0947265625 0.0859375
29 0.47509765625 0.9189453125 0.0947265625 0.125
2 0.61865234375 0.8994140625 0.0947265625 0.0859375
19 0.76123046875 0.900390625 0.0947265625 0.087890625
19 0.90380859375 0.90771484375 0.0947265625 0.1025390625
