24 0.04736328125 0.04443359375 0.0947265625 0.0888671875
15 0.18994140625 0.0439453125 0.0947265625 0.087890625
30 0.33251953125 0.04833984375 0.0947265625 0.0966796875
13 0.47509765625 0.0546875 0.0947265625 0.109375
15 0.61865234375 0.048828125 0.0947265625 0.09765625
16 0.76123046875 0.06201171875 0.0947265625 0.1240234375
19 0.90380859375 0.04638671875 0.0947265625 0.0927734375
15 0.04736328125 0.1884765625 0.0947265625 0.091796875
15 0.18994140625 0.18798828125 0.0947265625 0.0908203125
27 0.33251953125 0.1865234375 0.0947265625 0.087890625
14 0.47509765625 0.19140625 0.0947265625 0.09765625
18 0.61865234375 0.18603515625 0.0947265625 0.0869140625
27 0.76123046875 0.19775390625 0.0947265625 0.1103515625
18 0.90380859375 0.17919921875 0.0947265625 0.0732421875
7 0.04736328125 0.34375 0.0947265625 0.1171875
0 0.18994140625 0.33349609375 0.0947265625 0.0966796875
7 0.33251953125 0.3369140625 0.0947265625 0.103515625
11 0.47509765625 0.32958984375 0.0947265625 0.0888671875
9 0.61865234375 0.337890625 0.0947265625 0.10546875
17 0.76123046875 0.32666015625 0.0947265625 0.0830078125
32 0.90380859375 0.32470703125 0.0947265625 0.0791015625
7 0.04736328125 0.478515625 0.0947265625 0.1015625
21 0.18994140625 0.4736328125 0.0947265625 0.091796875
19 0.33251953125 0.474609375 0.0947265625 0.09375
23 0.47509765625 0.47216796875 0.0947265625 0.0888671875
33 0.61865234375 0.48779296875 0.0947265625 0.1201171875
13 0.76123046875 0.46435546875 0.0947265625 0.0732421875
3 0.90380859375 0.4765625 0.0947265625 0.09765625
12 0.04736328125 0.61083984375 0.0947265625 0.0791015625
9 0.18994140625 0.611328125 0.0947265625 0.080078125
23 0.33251953125 0.61083984375 0.0947265625 0.0791015625
6 0.47509765625 0.62255859375 0.0947265625 0.1025390625
0 0.61865234375 0.60888671875 0.0947265625 0.0751953125
3 0.76123046875 0.61669921875 0.0947265625 0.0908203125
17 0.90380859375 0.6142578125 0.0947265625 0.0859375
33 0.04736328125 0.759765625 0.0947265625 0.091796875
8 0.18994140625 0.7607421875 0.0947265625 0.09375
33 0.33251953125 0.77197265625 0.0947265625 0.1162109375
31 0.47509765625 0.76904296875 0.0947265625 0.1103515625
17 0.61865234375 0.75732421875 0.0947265625 0.0869140625
24 0.76123046875 0.74951171875 0.0947265625 0.0712890625
6 0.90380859375 0.7646484375 0.0947265625 0.1015625
20 0.04736328125 0.904296875 0.0947265625 0.095703125
7 0.18994140625 0.8984375 0.0947265625 0.083984375
7 0.33251953125 0.892578125 0.0947265625 0.072265625
19 0.47509765625 0.90087890625 0.0947265625 0.0888671875
7 0.61865234375 0.89794921875 0.0947265625 0.0830078125
6 0.76123046875 0.91845703125 0.0947265625 0.1240234375
22 0.90380859375 0.90234375 0.0947265625 0.091796875
