12 0.06640625 0.068359375 0.1328125 0.13671875
18 0.265625 0.052734375 0.1328125 0.10546875
13 0.4658203125 0.06640625 0.1328125 0.1328125
17 0.666015625 0.08642578125 0.1328125 0.1728515625
33 0.8662109375 0.08056640625 0.1328125 0.1611328125
20 0.06640625 0.2529296875 0.1328125 0.107421875
2 0.265625 0.2724609375 0.1328125 0.146484375
15 0.4658203125 0.25634765625 0.1328125 0.1142578125
9 0.666015625 0.255859375 0.1328125 0.11328125
14 0.8662109375 0.26708984375 0.1328125 0.1357421875
29 0.06640625 0.45849609375 0.1328125 0.1181640625
25 0.265625 0.45263671875 0.1328125 0.1064453125
2 0.4658203125 0.46875 0.1328125 0.138671875
19 0.666015625 0.453125 0.1328125 0.107421875
1 0.8662109375 0.45068359375 0.1328125 0.1025390625
14 0.06640625 0.67578125 0.1328125 0.15234375
17 0.265625 0.64990234375 0.1328125 0.1005859375
6 0.4658203125 0.67578125 0.1328125 0.15234375
18 0.666015625 0.6689453125 0.1328125 0.138671875
32 0.8662109375 0.6748046875 0.1328125 0.150390625
20 0.06640625 0.85302734375 0.1328125 0.1064453125
30 0.265625 0.86669921875 0.1328125 0.1337890625
15 0.4658203125 0.86181640625 0.1328125 0.1240234375
8 0.666015625 0.849609375 0.1328125 0.099609375
9 0.8662109375 0.8583984375 0.1328125 0.1171875
