13 0.05517578125 0.0634765625 0.1103515625 0.126953125
30 0.22119140625 0.0419921875 0.1103515625 0.083984375
4 0.38818359375 0.052734375 0.1103515625 0.10546875
28 0.55517578125 0.04736328125 0.1103515625 0.0947265625
26 0.72119140625 0.0517578125 0.1103515625 0.103515625
33 0.88818359375 0.06689453125 0.1103515625 0.1337890625
8 0.05517578125 0.2333984375 0.1103515625 0.134765625
9 0.22119140625 0.216796875 0.1103515625 0.1015625
28 0.38818359375 0.20751953125 0.1103515625 0.0830078125
14 0.55517578125 0.22119140625 0.1103515625 0.1103515625
17 0.72119140625 0.21728515625 0.1103515625 0.1025390625
7 0.88818359375 0.208984375 0.1103515625 0.0859375
9 0.05517578125 0.39453125 0.1103515625 0.123046875
22 0.22119140625 0.3798828125 0.1103515625 0.09375
8 0.38818359375 0.37451171875 0.1103515625 0.0830078125
32 0.55517578125 0.39892578125 0.1103515625 0.1318359375
33 0.72119140625 0.38623046875 0.1103515625 0.1064453125
32 0.88818359375 0.38525390625 0.1103515625 0.1044921875
7 0.05517578125 0.548828125 0.1103515625 0.09765625
30 0.22119140625 0.556640625 0.1103515625 0.11328125
29 0.38818359375 0.55615234375 0.1103515625 0.1123046875
11 0.55517578125 0.5498046875 0.1103515625 0.099609375
19 0.72119140625 0.5595703125 0.1103515625 0.119140625
30 0.88818359375 0.546875 0.1103515625 0.09375
10 0.05517578125 0.7138671875 0.1103515625 0.095703125
3 0.22119140625 0.72216796875 0.1103515625 0.1123046875
25 0.38818359375 0.7236328125 0.1103515625 0.115234375
27 0.55517578125 0.708984375 0.1103515625 0.0859375
7 0.72119140625 0.7197265625 0.1103515625 0.107421875
1 0.88818359375 0.7138671875 0.1103515625 0.095703125
8 0.05517578125 0.8916015625 0.1103515625 0.1171875
25 0.22119140625 0.8828125 0.1103515625 0.099609375
15 0.38818359375 0.8779296875 0.1103515625 0.08984375
5 0.55517578125 0.8837890625 0.1103515625 0.1015625
26 0.72119140625 0.8818359375 0.1103515625 0.09765625
4 0.88818359375 0.87451171875 0.1103515625 0.0830078125
