27 0.04736328125 0.0537109375 0.0947265625 0.107421875
29 0.18994140625 0.05078125 0.0947265625 0.1015625
24 0.33251953125 0.0458984375 0.0947265625 0.091796875
18 0.47509765625 0.04541015625 0.0947265625 0.0908203125
21 0.61865234375 0.041015625 0.0947265625 0.08203125
8 0.76123046875 0.0458984375 0.0947265625 0.091796875
22 0.90380859375 0.041015625 0.0947265625 0.08203125
2 0.04736328125 0.18212890625 0.0947265625 0.0791015625
16 0.18994140625 0.1904296875 0.0947265625 0.095703125
6 0.33251953125 0.18017578125 0.0947265625 0.0751953125
19 0.47509765625 0.18505859375 0.0947265625 0.0849609375
20 0.61865234375 0.205078125 0.0947265625 0.125
0 0.76123046875 0.19189453125 0.0947265625 0.0986328125
14 0.90380859375 0.18408203125 0.0947265625 0.0830078125
9 0.04736328125 0.32666015625 0.0947265625 0.0830078125
1 0.18994140625 0.34326171875 0.0947265625 0.1162109375
8 0.33251953125 0.3388671875 0.0947265625 0.107421875
16 0.47509765625 0.33251953125 0.0947265625 0.0947265625
0 0.61865234375 0.34521484375 0.0947265625 0.1201171875
30 0.76123046875 0.34765625 0.0947265625 0.125
27 0.90380859375 0.34619140625 0.0947265625 0.1220703125
2 0.04736328125 0.46484375 0.0947265625 0.07421875
7 0.18994140625 0.47802734375 0.0947265625 0.1005859375
12 0.33251953125 0.4833984375 0.0947265625 0.111328125
11 0.47509765625 0.4775390625 0.0947265625 0.099609375
30 0.61865234375 0.47216796875 0.0947265625 0.0888671875
30 0.76123046875 0.486328125 0.0947265625 0.1171875
17 0.90380859375 0.486328125 0.0947265625 0.1171875
6 0.04736328125 0.61865234375 0.0947265625 0.0947265625
0 0.18994140625 0.609375 0.0947265625 0.076171875
23 0.33251953125 0.6279296875 0.0947265625 0.11328125
3 0.47509765625 0.63330078125 0.0947265625 0.1240234375
28 0.61865234375 0.62060546875 0.0947265625 0.0986328125
33 0.76123046875 0.6240234375 0.0947265625 0.10546875
32 0.90380859375 0.625 0.0947265625 0.107421875
16 0.04736328125 0.75634765625 0.0947265625 0.0849609375
18 0.18994140625 0.76171875 0.0947265625 0.095703125
29 0.33251953125 0.7646484375 0.0947265625 0.1015625
32 0.47509765625 0.7685546875 0.0947265625 0.109375
0 0.61865234375 0.75732421875 0.0947265625 0.0869140625
18 0.76123046875 0.76318359375 0.0947265625 0.0986328125
19 0.90380859375 0.75341796875 0.0947265625 0.0791015625
8 0.04736328125 0.904296875 0.0947265625 0.095703125
26 0.18994140625 0.9111328125 0.0947265625 0.109375
11 0.33251953125 0.9111328125 0.0947265625 0.109375
7 0.47509765625 0.9111328125 0.0947265625 0.109375
5 0.61865234375 0.90576171875 0.0947265625 0.0986328125
25 0.76123046875 0.90576171875 0.0947265625 0.0986328125
5 0.90380859375 0.8974609375 0.0947265625 0.08203125
