4 0.05517578125 0.04296875 0.1103515625 0.0859375
15 0.22119140625 0.0576171875 0.1103515625 0.115234375
4 0.38818359375 0.05224609375 0.1103515625 0.1044921875
28 0.55517578125 0.068359375 0.1103515625 0.13671875
11 0.72119140625 0.05029296875 0.1103515625 0.1005859375
22 0.88818359375 0.06982421875 0.1103515625 0.1396484375
13 0.05517578125 0.23095703125 0.1103515625 0.1298828125
31 0.22119140625 0.2373046875 0.1103515625 0.142578125
20 0.38818359375 0.2314453125 0.1103515625 0.130859375
23 0.55517578125 0.216796875 0.1103515625 0.1015625
5 0.72119140625 0.22705078125 0.1103515625 0.1220703125
11 0.88818359375 0.2158203125 0.1103515625 0.099609375
13 0.05517578125 0.39208984375 0.1103515625 0.1181640625
14 0.22119140625 0.38134765625 0.1103515625 0.0966796875
12 0.38818359375 0.37646484375 0.1103515625 0.0869140625
24 0.55517578125 0.39501953125 0.1103515625 0.1240234375
28 0.72119140625 0.38037109375 0.1103515625 0.0947265625
25 0.88818359375 0.39306640625 0.1103515625 0.1201171875
32 0.05517578125 0.55712890625 0.1103515625 0.1142578125
14 0.22119140625 0.544921875 0.1103515625 0.08984375
27 0.38818359375 0.55419921875 0.1103515625 0.1083984375
12 0.55517578125 0.56396484375 0.1103515625 0.1279296875
16 0.72119140625 0.552734375 0.1103515625 0.10546875
24 0.88818359375 0.5576171875 0.1103515625 0.115234375
24 0.05517578125 0.716796875 0.1103515625 0.1015625
18 0.22119140625 0.7158203125 0.1103515625 0.099609375
6 0.38818359375 0.7119140625 0.1103515625 0.091796875
30 0.55517578125 0.7119140625 0.1103515625 0.091796875
32 0.72119140625 0.7197265625 0.1103515625 0.107421875
12 0.88818359375 0.71484375 0.1103515625 0.09765625
30 0.05517578125 0.88330078125 0.1103515625 0.1005859375
27 0.22119140625 0.87451171875 0.1103515625 0.0830078125
20 0.38818359375 0.8916015625 0.1103515625 0.1171875
32 0.55517578125 0.89208984375 0.1103515625 0.1181640625
26 0.72119140625 0.9013671875 0.1103515625 0.13671875
26 0.88818359375 0.8984375 0.1103515625 0.130859375
