12 0.06640625 0.05810546875 0.1328125 0.1162109375
9 0.265625 0.05078125 0.1328125 0.1015625
25 0.4658203125 0.0703125 0.1328125 0.140625
1 0.666015625 0.0810546875 0.1328125 0.162109375
33 0.8662109375 0.0712890625 0.1328125 0.142578125
8 0.06640625 0.25927734375 0.1328125 0.1201171875
10 0.265625 0.2578125 0.1328125 0.1171875
28 0.4658203125 0.255859375 0.1328125 0.11328125
24 0.666015625 0.2568359375 0.1328125 0.115234375
15 0.8662109375 0.26806640625 0.1328125 0.1376953125
25 0.06640625 0.46728515625 0.1328125 0.1357421875
19 0.265625 0.474609375 0.1328125 0.150390625
2 0.4658203125 0.45068359375 0.1328125 0.1025390625
10 0.666015625 0.45556640625 0.1328125 0.1123046875
14 0.8662109375 0.44921875 0.1328125 0.099609375
18 0.06640625 0.6650390625 0.1328125 0.130859375
33 0.265625 0.67041015625 0.1328125 0.1416015625
31 0.4658203125 0.6630859375 0.1328125 0.126953125
2 0.666015625 0.685546875 0.1328125 0.171875
23 0.8662109375 0.68359375 0.1328125 0.16796875
7 0.06640625 0.87158203125 0.1328125 0.1435546875
29 0.265625 0.86865234375 0.1328125 0.1376953125
33 0.4658203125 0.86328125 0.1328125 0.126953125
1 0.666015625 0.8759765625 0.1328125 0.15234375
25 0.8662109375 0.859375 0.1328125 0.119140625
