6 0.05517578125 0.06689453125 0.1103515625 0.1337890625
21 0.22119140625 0.05078125 0.1103515625 0.1015625
28 0.38818359375 0.0478515625 0.1103515625 0.095703125
21 0.55517578125 0.05712890625 0.1103515625 0.1142578125
28 0.72119140625 0.0654296875 0.1103515625 0.130859375
8 0.88818359375 0.072265625 0.1103515625 0.14453125
23 0.05517578125 0.208984375 0.1103515625 0.0859375
2 0.22119140625 0.21142578125 0.1103515625 0.0908203125
28 0.38818359375 0.23828125 0.1103515625 0.14453125
12 0.55517578125 0.22119140625 0.1103515625 0.1103515625
22 0.72119140625 0.23095703125 0.1103515625 0.1298828125
17 0.88818359375 0.224609375 0.1103515625 0.1171875
27 0.05517578125 0.4052734375 0.1103515625 0.14453125
30 0.22119140625 0.4013671875 0.1103515625 0.13671875
19 0.38818359375 0.39453125 0.1103515625 0.123046875
6 0.55517578125 0.375 0.1103515625 0.083984375
20 0.72119140625 0.37890625 0.1103515625 0.091796875
16 0.88818359375 0.37841796875 0.1103515625 0.0908203125
31 0.05517578125 0.5546875 0.1103515625 0.109375
19 0.22119140625 0.5576171875 0.1103515625 0.115234375
9 0.38818359375 0.55712890625 0.1103515625 0.1142578125
10 0.55517578125 0.5458984375 0.1103515625 0.091796875
15 0.72119140625 0.54296875 0.1103515625 0.0859375
21 0.88818359375 0.55810546875 0.1103515625 0.1162109375
26 0.05517578125 0.72021484375 0.1103515625 0.1083984375
33 0.22119140625 0.7333984375 0.1103515625 0.134765625
28 0.38818359375 0.73291015625 0.1103515625 0.1337890625
32 0.55517578125 0.72607421875 0.1103515625 0.1201171875
22 0.72119140625 0.7177734375 0.1103515625 0.103515625
11 0.88818359375 0.72314453125 0.1103515625 0.1142578125
4 0.05517578125 0.88623046875 0.1103515625 0.1064453125
28 0.22119140625 0.90625 0.1103515625 0.146484375
24 0.38818359375 0.880859375 0.1103515625 0.095703125
3 0.55517578125 0.880859375 0.1103515625 0.095703125
21 0.72119140625 0.88818359375 0.1103515625 0.1103515625
22 0.88818359375 0.89453125 0.1103515625 0.123046875
