7 0.05517578125 0.05419921875 0.1103515625 0.1083984375
7 0.22119140625 0.05615234375 0.1103515625 0.1123046875
0 0.38818359375 0.06103515625 0.1103515625 0.1220703125
5 0.55517578125 0.05419921875 0.1103515625 0.1083984375
14 0.72119140625 0.048828125 0.1103515625 0.09765625
28 0.88818359375 0.056640625 0.1103515625 0.11328125
3 0.05517578125 0.208984375 0.1103515625 0.0859375
10 0.22119140625 0.208984375 0.1103515625 0.0859375
21 0.38818359375 0.2373046875 0.1103515625 0.142578125
32 0.55517578125 0.2080078125 0.1103515625 0.083984375
23 0.72119140625 0.21240234375 0.1103515625 0.0927734375
1 0.88818359375 0.2109375 0.1103515625 0.08984375
1 0.05517578125 0.3818359375 0.1103515625 0.09765625
0 0.22119140625 0.37548828125 0.1103515625 0.0849609375
13 0.38818359375 0.396484375 0.1103515625 0.126953125
32 0.55517578125 0.3837890625 0.1103515625 0.1015625
26 0.72119140625 0.39501953125 0.1103515625 0.1240234375
28 0.88818359375 0.3916015625 0.1103515625 0.1171875
21 0.05517578125 0.55126953125 0.1103515625 0.1025390625
25 0.22119140625 0.55078125 0.1103515625 0.1015625
11 0.38818359375 0.55810546875 0.1103515625 0.1162109375
32 0.55517578125 0.5498046875 0.1103515625 0.099609375
33 0.72119140625 0.55419921875 0.1103515625 0.1083984375
17 0.88818359375 0.5498046875 0.1103515625 0.099609375
32 0.05517578125 0.72509765625 0.1103515625 0.1181640625
19 0.22119140625 0.734375 0.1103515625 0.13671875
16 0.38818359375 0.7197265625 0.1103515625 0.107421875
17 0.55517578125 0.7197265625 0.1103515625 0.107421875
13 0.72119140625 0.72216796875 0.1103515625 0.1123046875
4 0.88818359375 0.72802734375 0.1103515625 0.1240234375
5 0.05517578125 0.88671875 0.1103515625 0.107421875
30 0.22119140625 0.896484375 0.1103515625 0.126953125
22 0.38818359375 0.9052734375 0.1103515625 0.14453125
20 0.55517578125 0.8857421875 0.1103515625 0.10546875
3 0.72119140625 0.888671875 0.1103515625 0.111328125
28 0.88818359375 0.8759765625 0.1103515625 0.0859375
