33 0.04150390625 0.04931640625 0.0830078125 0.0986328125
12 0.16650390625 0.05029296875 0.0830078125 0.1005859375
4 0.29150390625 0.05322265625 0.0830078125 0.1064453125
1 0.41650390625 0.0341796875 0.0830078125 0.068359375
3 0.54150390625 0.04248046875 0.0830078125 0.0849609375
23 0.66650390625 0.03173828125 0.0830078125 0.0634765625
23 0.79150390625 0.04052734375 0.0830078125 0.0810546875
31 0.91650390625 0.04052734375 0.0830078125 0.0810546875
6 0.04150390625 0.162109375 0.0830078125 0.07421875
14 0.16650390625 0.1767578125 0.0830078125 0.103515625
16 0.29150390625 0.17578125 0.0830078125 0.1015625
26 0.41650390625 0.15966796875 0.0830078125 0.0693359375
16 0.54150390625 0.16845703125 0.0830078125 0.0869140625
28 0.66650390625 0.16162109375 0.0830078125 0.0732421875
6 0.79150390625 0.173828125 0.0830078125 0.09765625
16 0.91650390625 0.166015625 0.0830078125 0.08203125
25 0.04150390625 0.29443359375 0.0830078125 0.0888671875
28 0.16650390625 0.283203125 0.0830078125 0.06640625
21 0.29150390625 0.28173828125 0.0830078125 0.0634765625
27 0.41650390625 0.291015625 0.0830078125 0.08203125
21 0.54150390625 0.29052734375 0.0830078125 0.0810546875
2 0.66650390625 0.28857421875 0.0830078125 0.0771484375
1 0.79150390625 0.29541015625 0.0830078125 0.0908203125
24 0.91650390625 0.29052734375 0.0830078125 0.0810546875
14 0.04150390625 0.41064453125 0.0830078125 0.0712890625
1 0.16650390625 0.4111328125 0.0830078125 0.072265625
33 0.29150390625 0.41796875 0.0830078125 0.0859375
1 0.41650390625 0.41357421875 0.0830078125 0.0771484375
31 0.54150390625 0.4169921875 0.0830078125 0.083984375
9 0.66650390625 0.4072265625 0.0830078125 0.064453125
3 0.79150390625 0.40966796875 0.0830078125 0.0693359375
30 0.91650390625 0.41943359375 0.0830078125 0.0888671875
33 0.04150390625 0.53369140625 0.0830078125 0.0673828125
20 0.16650390625 0.5341796875 0.0830078125 0.068359375
23 0.29150390625 0.54296875 0.0830078125 0.0859375
3 0.41650390625 0.533203125 0.0830078125 0.06640625
16 0.54150390625 0.54296875 0.0830078125 0.0859375
20 0.66650390625 0.5478515625 0.0830078125 0.095703125
31 0.79150390625 0.546875 0.0830078125 0.09375
13 0.91650390625 0.5400390625 0.0830078125 0.080078125
26 0.04150390625 0.65869140625 0.0830078125 0.0673828125
18 0.16650390625 0.66455078125 0.0830078125 0.0791015625
4 0.29150390625 0.67431640625 0.0830078125 0.0986328125
3 0.41650390625 0.66796875 0.0830078125 0.0859375
3 0.54150390625 0.66015625 0.0830078125 0.0703125
33 0.66650390625 0.66748046875 0.0830078125 0.0849609375
5 0.79150390625 0.66845703125 0.0830078125 0.0869140625
17 0.91650390625 0.6611328125 0.0830078125 0.072265625
31 0.04150390625 0.8017578125 0.0830078125 0.103515625
19 0.16650390625 0.7861328125 0.0830078125 0.072265625
15 0.29150390625 0.79541015625 0.0830078125 0.0908203125
12 0.41650390625 0.79052734375 0.0830078125 0.0810546875
13 0.54150390625 0.79052734375 0.0830078125 0.0810546875
17 0.66650390625 0.78076171875 0.0830078125 0.0615234375
27 0.79150390625 0.7919921875 0.0830078125 0.083984375
23 0.91650390625 0.79541015625 0.0830078125 0.0908203125
21 0.04150390625 0.9267578125 0.0830078125 0.103515625
16 0.16650390625 0.9091796875 0.0830078125 0.068359375
21 0.29150390625 0.9189453125 0.0830078125 0.087890625
25 0.41650390625 0.908203125 0.0830078125 0.06640625
9 0.54150390625 0.92236328125 0.0830078125 0.0947265625
32 0.66650390625 0.91259765625 0.0830078125 0.0751953125
0 0.79150390625 0.9111328125 0.0830078125 0.072265625
1 0.91650390625 0.91259765625 0.0830078125 0.0751953125
