3 0.0830078125 0.10205078125 0.166015625 0.2041015625
3 0.3330078125 0.103515625 0.166015625 0.20703125
14 0.5830078125 0.08056640625 0.166015625 0.1611328125
5 0.8330078125 0.095703125 0.166015625 0.19140625
0 0.0830078125 0.333984375 0.166015625 0.16796875
1 0.3330078125 0.3408203125 0.166015625 0.181640625
32 0.5830078125 0.3564453125 0.166015625 0.212890625
18 0.8330078125 0.33349609375 0.166015625 0.1669921875
18 0.0830078125 0.56396484375 0.166015625 0.1279296875
31 0.3330078125 0.568359375 0.166015625 0.13671875
1 0.5830078125 0.595703125 0.166015625 0.19140625
29 0.8330078125 0.57470703125 0.166015625 0.1494140625
11 0.0830078125 0.83056640625 0.166015625 0.1611328125
11 0.3330078125 0.8271484375 0.166015625 0.154296875
31 0.5830078125 0.8173828125 0.166015625 0.134765625
2 0.8330078125 0.822265625 0.166015625 0.14453125
