19 0.06640625 0.06494140625 0.1328125 0.1298828125
31 0.265625 0.0732421875 0.1328125 0.146484375
22 0.4658203125 0.07080078125 0.1328125 0.1416015625
32 0.666015625 0.0576171875 0.1328125 0.115234375
26 0.8662109375 0.060546875 0.1328125 0.12109375
32 0.06640625 0.27880859375 0.1328125 0.1591796875
9 0.265625 0.25537109375 0.1328125 0.1123046875
25 0.4658203125 0.26708984375 0.1328125 0.1357421875
32 0.666015625 0.25634765625 0.1328125 0.1142578125
7 0.8662109375 0.25 0.1328125 0.1015625
0 0.06640625 0.4755859375 0.1328125 0.15234375
5 0.265625 0.4599609375 0.1328125 0.12109375
26 0.4658203125 0.458984375 0.1328125 0.119140625
11 0.666015625 0.474609375 0.1328125 0.150390625
5 0.8662109375 0.47265625 0.1328125 0.146484375
6 0.06640625 0.6533203125 0.1328125 0.107421875
3 0.265625 0.6728515625 0.1328125 0.146484375
18 0.4658203125 0.65966796875 0.1328125 0.1201171875
31 0.666015625 0.66162109375 0.1328125 0.1240234375
0 0.8662109375 0.6591796875 0.1328125 0.119140625
6 0.06640625 0.8759765625 0.1328125 0.15234375
28 0.265625 0.86328125 0.1328125 0.126953125
20 0.4658203125 0.86865234375 0.1328125 0.1376953125
28 0.666015625 0.87158203125 0.1328125 0.1435546875
30 0.8662109375 0.876953125 0.1328125 0.154296875
