21 0.04150390625 0.033203125 0.0830078125 0.06640625
17 0.16650390625 0.04296875 0.0830078125 0.0859375
10 0.29150390625 0.05029296875 0.0830078125 0.1005859375
11 0.41650390625 0.0361328125 0.0830078125 0.072265625
24 0.54150390625 0.0322265625 0.0830078125 0.064453125
1 0.66650390625 0.04638671875 0.0830078125 0.0927734375
1 0.79150390625 0.037109375 0.0830078125 0.07421875
31 0.91650390625 0.04052734375 0.0830078125 0.0810546875
15 0.04150390625 0.15771484375 0.0830078125 0.0654296875
15 0.16650390625 0.1728515625 0.0830078125 0.095703125
20 0.29150390625 0.17138671875 0.0830078125 0.0927734375
10 0.41650390625 0.17236328125 0.0830078125 0.0947265625
1 0.54150390625 0.16943359375 0.0830078125 0.0888671875
29 0.66650390625 0.1572265625 0.0830078125 0.064453125
13 0.79150390625 0.17041015625 0.0830078125 0.0908203125
19 0.91650390625 0.166015625 0.0830078125 0.08203125
6 0.04150390625 0.30029296875 0.0830078125 0.1005859375
8 0.16650390625 0.294921875 0.0830078125 0.08984375
2 0.29150390625 0.28759765625 0.0830078125 0.0751953125
0 0.41650390625 0.3017578125 0.0830078125 0.103515625
2 0.54150390625 0.29638671875 0.0830078125 0.0927734375
14 0.66650390625 0.28173828125 0.0830078125 0.0634765625
6 0.79150390625 0.28857421875 0.0830078125 0.0771484375
29 0.91650390625 0.2939453125 0.0830078125 0.087890625
14 0.04150390625 0.4091796875 0.0830078125 0.068359375
7 0.16650390625 0.42138671875 0.0830078125 0.0927734375
20 0.29150390625 0.41796875 0.0830078125 0.0859375
11 0.41650390625 0.416015625 0.0830078125 0.08203125
29 0.54150390625 0.41259765625 0.0830078125 0.0751953125
26 0.66650390625 0.42236328125 0.0830078125 0.0947265625
28 0.79150390625 0.408203125 0.0830078125 0.06640625
21 0.91650390625 0.41455078125 0.0830078125 0.0791015625
6 0.04150390625 0.53759765625 0.0830078125 0.0751953125
4 0.16650390625 0.54931640625 0.0830078125 0.0986328125
0 0.29150390625 0.53076171875 0.0830078125 0.0615234375
28 0.41650390625 0.541015625 0.0830078125 0.08203125
32 0.54150390625 0.53173828125 0.0830078125 0.0634765625
24 0.66650390625 0.53271484375 0.0830078125 0.0654296875
28 0.79150390625 0.53759765625 0.0830078125 0.0751953125
3 0.91650390625 0.5439453125 0.0830078125 0.087890625
32 0.04150390625 0.67041015625 0.0830078125 0.0908203125
7 0.16650390625 0.66796875 0.0830078125 0.0859375
16 0.29150390625 0.66064453125 0.0830078125 0.0712890625
16 0.41650390625 0.66552734375 0.0830078125 0.0810546875
20 0.54150390625 0.66357421875 0.0830078125 0.0771484375
27 0.66650390625 0.65869140625 0.0830078125 0.0673828125
15 0.79150390625 0.6728515625 0.0830078125 0.095703125
11 0.91650390625 0.66455078125 0.0830078125 0.0791015625
19 0.04150390625 0.79443359375 0.0830078125 0.0888671875
32 0.16650390625 0.8017578125 0.0830078125 0.103515625
19 0.29150390625 0.79345703125 0.0830078125 0.0869140625
30 0.41650390625 0.7822265625 0.0830078125 0.064453125
33 0.54150390625 0.79345703125 0.0830078125 0.0869140625
0 0.66650390625 0.80419921875 0.0830078125 0.1083984375
17 0.79150390625 0.7841796875 0.0830078125 0.068359375
25 0.91650390625 0.78759765625 0.0830078125 0.0751953125
7 0.04150390625 0.91064453125 0.0830078125 0.0712890625
30 0.16650390625 0.92431640625 0.0830078125 0.0986328125
14 0.29150390625 0.91845703125 0.0830078125 0.0869140625
14 0.41650390625 0.91552734375 0.0830078125 0.0810546875
16 0.54150390625 0.908203125 0.0830078125 0.06640625
29 0.66650390625 0.91845703125 0.0830078125 0.0869140625
26 0.79150390625 0.921875 0.0830078125 0.09375
25 0.91650390625 0.92138671875 0.0830078125 0.0927734375
