3 0.06640625 0.06103515625 0.1328125 0.1220703125
5 0.265625 0.0693359375 0.1328125 0.138671875
5 0.4658203125 0.0673828125 0.1328125 0.134765625
10 0.666015625 0.07080078125 0.1328125 0.1416015625
31 0.8662109375 0.0517578125 0.1328125 0.103515625
18 0.06640625 0.25439453125 0.1328125 0.1103515625
17 0.265625 0.263671875 0.1328125 0.12890625
10 0.4658203125 0.2509765625 0.1328125 0.103515625
26 0.666015625 0.26171875 0.1328125 0.125
9 0.8662109375 0.27978515625 0.1328125 0.1611328125
29 0.06640625 0.462890625 0.1328125 0.126953125
14 0.265625 0.45654296875 0.1328125 0.1142578125
6 0.4658203125 0.4599609375 0.1328125 0.12109375
19 0.666015625 0.47314453125 0.1328125 0.1474609375
1 0.8662109375 0.47119140625 0.1328125 0.1435546875
1 0.06640625 0.677734375 0.1328125 0.15625
23 0.265625 0.66162109375 0.1328125 0.1240234375
5 0.4658203125 0.65283203125 0.1328125 0.1064453125
28 0.666015625 0.6728515625 0.1328125 0.146484375
4 0.8662109375 0.666015625 0.1328125 0.1328125
18 0.06640625 0.86865234375 0.1328125 0.1376953125
21 0.265625 0.88037109375 0.1328125 0.1611328125
33 0.4658203125 0.8681640625 0.1328125 0.13671875
8 0.666015625 0.8662109375 0.1328125 0.1328125
6 0.8662109375 0.8671875 0.1328125 0.134765625
