25 0.04736328125 0.05029296875 0.0947265625 0.1005859375
24 0.18994140625 0.03857421875 0.0947265625 0.0771484375
33 0.33251953125 0.044921875 0.0947265625 0.08984375
11 0.47509765625 0.0419921875 0.0947265625 0.083984375
21 0.61865234375 0.0439453125 0.0947265625 0.087890625
27 0.76123046875 0.05859375 0.0947265625 0.1171875
12 0.90380859375 0.0625 0.0947265625 0.125
16 0.04736328125 0.1884765625 0.0947265625 0.091796875
8 0.18994140625 0.201171875 0.0947265625 0.1171875
18 0.33251953125 0.18603515625 0.0947265625 0.0869140625
25 0.47509765625 0.1953125 0.0947265625 0.10546875
26 0.61865234375 0.1923828125 0.0947265625 0.099609375
29 0.76123046875 0.197265625 0.0947265625 0.109375
16 0.90380859375 0.1796875 0.0947265625 0.07421875
25 0.04736328125 0.33056640625 0.0947265625 0.0908203125
3 0.18994140625 0.34033203125 0.0947265625 0.1103515625
18 0.33251953125 0.33984375 0.0947265625 0.109375
28 0.47509765625 0.33154296875 0.0947265625 0.0927734375
13 0.61865234375 0.341796875 0.0947265625 0.11328125
30 0.76123046875 0.32470703125 0.0947265625 0.0791015625
33 0.90380859375 0.3330078125 0.0947265625 0.095703125
9 0.04736328125 0.4755859375 0.0947265625 0.095703125
31 0.18994140625 0.48583984375 0.0947265625 0.1162109375
2 0.33251953125 0.46435546875 0.0947265625 0.0732421875
11 0.47509765625 0.48486328125 0.0947265625 0.1142578125
14 0.61865234375 0.48291015625 0.0947265625 0.1103515625
11 0.76123046875 0.46826171875 0.0947265625 0.0810546875
32 0.90380859375 0.48779296875 0.0947265625 0.1201171875
13 0.04736328125 0.6171875 0.0947265625 0.091796875
17 0.18994140625 0.62158203125 0.0947265625 0.1005859375
26 0.33251953125 0.6142578125 0.0947265625 0.0859375
0 0.47509765625 0.6083984375 0.0947265625 0.07421875
29 0.61865234375 0.60888671875 0.0947265625 0.0751953125
28 0.76123046875 0.62158203125 0.0947265625 0.1005859375
15 0.90380859375 0.6162109375 0.0947265625 0.08984375
5 0.04736328125 0.75341796875 0.0947265625 0.0791015625
5 0.18994140625 0.7607421875 0.0947265625 0.09375
9 0.33251953125 0.75146484375 0.0947265625 0.0751953125
6 0.47509765625 0.75048828125 0.0947265625 0.0732421875
29 0.61865234375 0.75 0.0947265625 0.072265625
30 0.76123046875 0.75146484375 0.0947265625 0.0751953125
33 0.90380859375 0.75732421875 0.0947265625 0.0869140625
4 0.04736328125 0.908203125 0.0947265625 0.103515625
9 0.18994140625 0.912109375 0.0947265625 0.111328125
32 0.33251953125 0.89990234375 0.0947265625 0.0869140625
0 0.47509765625 0.8935546875 0.0947265625 0.07421875
21 0.61865234375 0.91015625 0.0947265625 0.107421875
31 0.76123046875 0.9091796875 0.0947265625 0.10546875
33 0.90380859375 0.89990234375 0.0947265625 0.0869140625
