24 0.0830078125 0.095703125 0.166015625 0.19140625
8 0.3330078125 0.09521484375 0.166015625 0.1904296875
27 0.5830078125 0.08203125 0.166015625 0.1640625
33 0.8330078125 0.09375 0.166015625 0.1875
6 0.0830078125 0.31884765625 0.166015625 0.1376953125
22 0.3330078125 0.3583984375 0.166015625 0.216796875
31 0.5830078125 0.34130859375 0.166015625 0.1826171875
19 0.8330078125 0.341796875 0.166015625 0.18359375
10 0.0830078125 0.5830078125 0.166015625 0.166015625
17 0.3330078125 0.57373046875 0.166015625 0.1474609375
3 0.5830078125 0.59326171875 0.166015625 0.1865234375
4 0.8330078125 0.57763671875 0.166015625 0.1552734375
16 0.0830078125 0.8369140625 0.166015625 0.173828125
1 0.3330078125 0.82763671875 0.166015625 0.1552734375
14 0.5830078125 0.8330078125 0.166015625 0.166015625
13 0.8330078125 0.83544921875 0.166015625 0.1708984375
