22 0.04150390625 0.04052734375 0.0830078125 0.0810546875
14 0.16650390625 0.03955078125 0.0830078125 0.0791015625
0 0.29150390625 0.0380859375 0.0830078125 0.076171875
4 0.41650390625 0.048828125 0.0830078125 0.09765625
17 0.54150390625 0.03662109375 0.0830078125 0.0732421875
26 0.66650390625 0.04736328125 0.0830078125 0.0947265625
9 0.79150390625 0.04052734375 0.0830078125 0.0810546875
31 0.91650390625 0.04248046875 0.0830078125 0.0849609375
21 0.04150390625 0.17431640625 0.0830078125 0.0986328125
12 0.16650390625 0.15576171875 0.0830078125 0.0615234375
1 0.29150390625 0.16943359375 0.0830078125 0.0888671875
16 0.41650390625 0.17431640625 0.0830078125 0.0986328125
1 0.54150390625 0.162109375 0.0830078125 0.07421875
28 0.66650390625 0.162109375 0.0830078125 0.07421875
26 0.79150390625 0.16455078125 0.0830078125 0.0791015625
25 0.91650390625 0.17578125 0.0830078125 0.1015625
16 0.04150390625 0.28955078125 0.0830078125 0.0791015625
19 0.16650390625 0.28955078125 0.0830078125 0.0791015625
21 0.29150390625 0.291015625 0.0830078125 0.08203125
33 0.41650390625 0.2822265625 0.0830078125 0.064453125
13 0.54150390625 0.298828125 0.0830078125 0.09765625
33 0.66650390625 0.29052734375 0.0830078125 0.0810546875
1 0.79150390625 0.28564453125 0.0830078125 0.0712890625
2 0.91650390625 0.29541015625 0.0830078125 0.0908203125
5 0.04150390625 0.423828125 0.0830078125 0.09765625
33 0.16650390625 0.421875 0.0830078125 0.09375
32 0.29150390625 0.41015625 0.0830078125 0.0703125
19 0.41650390625 0.42431640625 0.0830078125 0.0986328125
12 0.54150390625 0.42578125 0.0830078125 0.1015625
1 0.66650390625 0.40869140625 0.0830078125 0.0673828125
33 0.79150390625 0.419921875 0.0830078125 0.08984375
33 0.91650390625 0.42578125 0.0830078125 0.1015625
27 0.04150390625 0.54736328125 0.0830078125 0.0947265625
18 0.16650390625 0.53955078125 0.0830078125 0.0791015625
0 0.29150390625 0.53271484375 0.0830078125 0.0654296875
20 0.41650390625 0.53564453125 0.0830078125 0.0712890625
8 0.54150390625 0.53955078125 0.0830078125 0.0791015625
10 0.66650390625 0.53125 0.0830078125 0.0625
3 0.79150390625 0.54150390625 0.0830078125 0.0830078125
23 0.91650390625 0.53515625 0.0830078125 0.0703125
6 0.04150390625 0.6767578125 0.0830078125 0.103515625
3 0.16650390625 0.66650390625 0.0830078125 0.0830078125
28 0.29150390625 0.67041015625 0.0830078125 0.0908203125
26 0.41650390625 0.66357421875 0.0830078125 0.0771484375
30 0.54150390625 0.65966796875 0.0830078125 0.0693359375
3 0.66650390625 0.67822265625 0.0830078125 0.1064453125
30 0.79150390625 0.66943359375 0.0830078125 0.0888671875
8 0.91650390625 0.669921875 0.0830078125 0.08984375
1 0.04150390625 0.80224609375 0.0830078125 0.1044921875
22 0.16650390625 0.80029296875 0.0830078125 0.1005859375
21 0.29150390625 0.80224609375 0.0830078125 0.1044921875
20 0.41650390625 0.79345703125 0.0830078125 0.0869140625
14 0.54150390625 0.7939453125 0.0830078125 0.087890625
3 0.66650390625 0.7841796875 0.0830078125 0.068359375
16 0.79150390625 0.79052734375 0.0830078125 0.0810546875
2 0.91650390625 0.7900390625 0.0830078125 0.080078125
29 0.04150390625 0.91259765625 0.0830078125 0.0751953125
10 0.16650390625 0.9267578125 0.0830078125 0.103515625
20 0.29150390625 0.91259765625 0.0830078125 0.0751953125
8 0.41650390625 0.919921875 0.0830078125 0.08984375
23 0.54150390625 0.92041015625 0.0830078125 0.0908203125
12 0.66650390625 0.92724609375 0.0830078125 0.1044921875
27 0.79150390625 0.9228515625 0.0830078125 0.095703125
3 0.91650390625 0.90966796875 0.0830078125 0.0693359375
