32 0.06640625 0.05859375 0.1328125 0.1171875
8 0.265625 0.06640625 0.1328125 0.1328125
17 0.4658203125 0.05029296875 0.1328125 0.1005859375
18 0.666015625 0.06982421875 0.1328125 0.1396484375
25 0.8662109375 0.0634765625 0.1328125 0.126953125
5 0.06640625 0.25390625 0.1328125 0.109375
1 0.265625 0.27880859375 0.1328125 0.1591796875
9 0.4658203125 0.2841796875 0.1328125 0.169921875
28 0.666015625 0.28759765625 0.1328125 0.1767578125
30 0.8662109375 0.2705078125 0.1328125 0.142578125
16 0.06640625 0.45361328125 0.1328125 0.1083984375
1 0.265625 0.4580078125 0.1328125 0.1171875
16 0.4658203125 0.4755859375 0.1328125 0.15234375
3 0.666015625 0.455078125 0.1328125 0.111328125
14 0.8662109375 0.462890625 0.1328125 0.126953125
18 0.06640625 0.6533203125 0.1328125 0.107421875
15 0.265625 0.66748046875 0.1328125 0.1357421875
5 0.4658203125 0.6689453125 0.1328125 0.138671875
29 0.666015625 0.66455078125 0.1328125 0.1298828125
24 0.8662109375 0.662109375 0.1328125 0.125
0 0.06640625 0.8642578125 0.1328125 0.12890625
32 0.265625 0.85107421875 0.1328125 0.1025390625
24 0.4658203125 0.85546875 0.1328125 0.111328125
27 0.666015625 0.85693359375 0.1328125 0.1142578125
3 0.8662109375 0.85693359375 0.1328125 0.1142578125
