32 0.04150390625 0.0419921875 0.0830078125 0.083984375
25 0.16650390625 0.03515625 0.0830078125 0.0703125
25 0.29150390625 0.04150390625 0.0830078125 0.0830078125
27 0.41650390625 0.04736328125 0.0830078125 0.0947265625
15 0.54150390625 0.046875 0.0830078125 0.09375
1 0.66650390625 0.04736328125 0.0830078125 0.0947265625
31 0.79150390625 0.04443359375 0.0830078125 0.0888671875
15 0.91650390625 0.0322265625 0.0830078125 0.064453125
27 0.04150390625 0.166015625 0.0830078125 0.08203125
26 0.16650390625 0.1611328125 0.0830078125 0.072265625
12 0.29150390625 0.1650390625 0.0830078125 0.080078125
28 0.41650390625 0.16552734375 0.0830078125 0.0810546875
19 0.54150390625 0.17236328125 0.0830078125 0.0947265625
8 0.66650390625 0.1611328125 0.0830078125 0.072265625
30 0.79150390625 0.1572265625 0.0830078125 0.064453125
17 0.91650390625 0.1728515625 0.0830078125 0.095703125
15 0.04150390625 0.2841796875 0.0830078125 0.068359375
31 0.16650390625 0.29541015625 0.0830078125 0.0908203125
6 0.29150390625 0.29931640625 0.0830078125 0.0986328125
10 0.41650390625 0.294921875 0.0830078125 0.08984375
12 0.54150390625 0.28466796875 0.0830078125 0.0693359375
5 0.66650390625 0.3017578125 0.0830078125 0.103515625
33 0.79150390625 0.29443359375 0.0830078125 0.0888671875
25 0.91650390625 0.28515625 0.0830078125 0.0703125
2 0.04150390625 0.41796875 0.0830078125 0.0859375
27 0.16650390625 0.4228515625 0.0830078125 0.095703125
12 0.29150390625 0.40673828125 0.0830078125 0.0634765625
30 0.41650390625 0.42578125 0.0830078125 0.1015625
14 0.54150390625 0.4150390625 0.0830078125 0.080078125
12 0.66650390625 0.416015625 0.0830078125 0.08203125
29 0.79150390625 0.416015625 0.0830078125 0.08203125
27 0.91650390625 0.41064453125 0.0830078125 0.0712890625
27 0.04150390625 0.541015625 0.0830078125 0.08203125
7 0.16650390625 0.53564453125 0.0830078125 0.0712890625
3 0.29150390625 0.53466796875 0.0830078125 0.0693359375
22 0.41650390625 0.53662109375 0.0830078125 0.0732421875
7 0.54150390625 0.55224609375 0.0830078125 0.1044921875
6 0.66650390625 0.54296875 0.0830078125 0.0859375
17 0.79150390625 0.54541015625 0.0830078125 0.0908203125
33 0.91650390625 0.5546875 0.0830078125 0.109375
19 0.04150390625 0.66015625 0.0830078125 0.0703125
30 0.16650390625 0.6611328125 0.0830078125 0.072265625
26 0.29150390625 0.67431640625 0.0830078125 0.0986328125
32 0.41650390625 0.67041015625 0.0830078125 0.0908203125
16 0.54150390625 0.67236328125 0.0830078125 0.0947265625
30 0.66650390625 0.66015625 0.0830078125 0.0703125
12 0.79150390625 0.65869140625 0.0830078125 0.0673828125
16 0.91650390625 0.671875 0.0830078125 0.09375
8 0.04150390625 0.8017578125 0.0830078125 0.103515625
25 0.16650390625 0.78125 0.0830078125 0.0625
4 0.29150390625 0.79736328125 0.0830078125 0.0947265625
5 0.41650390625 0.7978515625 0.0830078125 0.095703125
4 0.54150390625 0.783203125 0.0830078125 0.06640625
33 0.66650390625 0.79296875 0.0830078125 0.0859375
18 0.79150390625 0.79638671875 0.0830078125 0.0927734375
6 0.91650390625 0.787109375 0.0830078125 0.07421875
10 0.04150390625 0.91552734375 0.0830078125 0.0810546875
28 0.16650390625 0.92578125 0.0830078125 0.1015625
3 0.29150390625 0.912109375 0.0830078125 0.07421875
19 0.41650390625 0.9228515625 0.0830078125 0.095703125
6 0.54150390625 0.92529296875 0.0830078125 0.1005859375
2 0.66650390625 0.90673828125 0.0830078125 0.0634765625
13 0.79150390625 0.9130859375 0.0830078125 0.076171875
5 0.91650390625 0.91357421875 0.0830078125 0.0771484375
