21 0.06640625 0.07568359375 0.1328125 0.1513671875
24 0.265625 0.07568359375 0.1328125 0.1513671875
9 0.4658203125 0.05517578125 0.1328125 0.1103515625
25 0.666015625 0.083984375 0.1328125 0.16796875
10 0.8662109375 0.05517578125 0.1328125 0.1103515625
28 0.06640625 0.26416015625 0.1328125 0.1298828125
32 0.265625 0.26806640625 0.1328125 0.1376953125
13 0.4658203125 0.2685546875 0.1328125 0.138671875
25 0.666015625 0.25634765625 0.1328125 0.1142578125
8 0.8662109375 0.26025390625 0.1328125 0.1220703125
11 0.06640625 0.47314453125 0.1328125 0.1474609375
2 0.265625 0.45751953125 0.1328125 0.1162109375
20 0.4658203125 0.47119140625 0.1328125 0.1435546875
15 0.666015625 0.45263671875 0.1328125 0.1064453125
22 0.8662109375 0.4619140625 0.1328125 0.125
1 0.06640625 0.6708984375 0.1328125 0.142578125
32 0.265625 0.68212890625 0.1328125 0.1650390625
33 0.4658203125 0.67138671875 0.1328125 0.1435546875
0 0.666015625 0.67236328125 0.1328125 0.1455078125
17 0.8662109375 0.6767578125 0.1328125 0.154296875
27 0.06640625 0.87158203125 0.1328125 0.1435546875
0 0.265625 0.85595703125 0.1328125 0.1123046875
0 0.4658203125 0.86083984375 0.1328125 0.1220703125
26 0.666015625 0.85693359375 0.1328125 0.1142578125
9 0.8662109375 0.853515625 0.1328125 0.107421875
