11 0.04150390625 0.0380859375 0.0830078125 0.076171875
26 0.16650390625 0.03369140625 0.0830078125 0.0673828125
30 0.29150390625 0.037109375 0.0830078125 0.07421875
26 0.41650390625 0.0478515625 0.0830078125 0.095703125
31 0.54150390625 0.0517578125 0.0830078125 0.103515625
5 0.66650390625 0.0478515625 0.0830078125 0.095703125
9 0.79150390625 0.0341796875 0.0830078125 0.068359375
32 0.91650390625 0.04296875 0.0830078125 0.0859375
2 0.04150390625 0.1728515625 0.0830078125 0.095703125
16 0.16650390625 0.17431640625 0.0830078125 0.0986328125
31 0.29150390625 0.16357421875 0.0830078125 0.0771484375
25 0.41650390625 0.17529296875 0.0830078125 0.1005859375
13 0.54150390625 0.1630859375 0.0830078125 0.076171875
30 0.66650390625 0.162109375 0.0830078125 0.07421875
12 0.79150390625 0.16064453125 0.0830078125 0.0712890625
26 0.91650390625 0.1689453125 0.0830078125 0.087890625
32 0.04150390625 0.29150390625 0.0830078125 0.0830078125
6 0.16650390625 0.28662109375 0.0830078125 0.0732421875
10 0.29150390625 0.28271484375 0.0830078125 0.0654296875
20 0.41650390625 0.28515625 0.0830078125 0.0703125
8 0.54150390625 0.287109375 0.0830078125 0.07421875
19 0.66650390625 0.2900390625 0.0830078125 0.080078125
27 0.79150390625 0.296875 0.0830078125 0.09375
1 0.91650390625 0.29052734375 0.0830078125 0.0810546875
1 0.04150390625 0.4267578125 0.0830078125 0.103515625
7 0.16650390625 0.4091796875 0.0830078125 0.068359375
22 0.29150390625 0.41796875 0.0830078125 0.0859375
15 0.41650390625 0.41015625 0.0830078125 0.0703125
1 0.54150390625 0.4072265625 0.0830078125 0.064453125
21 0.66650390625 0.4111328125 0.0830078125 0.072265625
15 0.79150390625 0.412109375 0.0830078125 0.07421875
28 0.91650390625 0.41455078125 0.0830078125 0.0791015625
11 0.04150390625 0.54345703125 0.0830078125 0.0869140625
3 0.16650390625 0.54345703125 0.0830078125 0.0869140625
23 0.29150390625 0.537109375 0.0830078125 0.07421875
5 0.41650390625 0.54638671875 0.0830078125 0.0927734375
31 0.54150390625 0.55029296875 0.0830078125 0.1005859375
19 0.66650390625 0.55224609375 0.0830078125 0.1044921875
12 0.79150390625 0.55419921875 0.0830078125 0.1083984375
13 0.91650390625 0.5400390625 0.0830078125 0.080078125
25 0.04150390625 0.67236328125 0.0830078125 0.0947265625
17 0.16650390625 0.67431640625 0.0830078125 0.0986328125
27 0.29150390625 0.66943359375 0.0830078125 0.0888671875
28 0.41650390625 0.6669921875 0.0830078125 0.083984375
20 0.54150390625 0.67724609375 0.0830078125 0.1044921875
12 0.66650390625 0.666015625 0.0830078125 0.08203125
13 0.79150390625 0.67431640625 0.0830078125 0.0986328125
33 0.91650390625 0.67138671875 0.0830078125 0.0927734375
32 0.04150390625 0.78955078125 0.0830078125 0.0791015625
27 0.16650390625 0.78564453125 0.0830078125 0.0712890625
29 0.29150390625 0.79931640625 0.0830078125 0.0986328125
2 0.41650390625 0.79736328125 0.0830078125 0.0947265625
27 0.54150390625 0.798828125 0.0830078125 0.09765625
25 0.66650390625 0.7880859375 0.0830078125 0.076171875
11 0.79150390625 0.80029296875 0.0830078125 0.1005859375
1 0.91650390625 0.78515625 0.0830078125 0.0703125
17 0.04150390625 0.90966796875 0.0830078125 0.0693359375
8 0.16650390625 0.91650390625 0.0830078125 0.0830078125
24 0.29150390625 0.916015625 0.0830078125 0.08203125
26 0.41650390625 0.92529296875 0.0830078125 0.1005859375
20 0.54150390625 0.9267578125 0.0830078125 0.103515625
22 0.66650390625 0.91943359375 0.0830078125 0.0888671875
21 0.79150390625 0.908203125 0.0830078125 0.06640625
9 0.91650390625 0.919921875 0.0830078125 0.08984375
