2 0.0830078125 0.06884765625 0.166015625 0.1376953125
33 0.3330078125 0.0810546875 0.166015625 0.162109375
5 0.5830078125 0.08056640625 0.166015625 0.1611328125
18 0.8330078125 0.06884765625 0.166015625 0.1376953125
33 0.0830078125 0.31591796875 0.166015625 0.1318359375
32 0.3330078125 0.341796875 0.166015625 0.18359375
16 0.5830078125 0.3369140625 0.166015625 0.173828125
30 0.8330078125 0.32373046875 0.166015625 0.1474609375
27 0.0830078125 0.58251953125 0.166015625 0.1650390625
5 0.3330078125 0.57763671875 0.166015625 0.1552734375
25 0.5830078125 0.5830078125 0.166015625 0.166015625
11 0.8330078125 0.56982421875 0.166015625 0.1396484375
15 0.0830078125 0.84326171875 0.166015625 0.1865234375
5 0.3330078125 0.82080078125 0.166015625 0.1416015625
24 0.5830078125 0.85205078125 0.166015625 0.2041015625
30 0.8330078125 0.82958984375 0.166015625 0.1591796875
