0 0.05517578125 0.04296875 0.1103515625 0.0859375
13 0.22119140625 0.0673828125 0.1103515625 0.134765625
1 0.38818359375 0.0478515625 0.1103515625 0.095703125
15 0.55517578125 0.05126953125 0.1103515625 0.1025390625
17 0.72119140625 0.04248046875 0.1103515625 0.0849609375
9 0.88818359375 0.068359375 0.1103515625 0.13671875
13 0.05517578125 0.21044921875 0.1103515625 0.0888671875
9 0.22119140625 0.224609375 0.1103515625 0.1171875
12 0.38818359375 0.220703125 0.1103515625 0.109375
11 0.55517578125 0.22998046875 0.1103515625 0.1279296875
7 0.72119140625 0.2158203125 0.1103515625 0.099609375
16 0.88818359375 0.216796875 0.1103515625 0.1015625
12 0.05517578125 0.375 0.1103515625 0.083984375
28 0.22119140625 0.38720703125 0.1103515625 0.1083984375
26 0.38818359375 0.3818359375 0.1103515625 0.09765625
2 0.55517578125 0.3828125 0.1103515625 0.099609375
6 0.72119140625 0.3828125 0.1103515625 0.099609375
32 0.88818359375 0.3876953125 0.1103515625 0.109375
20 0.05517578125 0.5546875 0.1103515625 0.109375
12 0.22119140625 0.56396484375 0.1103515625 0.1279296875
31 0.38818359375 0.56591796875 0.1103515625 0.1318359375
0 0.55517578125 0.54541015625 0.1103515625 0.0908203125
9 0.72119140625 0.56103515625 0.1103515625 0.1220703125
27 0.88818359375 0.55908203125 0.1103515625 0.1181640625
7 0.05517578125 0.7216796875 0.1103515625 0.111328125
21 0.22119140625 0.7255859375 0.1103515625 0.119140625
15 0.38818359375 0.734375 0.1103515625 0.13671875
6 0.55517578125 0.7138671875 0.1103515625 0.095703125
6 0.72119140625 0.7138671875 0.1103515625 0.095703125
6 0.88818359375 0.7373046875 0.1103515625 0.142578125
13 0.05517578125 0.888671875 0.1103515625 0.111328125
16 0.22119140625 0.90380859375 0.1103515625 0.1416015625
23 0.38818359375 0.88427734375 0.1103515625 0.1025390625
22 0.55517578125 0.89208984375 0.1103515625 0.1181640625
5 0.72119140625 0.88916015625 0.1103515625 0.1123046875
26 0.88818359375 0.8779296875 0.1103515625 0.08984375
