23 0.04150390625 0.048828125 0.0830078125 0.09765625
20 0.16650390625 0.0439453125 0.0830078125 0.087890625
29 0.29150390625 0.05029296875 0.0830078125 0.1005859375
19 0.41650390625 0.037109375 0.0830078125 0.07421875
17 0.54150390625 0.05029296875 0.0830078125 0.1005859375
20 0.66650390625 0.04345703125 0.0830078125 0.0869140625
24 0.79150390625 0.04931640625 0.0830078125 0.0986328125
30 0.91650390625 0.0380859375 0.0830078125 0.076171875
13 0.04150390625 0.16845703125 0.0830078125 0.0869140625
15 0.16650390625 0.1591796875 0.0830078125 0.068359375
17 0.29150390625 0.15869140625 0.0830078125 0.0673828125
33 0.41650390625 0.16357421875 0.0830078125 0.0771484375
20 0.54150390625 0.15869140625 0.0830078125 0.0673828125
18 0.66650390625 0.16015625 0.0830078125 0.0703125
21 0.79150390625 0.1591796875 0.0830078125 0.068359375
23 0.91650390625 0.15625 0.0830078125 0.0625
7 0.04150390625 0.2841796875 0.0830078125 0.068359375
4 0.16650390625 0.2822265625 0.0830078125 0.064453125
19 0.29150390625 0.28125 0.0830078125 0.0625
31 0.41650390625 0.287109375 0.0830078125 0.07421875
31 0.54150390625 0.29443359375 0.0830078125 0.0888671875
26 0.66650390625 0.29638671875 0.0830078125 0.0927734375
25 0.79150390625 0.287109375 0.0830078125 0.07421875
5 0.91650390625 0.30322265625 0.0830078125 0.1064453125
30 0.04150390625 0.412109375 0.0830078125 0.07421875
18 0.16650390625 0.423828125 0.0830078125 0.09765625
18 0.29150390625 0.41796875 0.0830078125 0.0859375
8 0.41650390625 0.40869140625 0.0830078125 0.0673828125
20 0.54150390625 0.41455078125 0.0830078125 0.0791015625
23 0.66650390625 0.4091796875 0.0830078125 0.068359375
17 0.79150390625 0.41650390625 0.0830078125 0.0830078125
15 0.91650390625 0.41162109375 0.0830078125 0.0732421875
26 0.04150390625 0.533203125 0.0830078125 0.06640625
3 0.16650390625 0.53857421875 0.0830078125 0.0771484375
8 0.29150390625 0.5478515625 0.0830078125 0.095703125
2 0.41650390625 0.54248046875 0.0830078125 0.0849609375
17 0.54150390625 0.53564453125 0.0830078125 0.0712890625
4 0.66650390625 0.55224609375 0.0830078125 0.1044921875
25 0.79150390625 0.54296875 0.0830078125 0.0859375
5 0.91650390625 0.54345703125 0.0830078125 0.0869140625
12 0.04150390625 0.66064453125 0.0830078125 0.0712890625
21 0.16650390625 0.6640625 0.0830078125 0.078125
18 0.29150390625 0.66650390625 0.0830078125 0.0830078125
25 0.41650390625 0.66455078125 0.0830078125 0.0791015625
17 0.54150390625 0.66796875 0.0830078125 0.0859375
30 0.66650390625 0.66064453125 0.0830078125 0.0712890625
11 0.79150390625 0.65625 0.0830078125 0.0625
6 0.91650390625 0.6640625 0.0830078125 0.078125
14 0.04150390625 0.79541015625 0.0830078125 0.0908203125
14 0.16650390625 0.78271484375 0.0830078125 0.0654296875
6 0.29150390625 0.78515625 0.0830078125 0.0703125
31 0.41650390625 0.78564453125 0.0830078125 0.0712890625
10 0.54150390625 0.7900390625 0.0830078125 0.080078125
21 0.66650390625 0.787109375 0.0830078125 0.07421875
7 0.79150390625 0.79296875 0.0830078125 0.0859375
24 0.91650390625 0.78955078125 0.0830078125 0.0791015625
0 0.04150390625 0.91357421875 0.0830078125 0.0771484375
7 0.16650390625 0.9150390625 0.0830078125 0.080078125
13 0.29150390625 0.908203125 0.0830078125 0.06640625
2 0.41650390625 0.91064453125 0.0830078125 0.0712890625
24 0.54150390625 0.908203125 0.0830078125 0.06640625
31 0.66650390625 0.91748046875 0.0830078125 0.0849609375
16 0.79150390625 0.91455078125 0.0830078125 0.0791015625
12 0.91650390625 0.92138671875 0.0830078125 0.0927734375
