9 0.0830078125 0.09326171875 0.166015625 0.1865234375
31 0.3330078125 0.09521484375 0.166015625 0.1904296875
21 0.5830078125 0.06982421875 0.166015625 0.1396484375
28 0.8330078125 0.064453125 0.166015625 0.12890625
15 0.0830078125 0.31591796875 0.166015625 0.1318359375
4 0.3330078125 0.32275390625 0.166015625 0.1455078125
6 0.5830078125 0.34619140625 0.166015625 0.1923828125
9 0.8330078125 0.35205078125 0.166015625 0.2041015625
32 0.0830078125 0.57421875 0.166015625 0.1484375
18 0.3330078125 0.59033203125 0.166015625 0.1806640625
17 0.5830078125 0.60205078125 0.166015625 0.2041015625
6 0.8330078125 0.5751953125 0.166015625 0.150390625
21 0.0830078125 0.82666015625 0.166015625 0.1533203125
23 0.3330078125 0.84521484375 0.166015625 0.1904296875
18 0.5830078125 0.845703125 0.166015625 0.19140625
8 0.8330078125 0.82470703125 0.166015625 0.1494140625
