21 0.06640625 0.052734375 0.1328125 0.10546875
26 0.265625 0.0849609375 0.1328125 0.169921875
11 0.4658203125 0.0693359375 0.1328125 0.138671875
33 0.666015625 0.06298828125 0.1328125 0.1259765625
23 0.8662109375 0.064453125 0.1328125 0.12890625
33 0.06640625 0.2744140625 0.1328125 0.150390625
11 0.265625 0.2685546875 0.1328125 0.138671875
24 0.4658203125 0.27734375 0.1328125 0.15625
19 0.666015625 0.2841796875 0.1328125 0.169921875
14 0.8662109375 0.2744140625 0.1328125 0.150390625
18 0.06640625 0.458984375 0.1328125 0.119140625
10 0.265625 0.45654296875 0.1328125 0.1142578125
14 0.4658203125 0.45361328125 0.1328125 0.1083984375
30 0.666015625 0.4755859375 0.1328125 0.15234375
25 0.8662109375 0.46240234375 0.1328125 0.1259765625
12 0.06640625 0.65869140625 0.1328125 0.1181640625
32 0.265625 0.65380859375 0.1328125 0.1083984375
18 0.4658203125 0.66796875 0.1328125 0.13671875
23 0.666015625 0.67333984375 0.1328125 0.1474609375
9 0.8662109375 0.6513671875 0.1328125 0.103515625
10 0.06640625 0.859375 0.1328125 0.119140625
33 0.265625 0.865234375 0.1328125 0.130859375
31 0.4658203125 0.880859375 0.1328125 0.162109375
2 0.666015625 0.87548828125 0.1328125 0.1513671875
19 0.8662109375 0.853515625 0.1328125 0.107421875
