2 0.04150390625 0.037109375 0.0830078125 0.07421875
24 0.16650390625 0.03125 0.0830078125 0.0625
8 0.29150390625 0.046875 0.0830078125 0.09375
10 0.41650390625 0.0400390625 0.0830078125 0.080078125
7 0.54150390625 0.04150390625 0.0830078125 0.0830078125
8 0.66650390625 0.04296875 0.0830078125 0.0859375
27 0.79150390625 0.041015625 0.0830078125 0.08203125
10 0.91650390625 0.04296875 0.0830078125 0.0859375
27 0.04150390625 0.17041015625 0.0830078125 0.0908203125
22 0.16650390625 0.16015625 0.0830078125 0.0703125
26 0.29150390625 0.171875 0.0830078125 0.09375
20 0.41650390625 0.171875 0.0830078125 0.09375
0 0.54150390625 0.1630859375 0.0830078125 0.076171875
6 0.66650390625 0.1806640625 0.0830078125 0.111328125
20 0.79150390625 0.16650390625 0.0830078125 0.0830078125
14 0.91650390625 0.169921875 0.0830078125 0.08984375
22 0.04150390625 0.28173828125 0.0830078125 0.0634765625
28 0.16650390625 0.3017578125 0.0830078125 0.103515625
28 0.29150390625 0.28857421875 0.0830078125 0.0771484375
4 0.41650390625 0.2841796875 0.0830078125 0.068359375
11 0.54150390625 0.2890625 0.0830078125 0.078125
1 0.66650390625 0.287109375 0.0830078125 0.07421875
31 0.79150390625 0.291015625 0.0830078125 0.08203125
20 0.91650390625 0.28369140625 0.0830078125 0.0673828125
7 0.04150390625 0.4189453125 0.0830078125 0.087890625
28 0.16650390625 0.423828125 0.0830078125 0.09765625
10 0.29150390625 0.412109375 0.0830078125 0.07421875
27 0.41650390625 0.41259765625 0.0830078125 0.0751953125
16 0.54150390625 0.42236328125 0.0830078125 0.0947265625
2 0.66650390625 0.41650390625 0.0830078125 0.0830078125
33 0.79150390625 0.41796875 0.0830078125 0.0859375
1 0.91650390625 0.4169921875 0.0830078125 0.083984375
1 0.04150390625 0.5419921875 0.0830078125 0.083984375
24 0.16650390625 0.54638671875 0.0830078125 0.0927734375
13 0.29150390625 0.53173828125 0.0830078125 0.0634765625
22 0.41650390625 0.5390625 0.0830078125 0.078125
12 0.54150390625 0.54931640625 0.0830078125 0.0986328125
16 0.66650390625 0.5400390625 0.0830078125 0.080078125
28 0.79150390625 0.5517578125 0.0830078125 0.103515625
2 0.91650390625 0.54052734375 0.0830078125 0.0810546875
3 0.04150390625 0.6728515625 0.0830078125 0.095703125
8 0.16650390625 0.65966796875 0.0830078125 0.0693359375
29 0.29150390625 0.66015625 0.0830078125 0.0703125
23 0.41650390625 0.6591796875 0.0830078125 0.068359375
33 0.54150390625 0.6669921875 0.0830078125 0.083984375
7 0.66650390625 0.67041015625 0.0830078125 0.0908203125
15 0.79150390625 0.658203125 0.0830078125 0.06640625
16 0.91650390625 0.67578125 0.0830078125 0.1015625
32 0.04150390625 0.7822265625 0.0830078125 0.064453125
19 0.16650390625 0.78955078125 0.0830078125 0.0791015625
23 0.29150390625 0.79248046875 0.0830078125 0.0849609375
30 0.41650390625 0.80078125 0.0830078125 0.1015625
0 0.54150390625 0.78564453125 0.0830078125 0.0712890625
17 0.66650390625 0.7890625 0.0830078125 0.078125
5 0.79150390625 0.7822265625 0.0830078125 0.064453125
10 0.91650390625 0.78515625 0.0830078125 0.0703125
22 0.04150390625 0.91650390625 0.0830078125 0.0830078125
12 0.16650390625 0.912109375 0.0830078125 0.07421875
14 0.29150390625 0.91748046875 0.0830078125 0.0849609375
33 0.41650390625 0.91748046875 0.0830078125 0.0849609375
9 0.54150390625 0.91552734375 0.0830078125 0.0810546875
6 0.66650390625 0.91015625 0.0830078125 0.0703125
16 0.79150390625 0.9169921875 0.0830078125 0.083984375
19 0.91650390625 0.9140625 0.0830078125 0.078125
