25 0.04150390625 0.04296875 0.0830078125 0.0859375
6 0.16650390625 0.05029296875 0.0830078125 0.1005859375
16 0.29150390625 0.03759765625 0.0830078125 0.0751953125
26 0.41650390625 0.037109375 0.0830078125 0.07421875
12 0.54150390625 0.03173828125 0.0830078125 0.0634765625
32 0.66650390625 0.05419921875 0.0830078125 0.1083984375
17 0.79150390625 0.03271484375 0.0830078125 0.0654296875
19 0.91650390625 0.0361328125 0.0830078125 0.072265625
28 0.04150390625 0.158203125 0.0830078125 0.06640625
24 0.16650390625 0.1611328125 0.0830078125 0.072265625
7 0.29150390625 0.1689453125 0.0830078125 0.087890625
29 0.41650390625 0.1640625 0.0830078125 0.078125
10 0.54150390625 0.16748046875 0.0830078125 0.0849609375
28 0.66650390625 0.15673828125 0.0830078125 0.0634765625
32 0.79150390625 0.16064453125 0.0830078125 0.0712890625
33 0.91650390625 0.1572265625 0.0830078125 0.064453125
4 0.04150390625 0.287109375 0.0830078125 0.07421875
6 0.16650390625 0.28955078125 0.0830078125 0.0791015625
12 0.29150390625 0.287109375 0.0830078125 0.07421875
29 0.41650390625 0.2919921875 0.0830078125 0.083984375
10 0.54150390625 0.29248046875 0.0830078125 0.0849609375
4 0.66650390625 0.298828125 0.0830078125 0.09765625
5 0.79150390625 0.2900390625 0.0830078125 0.080078125
23 0.91650390625 0.29296875 0.0830078125 0.0859375
16 0.04150390625 0.4072265625 0.0830078125 0.064453125
26 0.16650390625 0.421875 0.0830078125 0.09375
7 0.29150390625 0.41943359375 0.0830078125 0.0888671875
24 0.41650390625 0.41552734375 0.0830078125 0.0810546875
11 0.54150390625 0.41943359375 0.0830078125 0.0888671875
6 0.66650390625 0.412109375 0.0830078125 0.07421875
16 0.79150390625 0.41748046875 0.0830078125 0.0849609375
30 0.91650390625 0.42138671875 0.0830078125 0.0927734375
14 0.04150390625 0.53857421875 0.0830078125 0.0771484375
15 0.16650390625 0.53466796875 0.0830078125 0.0693359375
8 0.29150390625 0.533203125 0.0830078125 0.06640625
31 0.41650390625 0.5390625 0.0830078125 0.078125
18 0.54150390625 0.5341796875 0.0830078125 0.068359375
12 0.66650390625 0.53515625 0.0830078125 0.0703125
30 0.79150390625 0.53564453125 0.0830078125 0.0712890625
3 0.91650390625 0.54638671875 0.0830078125 0.0927734375
22 0.04150390625 0.6640625 0.0830078125 0.078125
28 0.16650390625 0.67578125 0.0830078125 0.1015625
28 0.29150390625 0.67431640625 0.0830078125 0.0986328125
12 0.41650390625 0.6640625 0.0830078125 0.078125
19 0.54150390625 0.6650390625 0.0830078125 0.080078125
22 0.66650390625 0.6728515625 0.0830078125 0.095703125
25 0.79150390625 0.662109375 0.0830078125 0.07421875
17 0.91650390625 0.66845703125 0.0830078125 0.0869140625
8 0.04150390625 0.791015625 0.0830078125 0.08203125
5 0.16650390625 0.78271484375 0.0830078125 0.0654296875
9 0.29150390625 0.79541015625 0.0830078125 0.0908203125
3 0.41650390625 0.79052734375 0.0830078125 0.0810546875
25 0.54150390625 0.791015625 0.0830078125 0.08203125
20 0.66650390625 0.7880859375 0.0830078125 0.076171875
21 0.79150390625 0.80224609375 0.0830078125 0.1044921875
16 0.91650390625 0.7890625 0.0830078125 0.078125
22 0.04150390625 0.9140625 0.0830078125 0.078125
6 0.16650390625 0.9140625 0.0830078125 0.078125
0 0.29150390625 0.91748046875 0.0830078125 0.0849609375
21 0.41650390625 0.9091796875 0.0830078125 0.068359375
16 0.54150390625 0.91796875 0.0830078125 0.0859375
0 0.66650390625 0.91796875 0.0830078125 0.0859375
0 0.79150390625 0.91748046875 0.0830078125 0.0849609375
22 0.91650390625 0.91796875 0.0830078125 0.0859375
