27 0.05517578125 0.0419921875 0.1103515625 0.083984375
28 0.22119140625 0.05517578125 0.1103515625 0.1103515625
24 0.38818359375 0.05712890625 0.1103515625 0.1142578125
17 0.55517578125 0.04541015625 0.1103515625 0.0908203125
31 0.72119140625 0.05712890625 0.1103515625 0.1142578125
3 0.88818359375 0.05126953125 0.1103515625 0.1025390625
19 0.05517578125 0.228515625 0.1103515625 0.125
20 0.22119140625 0.22216796875 0.1103515625 0.1123046875
19 0.38818359375 0.2080078125 0.1103515625 0.083984375
27 0.55517578125 0.212890625 0.1103515625 0.09375
29 0.72119140625 0.22119140625 0.1103515625 0.1103515625
23 0.88818359375 0.2197265625 0.1103515625 0.107421875
5 0.05517578125 0.390625 0.1103515625 0.115234375
24 0.22119140625 0.400390625 0.1103515625 0.134765625
12 0.38818359375 0.396484375 0.1103515625 0.126953125
6 0.55517578125 0.38134765625 0.1103515625 0.0966796875
23 0.72119140625 0.37548828125 0.1103515625 0.0849609375
21 0.88818359375 0.37451171875 0.1103515625 0.0830078125
6 0.05517578125 0.544921875 0.1103515625 0.08984375
24 0.22119140625 0.546875 0.1103515625 0.09375
20 0.38818359375 0.54833984375 0.1103515625 0.0966796875
28 0.55517578125 0.55908203125 0.1103515625 0.1181640625
29 0.72119140625 0.5546875 0.1103515625 0.109375
9 0.88818359375 0.54345703125 0.1103515625 0.0869140625
11 0.05517578125 0.73681640625 0.1103515625 0.1416015625
15 0.22119140625 0.724609375 0.1103515625 0.1171875
23 0.38818359375 0.724609375 0.1103515625 0.1171875
6 0.55517578125 0.71240234375 0.1103515625 0.0927734375
27 0.72119140625 0.72509765625 0.1103515625 0.1181640625
16 0.88818359375 0.72802734375 0.1103515625 0.1240234375
7 0.05517578125 0.87841796875 0.1103515625 0.0908203125
12 0.22119140625 0.90380859375 0.1103515625 0.1416015625
30 0.38818359375 0.90185546875 0.1103515625 0.1376953125
20 0.55517578125 0.876953125 0.1103515625 0.087890625
6 0.72119140625 0.900390625 0.1103515625 0.134765625
7 0.88818359375 0.89501953125 0.1103515625 0.1240234375
