31 0.04736328125 0.0400390625 0.0947265625 0.080078125
0 0.18994140625 0.03955078125 0.0947265625 0.0791015625
31 0.33251953125 0.06005859375 0.0947265625 0.1201171875
21 0.47509765625 0.05029296875 0.0947265625 0.1005859375
18 0.61865234375 0.05859375 0.0947265625 0.1171875
6 0.76123046875 0.04833984375 0.0947265625 0.0966796875
7 0.90380859375 0.037109375 0.0947265625 0.07421875
7 0.04736328125 0.1826171875 0.0947265625 0.080078125
17 0.18994140625 0.1953125 0.0947265625 0.10546875
4 0.33251953125 0.18701171875 0.0947265625 0.0888671875
12 0.47509765625 0.1923828125 0.0947265625 0.099609375
21 0.61865234375 0.1962890625 0.0947265625 0.107421875
4 0.76123046875 0.18505859375 0.0947265625 0.0849609375
7 0.90380859375 0.1962890625 0.0947265625 0.107421875
5 0.04736328125 0.3369140625 0.0947265625 0.103515625
6 0.18994140625 0.337890625 0.0947265625 0.10546875
20 0.33251953125 0.322265625 0.0947265625 0.07421875
30 0.47509765625 0.3408203125 0.0947265625 0.111328125
13 0.61865234375 0.32177734375 0.0947265625 0.0732421875
22 0.76123046875 0.33251953125 0.0947265625 0.0947265625
27 0.90380859375 0.32275390625 0.0947265625 0.0751953125
24 0.04736328125 0.48779296875 0.0947265625 0.1201171875
21 0.18994140625 0.4736328125 0.0947265625 0.091796875
25 0.33251953125 0.47900390625 0.0947265625 0.1025390625
4 0.47509765625 0.47607421875 0.0947265625 0.0966796875
16 0.61865234375 0.4794921875 0.0947265625 0.103515625
10 0.76123046875 0.4814453125 0.0947265625 0.107421875
7 0.90380859375 0.47119140625 0.0947265625 0.0869140625
9 0.04736328125 0.6259765625 0.0947265625 0.109375
9 0.18994140625 0.6220703125 0.0947265625 0.1015625
13 0.33251953125 0.60791015625 0.0947265625 0.0732421875
0 0.47509765625 0.62060546875 0.0947265625 0.0986328125
21 0.61865234375 0.61865234375 0.0947265625 0.0947265625
16 0.76123046875 0.623046875 0.0947265625 0.103515625
6 0.90380859375 0.6279296875 0.0947265625 0.11328125
12 0.04736328125 0.75927734375 0.0947265625 0.0908203125
23 0.18994140625 0.7705078125 0.0947265625 0.11328125
8 0.33251953125 0.7646484375 0.0947265625 0.1015625
21 0.47509765625 0.7578125 0.0947265625 0.087890625
20 0.61865234375 0.76171875 0.0947265625 0.095703125
6 0.76123046875 0.77099609375 0.0947265625 0.1142578125
33 0.90380859375 0.765625 0.0947265625 0.103515625
7 0.04736328125 0.90478515625 0.0947265625 0.0966796875
24 0.18994140625 0.89306640625 0.0947265625 0.0732421875
5 0.33251953125 0.89990234375 0.0947265625 0.0869140625
15 0.47509765625 0.90576171875 0.0947265625 0.0986328125
22 0.61865234375 0.89892578125 0.0947265625 0.0849609375
17 0.76123046875 0.89599609375 0.0947265625 0.0791015625
12 0.90380859375 0.9052734375 0.0947265625 0.09765625
