24 0.0830078125 0.07470703125 0.166015625 0.1494140625
22 0.3330078125 0.07373046875 0.166015625 0.1474609375
1 0.5830078125 0.10205078125 0.166015625 0.2041015625
27 0.8330078125 0.07470703125 0.166015625 0.1494140625
16 0.0830078125 0.31494140625 0.166015625 0.1298828125
22 0.3330078125 0.35595703125 0.166015625 0.2119140625
13 0.5830078125 0.31640625 0.166015625 0.1328125
25 0.8330078125 0.345703125 0.166015625 0.19140625
3 0.0830078125 0.58837890625 0.166015625 0.1767578125
0 0.3330078125 0.5771484375 0.166015625 0.154296875
15 0.5830078125 0.56787109375 0.166015625 0.1357421875
0 0.8330078125 0.5703125 0.166015625 0.140625
23 0.0830078125 0.830078125 0.166015625 0.16015625
8 0.3330078125 0.83447265625 0.166015625 0.1689453125
18 0.5830078125 0.83837890625 0.166015625 0.1767578125
20 0.8330078125 0.83837890625 0.166015625 0.1767578125
