7 0.04150390625 0.0322265625 0.0830078125 0.064453125
31 0.16650390625 0.04248046875 0.0830078125 0.0849609375
19 0.29150390625 0.03955078125 0.0830078125 0.0791015625
20 0.41650390625 0.046875 0.0830078125 0.09375
33 0.54150390625 0.0517578125 0.0830078125 0.103515625
28 0.66650390625 0.041015625 0.0830078125 0.08203125
1 0.79150390625 0.046875 0.0830078125 0.09375
32 0.91650390625 0.0419921875 0.0830078125 0.083984375
27 0.04150390625 0.16552734375 0.0830078125 0.0810546875
32 0.16650390625 0.171875 0.0830078125 0.09375
19 0.29150390625 0.1728515625 0.0830078125 0.095703125
2 0.41650390625 0.1650390625 0.0830078125 0.080078125
5 0.54150390625 0.16064453125 0.0830078125 0.0712890625
19 0.66650390625 0.162109375 0.0830078125 0.07421875
6 0.79150390625 0.1767578125 0.0830078125 0.103515625
9 0.91650390625 0.1640625 0.0830078125 0.078125
26 0.04150390625 0.2919921875 0.0830078125 0.083984375
3 0.16650390625 0.29150390625 0.0830078125 0.0830078125
11 0.29150390625 0.28369140625 0.0830078125 0.0673828125
1 0.41650390625 0.287109375 0.0830078125 0.07421875
3 0.54150390625 0.2939453125 0.0830078125 0.087890625
7 0.66650390625 0.29345703125 0.0830078125 0.0869140625
9 0.79150390625 0.28857421875 0.0830078125 0.0771484375
18 0.91650390625 0.29248046875 0.0830078125 0.0849609375
15 0.04150390625 0.4091796875 0.0830078125 0.068359375
9 0.16650390625 0.41552734375 0.0830078125 0.0810546875
28 0.29150390625 0.41845703125 0.0830078125 0.0869140625
24 0.41650390625 0.42919921875 0.0830078125 0.1083984375
0 0.54150390625 0.41455078125 0.0830078125 0.0791015625
27 0.66650390625 0.412109375 0.0830078125 0.07421875
25 0.79150390625 0.4228515625 0.0830078125 0.095703125
18 0.91650390625 0.4140625 0.0830078125 0.078125
31 0.04150390625 0.54638671875 0.0830078125 0.0927734375
23 0.16650390625 0.548828125 0.0830078125 0.09765625
17 0.29150390625 0.54931640625 0.0830078125 0.0986328125
24 0.41650390625 0.541015625 0.0830078125 0.08203125
31 0.54150390625 0.54248046875 0.0830078125 0.0849609375
13 0.66650390625 0.537109375 0.0830078125 0.07421875
2 0.79150390625 0.53759765625 0.0830078125 0.0751953125
11 0.91650390625 0.5517578125 0.0830078125 0.103515625
27 0.04150390625 0.67529296875 0.0830078125 0.1005859375
24 0.16650390625 0.67578125 0.0830078125 0.1015625
17 0.29150390625 0.6630859375 0.0830078125 0.076171875
9 0.41650390625 0.6650390625 0.0830078125 0.080078125
3 0.54150390625 0.66943359375 0.0830078125 0.0888671875
8 0.66650390625 0.66015625 0.0830078125 0.0703125
24 0.79150390625 0.66259765625 0.0830078125 0.0751953125
24 0.91650390625 0.66357421875 0.0830078125 0.0771484375
9 0.04150390625 0.79296875 0.0830078125 0.0859375
20 0.16650390625 0.79443359375 0.0830078125 0.0888671875
7 0.29150390625 0.7880859375 0.0830078125 0.076171875
0 0.41650390625 0.79248046875 0.0830078125 0.0849609375
33 0.54150390625 0.787109375 0.0830078125 0.07421875
18 0.66650390625 0.80078125 0.0830078125 0.1015625
31 0.79150390625 0.78759765625 0.0830078125 0.0751953125
22 0.91650390625 0.796875 0.0830078125 0.09375
21 0.04150390625 0.92041015625 0.0830078125 0.0908203125
27 0.16650390625 0.90966796875 0.0830078125 0.0693359375
2 0.29150390625 0.92578125 0.0830078125 0.1015625
29 0.41650390625 0.912109375 0.0830078125 0.07421875
29 0.54150390625 0.91748046875 0.0830078125 0.0849609375
8 0.66650390625 0.91552734375 0.0830078125 0.0810546875
2 0.79150390625 0.92431640625 0.0830078125 0.0986328125
6 0.91650390625 0.92236328125 0.0830078125 0.0947265625
