10 0.04736328125 0.041015625 0.0947265625 0.08203125
6 0.18994140625 0.05859375 0.0947265625 0.1171875
6 0.33251953125 0.05859375 0.0947265625 0.1171875
16 0.47509765625 0.0380859375 0.0947265625 0.076171875
5 0.61865234375 0.0439453125 0.0947265625 0.087890625
12 0.76123046875 0.04833984375 0.0947265625 0.0966796875
6 0.90380859375 0.0419921875 0.0947265625 0.083984375
28 0.04736328125 0.19921875 0.0947265625 0.11328125
15 0.18994140625 0.19384765625 0.0947265625 0.1025390625
13 0.33251953125 0.18701171875 0.0947265625 0.0888671875
2 0.47509765625 0.18701171875 0.0947265625 0.0888671875
9 0.61865234375 0.20458984375 0.0947265625 0.1240234375
26 0.76123046875 0.19287109375 0.0947265625 0.1005859375
0 0.90380859375 0.18310546875 0.0947265625 0.0810546875
30 0.04736328125 0.32666015625 0.0947265625 0.0830078125
7 0.18994140625 0.3408203125 0.0947265625 0.111328125
18 0.33251953125 0.34375 0.0947265625 0.1171875
24 0.47509765625 0.3310546875 0.0947265625 0.091796875
23 0.61865234375 0.32763671875 0.0947265625 0.0849609375
25 0.76123046875 0.32861328125 0.0947265625 0.0869140625
3 0.90380859375 0.33251953125 0.0947265625 0.0947265625
0 0.04736328125 0.48779296875 0.0947265625 0.1201171875
13 0.18994140625 0.48046875 0.0947265625 0.10546875
18 0.33251953125 0.4716796875 0.0947265625 0.087890625
7 0.47509765625 0.4765625 0.0947265625 0.09765625
30 0.61865234375 0.46337890625 0.0947265625 0.0712890625
11 0.76123046875 0.466796875 0.0947265625 0.078125
6 0.90380859375 0.48291015625 0.0947265625 0.1103515625
33 0.04736328125 0.6279296875 0.0947265625 0.11328125
33 0.18994140625 0.62451171875 0.0947265625 0.1064453125
14 0.33251953125 0.61376953125 0.0947265625 0.0849609375
10 0.47509765625 0.6201171875 0.0947265625 0.09765625
28 0.61865234375 0.6181640625 0.0947265625 0.09375
10 0.76123046875 0.60888671875 0.0947265625 0.0751953125
9 0.90380859375 0.61279296875 0.0947265625 0.0830078125
32 0.04736328125 0.76904296875 0.0947265625 0.1103515625
22 0.18994140625 0.7763671875 0.0947265625 0.125
15 0.33251953125 0.759765625 0.0947265625 0.091796875
1 0.47509765625 0.75341796875 0.0947265625 0.0791015625
16 0.61865234375 0.7724609375 0.0947265625 0.1171875
3 0.76123046875 0.767578125 0.0947265625 0.107421875
11 0.90380859375 0.75634765625 0.0947265625 0.0849609375
16 0.04736328125 0.91455078125 0.0947265625 0.1162109375
20 0.18994140625 0.89501953125 0.0947265625 0.0771484375
20 0.33251953125 0.9091796875 0.0947265625 0.10546875
21 0.47509765625 0.8955078125 0.0947265625 0.078125
18 0.61865234375 0.89892578125 0.0947265625 0.0849609375
18 0.76123046875 0.9091796875 0.0947265625 0.10546875
19 0.90380859375 0.90234375 0.0947265625 0.091796875
