11 0.05517578125 0.0615234375 0.1103515625 0.123046875
8 0.22119140625 0.046875 0.1103515625 0.09375
0 0.38818359375 0.0546875 0.1103515625 0.109375
19 0.55517578125 0.0478515625 0.1103515625 0.095703125
19 0.72119140625 0.04150390625 0.1103515625 0.0830078125
5 0.88818359375 0.06591796875 0.1103515625 0.1318359375
11 0.05517578125 0.22998046875 0.1103515625 0.1279296875
8 0.22119140625 0.23681640625 0.1103515625 0.1416015625
15 0.38818359375 0.23583984375 0.1103515625 0.1396484375
25 0.55517578125 0.2275390625 0.1103515625 0.123046875
31 0.72119140625 0.2236328125 0.1103515625 0.115234375
22 0.88818359375 0.20849609375 0.1103515625 0.0849609375
7 0.05517578125 0.404296875 0.1103515625 0.142578125
2 0.22119140625 0.39208984375 0.1103515625 0.1181640625
17 0.38818359375 0.38818359375 0.1103515625 0.1103515625
29 0.55517578125 0.3984375 0.1103515625 0.130859375
10 0.72119140625 0.37890625 0.1103515625 0.091796875
9 0.88818359375 0.39697265625 0.1103515625 0.1279296875
27 0.05517578125 0.55615234375 0.1103515625 0.1123046875
33 0.22119140625 0.55615234375 0.1103515625 0.1123046875
30 0.38818359375 0.552734375 0.1103515625 0.10546875
6 0.55517578125 0.5419921875 0.1103515625 0.083984375
1 0.72119140625 0.56689453125 0.1103515625 0.1337890625
12 0.88818359375 0.55712890625 0.1103515625 0.1142578125
5 0.05517578125 0.73583984375 0.1103515625 0.1396484375
11 0.22119140625 0.720703125 0.1103515625 0.109375
18 0.38818359375 0.7177734375 0.1103515625 0.103515625
26 0.55517578125 0.73291015625 0.1103515625 0.1337890625
0 0.72119140625 0.7109375 0.1103515625 0.08984375
7 0.88818359375 0.72119140625 0.1103515625 0.1103515625
31 0.05517578125 0.890625 0.1103515625 0.115234375
24 0.22119140625 0.880859375 0.1103515625 0.095703125
27 0.38818359375 0.8828125 0.1103515625 0.099609375
30 0.55517578125 0.90283203125 0.1103515625 0.1396484375
22 0.72119140625 0.8798828125 0.1103515625 0.09375
32 0.88818359375 0.89306640625 0.1103515625 0.1201171875
