8 0.04150390625 0.0341796875 0.0830078125 0.068359375
22 0.16650390625 0.0439453125 0.0830078125 0.087890625
8 0.29150390625 0.04052734375 0.0830078125 0.0810546875
25 0.41650390625 0.03125 0.0830078125 0.0625
18 0.54150390625 0.04541015625 0.0830078125 0.0908203125
8 0.66650390625 0.0517578125 0.0830078125 0.103515625
9 0.79150390625 0.04736328125 0.0830078125 0.0947265625
32 0.91650390625 0.05224609375 0.0830078125 0.1044921875
8 0.04150390625 0.162109375 0.0830078125 0.07421875
9 0.16650390625 0.166015625 0.0830078125 0.08203125
33 0.29150390625 0.17138671875 0.0830078125 0.0927734375
7 0.41650390625 0.16943359375 0.0830078125 0.0888671875
6 0.54150390625 0.16552734375 0.0830078125 0.0810546875
0 0.66650390625 0.171875 0.0830078125 0.09375
22 0.79150390625 0.1796875 0.0830078125 0.109375
21 0.91650390625 0.16015625 0.0830078125 0.0703125
27 0.04150390625 0.28857421875 0.0830078125 0.0771484375
20 0.16650390625 0.287109375 0.0830078125 0.07421875
9 0.29150390625 0.29931640625 0.0830078125 0.0986328125
28 0.41650390625 0.2939453125 0.0830078125 0.087890625
29 0.54150390625 0.29248046875 0.0830078125 0.0849609375
29 0.66650390625 0.2822265625 0.0830078125 0.064453125
8 0.79150390625 0.29150390625 0.0830078125 0.0830078125
3 0.91650390625 0.29638671875 0.0830078125 0.0927734375
11 0.04150390625 0.41650390625 0.0830078125 0.0830078125
0 0.16650390625 0.41845703125 0.0830078125 0.0869140625
0 0.29150390625 0.4111328125 0.0830078125 0.072265625
22 0.41650390625 0.42236328125 0.0830078125 0.0947265625
25 0.54150390625 0.42578125 0.0830078125 0.1015625
3 0.66650390625 0.41796875 0.0830078125 0.0859375
29 0.79150390625 0.40966796875 0.0830078125 0.0693359375
2 0.91650390625 0.41943359375 0.0830078125 0.0888671875
18 0.04150390625 0.54541015625 0.0830078125 0.0908203125
26 0.16650390625 0.54052734375 0.0830078125 0.0810546875
30 0.29150390625 0.53564453125 0.0830078125 0.0712890625
22 0.41650390625 0.53955078125 0.0830078125 0.0791015625
23 0.54150390625 0.54541015625 0.0830078125 0.0908203125
9 0.66650390625 0.54638671875 0.0830078125 0.0927734375
9 0.79150390625 0.54638671875 0.0830078125 0.0927734375
30 0.91650390625 0.5341796875 0.0830078125 0.068359375
20 0.04150390625 0.6689453125 0.0830078125 0.087890625
7 0.16650390625 0.66064453125 0.0830078125 0.0712890625
3 0.29150390625 0.67822265625 0.0830078125 0.1064453125
16 0.41650390625 0.66796875 0.0830078125 0.0859375
20 0.54150390625 0.67431640625 0.0830078125 0.0986328125
12 0.66650390625 0.66943359375 0.0830078125 0.0888671875
25 0.79150390625 0.66748046875 0.0830078125 0.0849609375
5 0.91650390625 0.67529296875 0.0830078125 0.1005859375
10 0.04150390625 0.79443359375 0.0830078125 0.0888671875
21 0.16650390625 0.79296875 0.0830078125 0.0859375
21 0.29150390625 0.79638671875 0.0830078125 0.0927734375
9 0.41650390625 0.79736328125 0.0830078125 0.0947265625
22 0.54150390625 0.78759765625 0.0830078125 0.0751953125
16 0.66650390625 0.78076171875 0.0830078125 0.0615234375
26 0.79150390625 0.79443359375 0.0830078125 0.0888671875
15 0.91650390625 0.80322265625 0.0830078125 0.1064453125
25 0.04150390625 0.92138671875 0.0830078125 0.0927734375
2 0.16650390625 0.9169921875 0.0830078125 0.083984375
14 0.29150390625 0.91943359375 0.0830078125 0.0888671875
17 0.41650390625 0.91015625 0.0830078125 0.0703125
33 0.54150390625 0.91357421875 0.0830078125 0.0771484375
15 0.66650390625 0.92138671875 0.0830078125 0.0927734375
0 0.79150390625 0.92578125 0.0830078125 0.1015625
32 0.91650390625 0.92236328125 0.0830078125 0.0947265625
