19 0.04736328125 0.0556640625 0.0947265625 0.111328125
23 0.18994140625 0.04345703125 0.0947265625 0.0869140625
31 0.33251953125 0.03759765625 0.0947265625 0.0751953125
27 0.47509765625 0.052734375 0.0947265625 0.10546875
22 0.61865234375 0.06005859375 0.0947265625 0.1201171875
30 0.76123046875 0.03955078125 0.0947265625 0.0791015625
12 0.90380859375 0.03564453125 0.0947265625 0.0712890625
28 0.04736328125 0.1982421875 0.0947265625 0.111328125
19 0.18994140625 0.18017578125 0.0947265625 0.0751953125
12 0.33251953125 0.18212890625 0.0947265625 0.0791015625
3 0.47509765625 0.18408203125 0.0947265625 0.0830078125
23 0.61865234375 0.1943359375 0.0947265625 0.103515625
12 0.76123046875 0.1923828125 0.0947265625 0.099609375
27 0.90380859375 0.1865234375 0.0947265625 0.087890625
13 0.04736328125 0.333984375 0.0947265625 0.09765625
12 0.18994140625 0.34521484375 0.0947265625 0.1201171875
8 0.33251953125 0.32373046875 0.0947265625 0.0771484375
11 0.47509765625 0.337890625 0.0947265625 0.10546875
8 0.61865234375 0.3212890625 0.0947265625 0.072265625
10 0.76123046875 0.326171875 0.0947265625 0.08203125
12 0.90380859375 0.3359375 0.0947265625 0.1015625
4 0.04736328125 0.48046875 0.0947265625 0.10546875
8 0.18994140625 0.490234375 0.0947265625 0.125
24 0.33251953125 0.4736328125 0.0947265625 0.091796875
7 0.47509765625 0.48046875 0.0947265625 0.10546875
27 0.61865234375 0.48974609375 0.0947265625 0.1240234375
1 0.76123046875 0.48046875 0.0947265625 0.10546875
22 0.90380859375 0.47607421875 0.0947265625 0.0966796875
22 0.04736328125 0.6171875 0.0947265625 0.091796875
27 0.18994140625 0.62060546875 0.0947265625 0.0986328125
2 0.33251953125 0.61669921875 0.0947265625 0.0908203125
11 0.47509765625 0.6064453125 0.0947265625 0.0703125
9 0.61865234375 0.623046875 0.0947265625 0.103515625
19 0.76123046875 0.6181640625 0.0947265625 0.09375
25 0.90380859375 0.63134765625 0.0947265625 0.1201171875
12 0.04736328125 0.7666015625 0.0947265625 0.10546875
5 0.18994140625 0.7626953125 0.0947265625 0.09765625
14 0.33251953125 0.763671875 0.0947265625 0.099609375
32 0.47509765625 0.755859375 0.0947265625 0.083984375
3 0.61865234375 0.7734375 0.0947265625 0.119140625
25 0.76123046875 0.75439453125 0.0947265625 0.0810546875
22 0.90380859375 0.7529296875 0.0947265625 0.078125
8 0.04736328125 0.908203125 0.0947265625 0.103515625
11 0.18994140625 0.89453125 0.0947265625 0.076171875
3 0.33251953125 0.8994140625 0.0947265625 0.0859375
33 0.47509765625 0.89306640625 0.0947265625 0.0732421875
13 0.61865234375 0.8935546875 0.0947265625 0.07421875
12 0.76123046875 0.89599609375 0.0947265625 0.0791015625
19 0.90380859375 0.89404296875 0.0947265625 0.0751953125
