28 0.04736328125 0.04345703125 0.0947265625 0.0869140625
7 0.18994140625 0.03955078125 0.0947265625 0.0791015625
2 0.33251953125 0.05517578125 0.0947265625 0.1103515625
4 0.47509765625 0.041015625 0.0947265625 0.08203125
7 0.61865234375 0.05029296875 0.0947265625 0.1005859375
1 0.76123046875 0.0400390625 0.0947265625 0.080078125
13 0.90380859375 0.0556640625 0.0947265625 0.111328125
19 0.04736328125 0.18408203125 0.0947265625 0.0830078125
25 0.18994140625 0.18359375 0.0947265625 0.08203125
16 0.33251953125 0.20263671875 0.0947265625 0.1201171875
2 0.47509765625 0.20263671875 0.0947265625 0.1201171875
9 0.61865234375 0.18896484375 0.0947265625 0.0927734375
19 0.76123046875 0.18359375 0.0947265625 0.08203125
4 0.90380859375 0.18798828125 0.0947265625 0.0908203125
1 0.04736328125 0.3271484375 0.0947265625 0.083984375
17 0.18994140625 0.34033203125 0.0947265625 0.1103515625
16 0.33251953125 0.33642578125 0.0947265625 0.1025390625
18 0.47509765625 0.33447265625 0.0947265625 0.0986328125
16 0.61865234375 0.3359375 0.0947265625 0.1015625
9 0.76123046875 0.33154296875 0.0947265625 0.0927734375
9 0.90380859375 0.34375 0.0947265625 0.1171875
13 0.04736328125 0.490234375 0.0947265625 0.125
8 0.18994140625 0.46533203125 0.0947265625 0.0751953125
32 0.33251953125 0.46435546875 0.0947265625 0.0732421875
9 0.47509765625 0.47900390625 0.0947265625 0.1025390625
11 0.61865234375 0.47314453125 0.0947265625 0.0908203125
25 0.76123046875 0.46875 0.0947265625 0.08203125
27 0.90380859375 0.47607421875 0.0947265625 0.0966796875
30 0.04736328125 0.609375 0.0947265625 0.076171875
15 0.18994140625 0.61865234375 0.0947265625 0.0947265625
16 0.33251953125 0.611328125 0.0947265625 0.080078125
1 0.47509765625 0.6279296875 0.0947265625 0.11328125
22 0.61865234375 0.62060546875 0.0947265625 0.0986328125
2 0.76123046875 0.6259765625 0.0947265625 0.109375
24 0.90380859375 0.61328125 0.0947265625 0.083984375
27 0.04736328125 0.7685546875 0.0947265625 0.109375
13 0.18994140625 0.77197265625 0.0947265625 0.1162109375
32 0.33251953125 0.75537109375 0.0947265625 0.0830078125
21 0.47509765625 0.7568359375 0.0947265625 0.0859375
5 0.61865234375 0.76416015625 0.0947265625 0.1005859375
3 0.76123046875 0.75048828125 0.0947265625 0.0732421875
12 0.90380859375 0.7587890625 0.0947265625 0.08984375
16 0.04736328125 0.91650390625 0.0947265625 0.1201171875
19 0.18994140625 0.90673828125 0.0947265625 0.1005859375
8 0.33251953125 0.91162109375 0.0947265625 0.1103515625
17 0.47509765625 0.9033203125 0.0947265625 0.09375
32 0.61865234375 0.90576171875 0.0947265625 0.0986328125
29 0.76123046875 0.90185546875 0.0947265625 0.0908203125
19 0.90380859375 0.89794921875 0.0947265625 0.0830078125
