20 0.06640625 0.083984375 0.1328125 0.16796875
15 0.265625 0.0693359375 0.1328125 0.138671875
15 0.4658203125 0.0791015625 0.1328125 0.158203125
21 0.666015625 0.06494140625 0.1328125 0.1298828125
20 0.8662109375 0.0625 0.1328125 0.125
27 0.06640625 0.27685546875 0.1328125 0.1552734375
1 0.265625 0.25244140625 0.1328125 0.1064453125
16 0.4658203125 0.265625 0.1328125 0.1328125
19 0.666015625 0.26904296875 0.1328125 0.1396484375
0 0.8662109375 0.27490234375 0.1328125 0.1513671875
1 0.06640625 0.45458984375 0.1328125 0.1103515625
0 0.265625 0.462890625 0.1328125 0.126953125
4 0.4658203125 0.4755859375 0.1328125 0.15234375
6 0.666015625 0.4765625 0.1328125 0.154296875
2 0.8662109375 0.4560546875 0.1328125 0.11328125
13 0.06640625 0.66552734375 0.1328125 0.1318359375
24 0.265625 0.669921875 0.1328125 0.140625
19 0.4658203125 0.68603515625 0.1328125 0.1728515625
1 0.666015625 0.66748046875 0.1328125 0.1357421875
22 0.8662109375 0.66357421875 0.1328125 0.1279296875
27 0.06640625 0.8837890625 0.1328125 0.16796875
2 0.265625 0.85498046875 0.1328125 0.1103515625
16 0.4658203125 0.8515625 0.1328125 0.103515625
31 0.666015625 0.86083984375 0.1328125 0.1220703125
14 0.8662109375 0.8642578125 0.1328125 0.12890625
