7 0.04736328125 0.052734375 0.0947265625 0.10546875
22 0.18994140625 0.04833984375 0.0947265625 0.0966796875
12 0.33251953125 0.0458984375 0.0947265625 0.091796875
31 0.47509765625 0.0400390625 0.0947265625 0.080078125
27 0.61865234375 0.05029296875 0.0947265625 0.1005859375
8 0.76123046875 0.0537109375 0.0947265625 0.107421875
22 0.90380859375 0.03857421875 0.0947265625 0.0771484375
13 0.04736328125 0.19189453125 0.0947265625 0.0986328125
15 0.18994140625 0.19189453125 0.0947265625 0.0986328125
33 0.33251953125 0.18505859375 0.0947265625 0.0849609375
2 0.47509765625 0.189453125 0.0947265625 0.09375
8 0.61865234375 0.201171875 0.0947265625 0.1171875
5 0.76123046875 0.177734375 0.0947265625 0.0703125
21 0.90380859375 0.20263671875 0.0947265625 0.1201171875
3 0.04736328125 0.3369140625 0.0947265625 0.103515625
30 0.18994140625 0.33984375 0.0947265625 0.109375
0 0.33251953125 0.3359375 0.0947265625 0.1015625
4 0.47509765625 0.32421875 0.0947265625 0.078125
18 0.61865234375 0.33056640625 0.0947265625 0.0908203125
28 0.76123046875 0.3271484375 0.0947265625 0.083984375
17 0.90380859375 0.34033203125 0.0947265625 0.1103515625
17 0.04736328125 0.46337890625 0.0947265625 0.0712890625
32 0.18994140625 0.47509765625 0.0947265625 0.0947265625
2 0.33251953125 0.46533203125 0.0947265625 0.0751953125
12 0.47509765625 0.474609375 0.0947265625 0.09375
9 0.61865234375 0.46728515625 0.0947265625 0.0791015625
17 0.76123046875 0.486328125 0.0947265625 0.1171875
21 0.90380859375 0.48974609375 0.0947265625 0.1240234375
14 0.04736328125 0.6123046875 0.0947265625 0.08203125
19 0.18994140625 0.61083984375 0.0947265625 0.0791015625
11 0.33251953125 0.62158203125 0.0947265625 0.1005859375
0 0.47509765625 0.62939453125 0.0947265625 0.1162109375
17 0.61865234375 0.61083984375 0.0947265625 0.0791015625
14 0.76123046875 0.6298828125 0.0947265625 0.1171875
2 0.90380859375 0.615234375 0.0947265625 0.087890625
11 0.04736328125 0.7509765625 0.0947265625 0.07421875
30 0.18994140625 0.76220703125 0.0947265625 0.0966796875
9 0.33251953125 0.75830078125 0.0947265625 0.0888671875
12 0.47509765625 0.7685546875 0.0947265625 0.109375
12 0.61865234375 0.75244140625 0.0947265625 0.0771484375
0 0.76123046875 0.77392578125 0.0947265625 0.1201171875
3 0.90380859375 0.759765625 0.0947265625 0.091796875
17 0.04736328125 0.9033203125 0.0947265625 0.09375
10 0.18994140625 0.8974609375 0.0947265625 0.08203125
1 0.33251953125 0.89892578125 0.0947265625 0.0849609375
8 0.47509765625 0.90087890625 0.0947265625 0.0888671875
31 0.61865234375 0.89599609375 0.0947265625 0.0791015625
29 0.76123046875 0.8935546875 0.0947265625 0.07421875
24 0.90380859375 0.892578125 0.0947265625 0.072265625
