7 0.0830078125 0.07763671875 0.166015625 0.1552734375
13 0.3330078125 0.10595703125 0.166015625 0.2119140625
31 0.5830078125 0.06884765625 0.166015625 0.1376953125
3 0.8330078125 0.080078125 0.166015625 0.16015625
16 0.0830078125 0.31591796875 0.166015625 0.1318359375
9 0.3330078125 0.35498046875 0.166015625 0.2099609375
2 0.5830078125 0.34375 0.166015625 0.1875
13 0.8330078125 0.3369140625 0.166015625 0.173828125
5 0.0830078125 0.603515625 0.166015625 0.20703125
21 0.3330078125 0.59033203125 0.166015625 0.1806640625
23 0.5830078125 0.58154296875 0.166015625 0.1630859375
16 0.8330078125 0.57421875 0.166015625 0.1484375
7 0.0830078125 0.83203125 0.166015625 0.1640625
4 0.3330078125 0.83837890625 0.166015625 0.1767578125
21 0.5830078125 0.8486328125 0.166015625 0.197265625
5 0.8330078125 0.853515625 0.166015625 0.20703125
