22 0.04150390625 0.03173828125 0.0830078125 0.0634765625
30 0.16650390625 0.0439453125 0.0830078125 0.087890625
15 0.29150390625 0.037109375 0.0830078125 0.07421875
16 0.41650390625 0.041015625 0.0830078125 0.08203125
18 0.54150390625 0.03466796875 0.0830078125 0.0693359375
4 0.66650390625 0.0517578125 0.0830078125 0.103515625
17 0.79150390625 0.04248046875 0.0830078125 0.0849609375
29 0.91650390625 0.05029296875 0.0830078125 0.1005859375
30 0.04150390625 0.16796875 0.0830078125 0.0859375
13 0.16650390625 0.169921875 0.0830078125 0.08984375
0 0.29150390625 0.171875 0.0830078125 0.09375
28 0.41650390625 0.16357421875 0.0830078125 0.0771484375
32 0.54150390625 0.1767578125 0.0830078125 0.103515625
27 0.66650390625 0.16943359375 0.0830078125 0.0888671875
27 0.79150390625 0.16748046875 0.0830078125 0.0849609375
33 0.91650390625 0.17236328125 0.0830078125 0.0947265625
22 0.04150390625 0.28125 0.0830078125 0.0625
5 0.16650390625 0.29248046875 0.0830078125 0.0849609375
7 0.29150390625 0.28515625 0.0830078125 0.0703125
5 0.41650390625 0.28662109375 0.0830078125 0.0732421875
11 0.54150390625 0.28857421875 0.0830078125 0.0771484375
4 0.66650390625 0.3046875 0.0830078125 0.109375
0 0.79150390625 0.30078125 0.0830078125 0.1015625
25 0.91650390625 0.30224609375 0.0830078125 0.1044921875
14 0.04150390625 0.42919921875 0.0830078125 0.1083984375
13 0.16650390625 0.42236328125 0.0830078125 0.0947265625
23 0.29150390625 0.419921875 0.0830078125 0.08984375
18 0.41650390625 0.4111328125 0.0830078125 0.072265625
6 0.54150390625 0.42529296875 0.0830078125 0.1005859375
14 0.66650390625 0.40673828125 0.0830078125 0.0634765625
8 0.79150390625 0.4189453125 0.0830078125 0.087890625
26 0.91650390625 0.42431640625 0.0830078125 0.0986328125
24 0.04150390625 0.55029296875 0.0830078125 0.1005859375
18 0.16650390625 0.546875 0.0830078125 0.09375
21 0.29150390625 0.5390625 0.0830078125 0.078125
5 0.41650390625 0.5380859375 0.0830078125 0.076171875
4 0.54150390625 0.541015625 0.0830078125 0.08203125
2 0.66650390625 0.5380859375 0.0830078125 0.076171875
7 0.79150390625 0.5341796875 0.0830078125 0.068359375
10 0.91650390625 0.544921875 0.0830078125 0.08984375
26 0.04150390625 0.66845703125 0.0830078125 0.0869140625
20 0.16650390625 0.6650390625 0.0830078125 0.080078125
19 0.29150390625 0.671875 0.0830078125 0.09375
2 0.41650390625 0.6650390625 0.0830078125 0.080078125
14 0.54150390625 0.65576171875 0.0830078125 0.0615234375
12 0.66650390625 0.66796875 0.0830078125 0.0859375
6 0.79150390625 0.6640625 0.0830078125 0.078125
9 0.91650390625 0.67138671875 0.0830078125 0.0927734375
15 0.04150390625 0.79541015625 0.0830078125 0.0908203125
27 0.16650390625 0.79736328125 0.0830078125 0.0947265625
4 0.29150390625 0.78759765625 0.0830078125 0.0751953125
28 0.41650390625 0.79443359375 0.0830078125 0.0888671875
23 0.54150390625 0.78759765625 0.0830078125 0.0751953125
3 0.66650390625 0.79931640625 0.0830078125 0.0986328125
33 0.79150390625 0.79541015625 0.0830078125 0.0908203125
25 0.91650390625 0.78759765625 0.0830078125 0.0751953125
27 0.04150390625 0.9169921875 0.0830078125 0.083984375
17 0.16650390625 0.91943359375 0.0830078125 0.0888671875
26 0.29150390625 0.92431640625 0.0830078125 0.0986328125
20 0.41650390625 0.91015625 0.0830078125 0.0703125
13 0.54150390625 0.9267578125 0.0830078125 0.103515625
32 0.66650390625 0.92431640625 0.0830078125 0.0986328125
20 0.79150390625 0.91943359375 0.0830078125 0.0888671875
18 0.91650390625 0.92724609375 0.0830078125 0.1044921875
