8 0.05517578125 0.04150390625 0.1103515625 0.0830078125
0 0.22119140625 0.06689453125 0.1103515625 0.1337890625
12 0.38818359375 0.04443359375 0.1103515625 0.0888671875
14 0.55517578125 0.05224609375 0.1103515625 0.1044921875
18 0.72119140625 0.05517578125 0.1103515625 0.1103515625
13 0.88818359375 0.052734375 0.1103515625 0.10546875
4 0.05517578125 0.2109375 0.1103515625 0.08984375
16 0.22119140625 0.234375 0.1103515625 0.13671875
12 0.38818359375 0.23193359375 0.1103515625 0.1318359375
26 0.55517578125 0.2275390625 0.1103515625 0.123046875
0 0.72119140625 0.22265625 0.1103515625 0.11328125
6 0.88818359375 0.22216796875 0.1103515625 0.1123046875
26 0.05517578125 0.4013671875 0.1103515625 0.13671875
26 0.22119140625 0.38720703125 0.1103515625 0.1083984375
15 0.38818359375 0.37744140625 0.1103515625 0.0888671875
13 0.55517578125 0.380859375 0.1103515625 0.095703125
16 0.72119140625 0.39453125 0.1103515625 0.123046875
10 0.88818359375 0.3896484375 0.1103515625 0.11328125
13 0.05517578125 0.56201171875 0.1103515625 0.1240234375
25 0.22119140625 0.54296875 0.1103515625 0.0859375
2 0.38818359375 0.56201171875 0.1103515625 0.1240234375
3 0.55517578125 0.568359375 0.1103515625 0.13671875
2 0.72119140625 0.55078125 0.1103515625 0.1015625
17 0.88818359375 0.55419921875 0.1103515625 0.1083984375
6 0.05517578125 0.7314453125 0.1103515625 0.130859375
7 0.22119140625 0.72705078125 0.1103515625 0.1220703125
3 0.38818359375 0.716796875 0.1103515625 0.1015625
4 0.55517578125 0.73583984375 0.1103515625 0.1396484375
14 0.72119140625 0.71044921875 0.1103515625 0.0888671875
32 0.88818359375 0.72119140625 0.1103515625 0.1103515625
14 0.05517578125 0.87890625 0.1103515625 0.091796875
0 0.22119140625 0.88916015625 0.1103515625 0.1123046875
28 0.38818359375 0.8779296875 0.1103515625 0.08984375
5 0.55517578125 0.8984375 0.1103515625 0.130859375
12 0.72119140625 0.8759765625 0.1103515625 0.0859375
32 0.88818359375 0.90283203125 0.1103515625 0.1396484375
