5 0.04736328125 0.03955078125 0.0947265625 0.0791015625
11 0.18994140625 0.04248046875 0.0947265625 0.0849609375
25 0.33251953125 0.03759765625 0.0947265625 0.0751953125
24 0.47509765625 0.0458984375 0.0947265625 0.091796875
3 0.61865234375 0.05078125 0.0947265625 0.1015625
15 0.76123046875 0.0419921875 0.0947265625 0.083984375
28 0.90380859375 0.0537109375 0.0947265625 0.107421875
13 0.04736328125 0.197265625 0.0947265625 0.109375
33 0.18994140625 0.1845703125 0.0947265625 0.083984375
25 0.33251953125 0.18994140625 0.0947265625 0.0947265625
6 0.47509765625 0.1953125 0.0947265625 0.10546875
15 0.61865234375 0.205078125 0.0947265625 0.125
15 0.76123046875 0.1904296875 0.0947265625 0.095703125
14 0.90380859375 0.17919921875 0.0947265625 0.0732421875
31 0.04736328125 0.32861328125 0.0947265625 0.0869140625
24 0.18994140625 0.337890625 0.0947265625 0.10546875
25 0.33251953125 0.3232421875 0.0947265625 0.076171875
25 0.47509765625 0.32470703125 0.0947265625 0.0791015625
0 0.61865234375 0.33251953125 0.0947265625 0.0947265625
30 0.76123046875 0.34326171875 0.0947265625 0.1162109375
14 0.90380859375 0.34326171875 0.0947265625 0.1162109375
32 0.04736328125 0.47900390625 0.0947265625 0.1025390625
3 0.18994140625 0.4736328125 0.0947265625 0.091796875
5 0.33251953125 0.4833984375 0.0947265625 0.111328125
32 0.47509765625 0.47705078125 0.0947265625 0.0986328125
20 0.61865234375 0.46435546875 0.0947265625 0.0732421875
19 0.76123046875 0.4814453125 0.0947265625 0.107421875
25 0.90380859375 0.4765625 0.0947265625 0.09765625
11 0.04736328125 0.61328125 0.0947265625 0.083984375
31 0.18994140625 0.62158203125 0.0947265625 0.1005859375
23 0.33251953125 0.61669921875 0.0947265625 0.0908203125
1 0.47509765625 0.6123046875 0.0947265625 0.08203125
3 0.61865234375 0.6298828125 0.0947265625 0.1171875
12 0.76123046875 0.626953125 0.0947265625 0.111328125
17 0.90380859375 0.6201171875 0.0947265625 0.09765625
14 0.04736328125 0.75634765625 0.0947265625 0.0849609375
14 0.18994140625 0.75 0.0947265625 0.072265625
7 0.33251953125 0.75634765625 0.0947265625 0.0849609375
10 0.47509765625 0.74951171875 0.0947265625 0.0712890625
32 0.61865234375 0.7626953125 0.0947265625 0.09765625
27 0.76123046875 0.7509765625 0.0947265625 0.07421875
3 0.90380859375 0.75244140625 0.0947265625 0.0771484375
10 0.04736328125 0.90234375 0.0947265625 0.091796875
26 0.18994140625 0.89306640625 0.0947265625 0.0732421875
25 0.33251953125 0.89990234375 0.0947265625 0.0869140625
33 0.47509765625 0.90576171875 0.0947265625 0.0986328125
1 0.61865234375 0.9072265625 0.0947265625 0.1015625
6 0.76123046875 0.9033203125 0.0947265625 0.09375
16 0.90380859375 0.91162109375 0.0947265625 0.1103515625
