33 0.0830078125 0.07568359375 0.166015625 0.1513671875
11 0.3330078125 0.07080078125 0.166015625 0.1416015625
29 0.5830078125 0.08642578125 0.166015625 0.1728515625
29 0.8330078125 0.09326171875 0.166015625 0.1865234375
24 0.0830078125 0.33544921875 0.166015625 0.1708984375
24 0.3330078125 0.33984375 0.166015625 0.1796875
21 0.5830078125 0.34619140625 0.166015625 0.1923828125
1 0.8330078125 0.33544921875 0.166015625 0.1708984375
22 0.0830078125 0.5859375 0.166015625 0.171875
9 0.3330078125 0.57177734375 0.166015625 0.1435546875
4 0.5830078125 0.5751953125 0.166015625 0.150390625
3 0.8330078125 0.56494140625 0.166015625 0.1298828125
17 0.0830078125 0.8291015625 0.166015625 0.158203125
7 0.3330078125 0.853515625 0.166015625 0.20703125
12 0.5830078125 0.8408203125 0.166015625 0.181640625
1 0.8330078125 0.82177734375 0.166015625 0.1435546875
