33 0.04736328125 0.03759765625 0.0947265625 0.0751953125
22 0.18994140625 0.03955078125 0.0947265625 0.0791015625
0 0.33251953125 0.0478515625 0.0947265625 0.095703125
4 0.47509765625 0.04248046875 0.0947265625 0.0849609375
33 0.61865234375 0.0419921875 0.0947265625 0.083984375
22 0.76123046875 0.04052734375 0.0947265625 0.0810546875
26 0.90380859375 0.04345703125 0.0947265625 0.0869140625
6 0.04736328125 0.1953125 0.0947265625 0.10546875
6 0.18994140625 0.189453125 0.0947265625 0.09375
12 0.33251953125 0.18994140625 0.0947265625 0.0947265625
25 0.47509765625 0.1962890625 0.0947265625 0.107421875
6 0.61865234375 0.1884765625 0.0947265625 0.091796875
9 0.76123046875 0.18994140625 0.0947265625 0.0947265625
29 0.90380859375 0.18359375 0.0947265625 0.08203125
1 0.04736328125 0.3310546875 0.0947265625 0.091796875
15 0.18994140625 0.3408203125 0.0947265625 0.111328125
13 0.33251953125 0.33642578125 0.0947265625 0.1025390625
32 0.47509765625 0.33056640625 0.0947265625 0.0908203125
23 0.61865234375 0.3359375 0.0947265625 0.1015625
15 0.76123046875 0.32373046875 0.0947265625 0.0771484375
16 0.90380859375 0.34375 0.0947265625 0.1171875
33 0.04736328125 0.47119140625 0.0947265625 0.0869140625
25 0.18994140625 0.47412109375 0.0947265625 0.0927734375
2 0.33251953125 0.48974609375 0.0947265625 0.1240234375
3 0.47509765625 0.4814453125 0.0947265625 0.107421875
16 0.61865234375 0.47607421875 0.0947265625 0.0966796875
32 0.76123046875 0.46533203125 0.0947265625 0.0751953125
9 0.90380859375 0.47119140625 0.0947265625 0.0869140625
6 0.04736328125 0.6298828125 0.0947265625 0.1171875
33 0.18994140625 0.60791015625 0.0947265625 0.0732421875
3 0.33251953125 0.60986328125 0.0947265625 0.0771484375
12 0.47509765625 0.619140625 0.0947265625 0.095703125
23 0.61865234375 0.6240234375 0.0947265625 0.10546875
27 0.76123046875 0.62255859375 0.0947265625 0.1025390625
25 0.90380859375 0.62109375 0.0947265625 0.099609375
0 0.04736328125 0.76318359375 0.0947265625 0.0986328125
32 0.18994140625 0.76123046875 0.0947265625 0.0947265625
15 0.33251953125 0.755859375 0.0947265625 0.083984375
1 0.47509765625 0.7666015625 0.0947265625 0.10546875
15 0.61865234375 0.77197265625 0.0947265625 0.1162109375
27 0.76123046875 0.7607421875 0.0947265625 0.09375
5 0.90380859375 0.75048828125 0.0947265625 0.0732421875
8 0.04736328125 0.9091796875 0.0947265625 0.10546875
7 0.18994140625 0.9033203125 0.0947265625 0.09375
28 0.33251953125 0.896484375 0.0947265625 0.080078125
6 0.47509765625 0.90234375 0.0947265625 0.091796875
31 0.61865234375 0.90625 0.0947265625 0.099609375
17 0.76123046875 0.90087890625 0.0947265625 0.0888671875
20 0.90380859375 0.90771484375 0.0947265625 0.1025390625
