27 0.0830078125 0.0986328125 0.166015625 0.197265625
8 0.3330078125 0.0771484375 0.166015625 0.154296875
3 0.5830078125 0.0986328125 0.166015625 0.197265625
23 0.8330078125 0.09521484375 0.166015625 0.1904296875
4 0.0830078125 0.3291015625 0.166015625 0.158203125
28 0.3330078125 0.35205078125 0.166015625 0.2041015625
31 0.5830078125 0.3388671875 0.166015625 0.177734375
25 0.8330078125 0.3427734375 0.166015625 0.185546875
14 0.0830078125 0.59423828125 0.166015625 0.1884765625
7 0.3330078125 0.5927734375 0.166015625 0.185546875
9 0.5830078125 0.58544921875 0.166015625 0.1708984375
26 0.8330078125 0.58447265625 0.166015625 0.1689453125
6 0.0830078125 0.83349609375 0.166015625 0.1669921875
25 0.3330078125 0.8427734375 0.166015625 0.185546875
30 0.5830078125 0.82177734375 0.166015625 0.1435546875
31 0.8330078125 0.85498046875 0.166015625 0.2099609375
