10 0.05517578125 0.0498046875 0.1103515625 0.099609375
15 0.22119140625 0.0595703125 0.1103515625 0.119140625
7 0.38818359375 0.0498046875 0.1103515625 0.099609375
33 0.55517578125 0.0673828125 0.1103515625 0.134765625
6 0.72119140625 0.0595703125 0.1103515625 0.119140625
1 0.88818359375 0.05322265625 0.1103515625 0.1064453125
23 0.05517578125 0.22119140625 0.1103515625 0.1103515625
18 0.22119140625 0.23583984375 0.1103515625 0.1396484375
14 0.38818359375 0.2109375 0.1103515625 0.08984375
29 0.55517578125 0.208984375 0.1103515625 0.0859375
29 0.72119140625 0.22119140625 0.1103515625 0.1103515625
30 0.88818359375 0.21435546875 0.1103515625 0.0966796875
28 0.05517578125 0.38330078125 0.1103515625 0.1005859375
13 0.22119140625 0.38671875 0.1103515625 0.107421875
8 0.38818359375 0.38623046875 0.1103515625 0.1064453125
3 0.55517578125 0.37646484375 0.1103515625 0.0869140625
15 0.72119140625 0.39306640625 0.1103515625 0.1201171875
5 0.88818359375 0.37939453125 0.1103515625 0.0927734375
24 0.05517578125 0.5498046875 0.1103515625 0.099609375
14 0.22119140625 0.56201171875 0.1103515625 0.1240234375
12 0.38818359375 0.55419921875 0.1103515625 0.1083984375
10 0.55517578125 0.5654296875 0.1103515625 0.130859375
4 0.72119140625 0.5498046875 0.1103515625 0.099609375
19 0.88818359375 0.552734375 0.1103515625 0.10546875
5 0.05517578125 0.7138671875 0.1103515625 0.095703125
13 0.22119140625 0.720703125 0.1103515625 0.109375
13 0.38818359375 0.71875 0.1103515625 0.10546875
22 0.55517578125 0.720703125 0.1103515625 0.109375
26 0.72119140625 0.7099609375 0.1103515625 0.087890625
27 0.88818359375 0.728515625 0.1103515625 0.125
12 0.05517578125 0.87744140625 0.1103515625 0.0888671875
11 0.22119140625 0.9052734375 0.1103515625 0.14453125
27 0.38818359375 0.9013671875 0.1103515625 0.13671875
32 0.55517578125 0.8916015625 0.1103515625 0.1171875
32 0.72119140625 0.89501953125 0.1103515625 0.1240234375
33 0.88818359375 0.89404296875 0.1103515625 0.1220703125
