7 0.04150390625 0.03466796875 0.0830078125 0.0693359375
9 0.16650390625 0.0419921875 0.0830078125 0.083984375
23 0.29150390625 0.0322265625 0.0830078125 0.064453125
24 0.41650390625 0.05029296875 0.0830078125 0.1005859375
22 0.54150390625 0.041015625 0.0830078125 0.08203125
0 0.66650390625 0.0478515625 0.0830078125 0.095703125
15 0.79150390625 0.04443359375 0.0830078125 0.0888671875
18 0.91650390625 0.04052734375 0.0830078125 0.0810546875
12 0.04150390625 0.17919921875 0.0830078125 0.1083984375
30 0.16650390625 0.17578125 0.0830078125 0.1015625
20 0.29150390625 0.16552734375 0.0830078125 0.0810546875
25 0.41650390625 0.16162109375 0.0830078125 0.0732421875
17 0.54150390625 0.1689453125 0.0830078125 0.087890625
15 0.66650390625 0.158203125 0.0830078125 0.06640625
28 0.79150390625 0.162109375 0.0830078125 0.07421875
1 0.91650390625 0.171875 0.0830078125 0.09375
2 0.04150390625 0.2841796875 0.0830078125 0.068359375
11 0.16650390625 0.283203125 0.0830078125 0.06640625
31 0.29150390625 0.287109375 0.0830078125 0.07421875
23 0.41650390625 0.2919921875 0.0830078125 0.083984375
33 0.54150390625 0.3046875 0.0830078125 0.109375
16 0.66650390625 0.29541015625 0.0830078125 0.0908203125
5 0.79150390625 0.28857421875 0.0830078125 0.0771484375
3 0.91650390625 0.29931640625 0.0830078125 0.0986328125
15 0.04150390625 0.412109375 0.0830078125 0.07421875
32 0.16650390625 0.421875 0.0830078125 0.09375
5 0.29150390625 0.42431640625 0.0830078125 0.0986328125
33 0.41650390625 0.4072265625 0.0830078125 0.064453125
31 0.54150390625 0.40966796875 0.0830078125 0.0693359375
22 0.66650390625 0.416015625 0.0830078125 0.08203125
10 0.79150390625 0.41015625 0.0830078125 0.0703125
19 0.91650390625 0.41064453125 0.0830078125 0.0712890625
3 0.04150390625 0.53515625 0.0830078125 0.0703125
26 0.16650390625 0.53515625 0.0830078125 0.0703125
10 0.29150390625 0.55224609375 0.0830078125 0.1044921875
0 0.41650390625 0.5419921875 0.0830078125 0.083984375
19 0.54150390625 0.541015625 0.0830078125 0.08203125
31 0.66650390625 0.5419921875 0.0830078125 0.083984375
12 0.79150390625 0.54736328125 0.0830078125 0.0947265625
5 0.91650390625 0.54541015625 0.0830078125 0.0908203125
12 0.04150390625 0.67822265625 0.0830078125 0.1064453125
22 0.16650390625 0.67578125 0.0830078125 0.1015625
1 0.29150390625 0.6650390625 0.0830078125 0.080078125
3 0.41650390625 0.66552734375 0.0830078125 0.0810546875
15 0.54150390625 0.6650390625 0.0830078125 0.080078125
0 0.66650390625 0.65771484375 0.0830078125 0.0654296875
13 0.79150390625 0.6572265625 0.0830078125 0.064453125
33 0.91650390625 0.65966796875 0.0830078125 0.0693359375
15 0.04150390625 0.7919921875 0.0830078125 0.083984375
12 0.16650390625 0.79541015625 0.0830078125 0.0908203125
15 0.29150390625 0.80029296875 0.0830078125 0.1005859375
0 0.41650390625 0.78271484375 0.0830078125 0.0654296875
5 0.54150390625 0.7939453125 0.0830078125 0.087890625
14 0.66650390625 0.78564453125 0.0830078125 0.0712890625
31 0.79150390625 0.79541015625 0.0830078125 0.0908203125
18 0.91650390625 0.80419921875 0.0830078125 0.1083984375
32 0.04150390625 0.91015625 0.0830078125 0.0703125
25 0.16650390625 0.92236328125 0.0830078125 0.0947265625
25 0.29150390625 0.91943359375 0.0830078125 0.0888671875
27 0.41650390625 0.92041015625 0.0830078125 0.0908203125
14 0.54150390625 0.9169921875 0.0830078125 0.083984375
14 0.66650390625 0.9130859375 0.0830078125 0.076171875
8 0.79150390625 0.9150390625 0.0830078125 0.080078125
16 0.91650390625 0.92431640625 0.0830078125 0.0986328125
