3 0.04150390625 0.037109375 0.0830078125 0.07421875
11 0.16650390625 0.04248046875 0.0830078125 0.0849609375
3 0.29150390625 0.0400390625 0.0830078125 0.080078125
32 0.41650390625 0.03857421875 0.0830078125 0.0771484375
11 0.54150390625 0.03857421875 0.0830078125 0.0771484375
23 0.66650390625 0.046875 0.0830078125 0.09375
29 0.79150390625 0.03271484375 0.0830078125 0.0654296875
8 0.91650390625 0.03564453125 0.0830078125 0.0712890625
20 0.04150390625 0.16259765625 0.0830078125 0.0751953125
27 0.16650390625 0.1767578125 0.0830078125 0.103515625
9 0.29150390625 0.17529296875 0.0830078125 0.1005859375
12 0.41650390625 0.1767578125 0.0830078125 0.103515625
8 0.54150390625 0.1611328125 0.0830078125 0.072265625
1 0.66650390625 0.15966796875 0.0830078125 0.0693359375
3 0.79150390625 0.16259765625 0.0830078125 0.0751953125
24 0.91650390625 0.16943359375 0.0830078125 0.0888671875
22 0.04150390625 0.294921875 0.0830078125 0.08984375
14 0.16650390625 0.29638671875 0.0830078125 0.0927734375
29 0.29150390625 0.30029296875 0.0830078125 0.1005859375
29 0.41650390625 0.287109375 0.0830078125 0.07421875
1 0.54150390625 0.30419921875 0.0830078125 0.1083984375
12 0.66650390625 0.28515625 0.0830078125 0.0703125
21 0.79150390625 0.2978515625 0.0830078125 0.095703125
14 0.91650390625 0.2978515625 0.0830078125 0.095703125
31 0.04150390625 0.42041015625 0.0830078125 0.0908203125
33 0.16650390625 0.42138671875 0.0830078125 0.0927734375
20 0.29150390625 0.4111328125 0.0830078125 0.072265625
15 0.41650390625 0.41796875 0.0830078125 0.0859375
12 0.54150390625 0.42138671875 0.0830078125 0.0927734375
9 0.66650390625 0.40673828125 0.0830078125 0.0634765625
4 0.79150390625 0.42138671875 0.0830078125 0.0927734375
27 0.91650390625 0.416015625 0.0830078125 0.08203125
17 0.04150390625 0.53955078125 0.0830078125 0.0791015625
3 0.16650390625 0.53955078125 0.0830078125 0.0791015625
15 0.29150390625 0.54345703125 0.0830078125 0.0869140625
1 0.41650390625 0.5400390625 0.0830078125 0.080078125
29 0.54150390625 0.533203125 0.0830078125 0.06640625
16 0.66650390625 0.54345703125 0.0830078125 0.0869140625
20 0.79150390625 0.53955078125 0.0830078125 0.0791015625
18 0.91650390625 0.541015625 0.0830078125 0.08203125
3 0.04150390625 0.6611328125 0.0830078125 0.072265625
2 0.16650390625 0.67236328125 0.0830078125 0.0947265625
30 0.29150390625 0.6591796875 0.0830078125 0.068359375
21 0.41650390625 0.66259765625 0.0830078125 0.0751953125
15 0.54150390625 0.66015625 0.0830078125 0.0703125
16 0.66650390625 0.67236328125 0.0830078125 0.0947265625
21 0.79150390625 0.66943359375 0.0830078125 0.0888671875
9 0.91650390625 0.66796875 0.0830078125 0.0859375
27 0.04150390625 0.7978515625 0.0830078125 0.095703125
14 0.16650390625 0.79736328125 0.0830078125 0.0947265625
33 0.29150390625 0.78564453125 0.0830078125 0.0712890625
19 0.41650390625 0.787109375 0.0830078125 0.07421875
8 0.54150390625 0.7919921875 0.0830078125 0.083984375
5 0.66650390625 0.7861328125 0.0830078125 0.072265625
27 0.79150390625 0.79248046875 0.0830078125 0.0849609375
18 0.91650390625 0.7919921875 0.0830078125 0.083984375
33 0.04150390625 0.921875 0.0830078125 0.09375
13 0.16650390625 0.91845703125 0.0830078125 0.0869140625
14 0.29150390625 0.9228515625 0.0830078125 0.095703125
22 0.41650390625 0.91015625 0.0830078125 0.0703125
25 0.54150390625 0.91552734375 0.0830078125 0.0810546875
1 0.66650390625 0.92041015625 0.0830078125 0.0908203125
33 0.79150390625 0.92138671875 0.0830078125 0.0927734375
24 0.91650390625 0.92578125 0.0830078125 0.1015625
