1 0.04736328125 0.05029296875 0.0947265625 0.1005859375
32 0.18994140625 0.04541015625 0.0947265625 0.0908203125
9 0.33251953125 0.04248046875 0.0947265625 0.0849609375
29 0.47509765625 0.056640625 0.0947265625 0.11328125
33 0.61865234375 0.04833984375 0.0947265625 0.0966796875
7 0.76123046875 0.04345703125 0.0947265625 0.0869140625
8 0.90380859375 0.0546875 0.0947265625 0.109375
7 0.04736328125 0.19091796875 0.0947265625 0.0966796875
7 0.18994140625 0.18701171875 0.0947265625 0.0888671875
10 0.33251953125 0.19970703125 0.0947265625 0.1142578125
0 0.47509765625 0.19970703125 0.0947265625 0.1142578125
3 0.61865234375 0.18310546875 0.0947265625 0.0810546875
1 0.76123046875 0.18798828125 0.0947265625 0.0908203125
25 0.90380859375 0.197265625 0.0947265625 0.109375
9 0.04736328125 0.32568359375 0.0947265625 0.0810546875
20 0.18994140625 0.33544921875 0.0947265625 0.1005859375
14 0.33251953125 0.333984375 0.0947265625 0.09765625
29 0.47509765625 0.32373046875 0.0947265625 0.0771484375
21 0.61865234375 0.33154296875 0.0947265625 0.0927734375
6 0.76123046875 0.32373046875 0.0947265625 0.0771484375
1 0.90380859375 0.32373046875 0.0947265625 0.0771484375
17 0.04736328125 0.4794921875 0.0947265625 0.103515625
31 0.18994140625 0.47607421875 0.0947265625 0.0966796875
21 0.33251953125 0.47314453125 0.0947265625 0.0908203125
22 0.47509765625 0.48046875 0.0947265625 0.10546875
28 0.61865234375 0.4912109375 0.0947265625 0.126953125
6 0.76123046875 0.4677734375 0.0947265625 0.080078125
26 0.90380859375 0.47705078125 0.0947265625 0.0986328125
24 0.04736328125 0.60888671875 0.0947265625 0.0751953125
12 0.18994140625 0.63330078125 0.0947265625 0.1240234375
3 0.33251953125 0.625 0.0947265625 0.107421875
8 0.47509765625 0.6259765625 0.0947265625 0.109375
0 0.61865234375 0.62939453125 0.0947265625 0.1162109375
25 0.76123046875 0.6171875 0.0947265625 0.091796875
33 0.90380859375 0.6162109375 0.0947265625 0.08984375
18 0.04736328125 0.75830078125 0.0947265625 0.0888671875
2 0.18994140625 0.75390625 0.0947265625 0.080078125
33 0.33251953125 0.765625 0.0947265625 0.103515625
8 0.47509765625 0.7548828125 0.0947265625 0.08203125
30 0.61865234375 0.76513671875 0.0947265625 0.1025390625
30 0.76123046875 0.75048828125 0.0947265625 0.0732421875
11 0.90380859375 0.7626953125 0.0947265625 0.09765625
15 0.04736328125 0.90380859375 0.0947265625 0.0947265625
4 0.18994140625 0.9150390625 0.0947265625 0.1171875
15 0.33251953125 0.90380859375 0.0947265625 0.0947265625
2 0.47509765625 0.90380859375 0.0947265625 0.0947265625
16 0.61865234375 0.89892578125 0.0947265625 0.0849609375
23 0.76123046875 0.89892578125 0.0947265625 0.0849609375
8 0.90380859375 0.904296875 0.0947265625 0.095703125
