30 0.0830078125 0.091796875 0.166015625 0.18359375
5 0.3330078125 0.078125 0.166015625 0.15625
1 0.5830078125 0.0693359375 0.166015625 0.138671875
24 0.8330078125 0.078125 0.166015625 0.15625
30 0.0830078125 0.3505859375 0.166015625 0.201171875
0 0.3330078125 0.3505859375 0.166015625 0.201171875
3 0.5830078125 0.3212890625 0.166015625 0.142578125
3 0.8330078125 0.3251953125 0.166015625 0.150390625
33 0.0830078125 0.5986328125 0.166015625 0.197265625
8 0.3330078125 0.57421875 0.166015625 0.1484375
24 0.5830078125 0.57861328125 0.166015625 0.1572265625
22 0.8330078125 0.56689453125 0.166015625 0.1337890625
10 0.0830078125 0.8408203125 0.166015625 0.181640625
9 0.3330078125 0.84130859375 0.166015625 0.1826171875
5 0.5830078125 0.81591796875 0.166015625 0.1318359375
14 0.8330078125 0.82666015625 0.166015625 0.1533203125
