22 0.06640625 0.05126953125 0.1328125 0.1025390625
23 0.265625 0.06201171875 0.1328125 0.1240234375
27 0.4658203125 0.0634765625 0.1328125 0.126953125
22 0.666015625 0.06201171875 0.1328125 0.1240234375
24 0.8662109375 0.06494140625 0.1328125 0.1298828125
4 0.06640625 0.26025390625 0.1328125 0.1220703125
18 0.265625 0.27099609375 0.1328125 0.1435546875
16 0.4658203125 0.2568359375 0.1328125 0.115234375
30 0.666015625 0.2626953125 0.1328125 0.126953125
16 0.8662109375 0.27978515625 0.1328125 0.1611328125
31 0.06640625 0.47705078125 0.1328125 0.1552734375
12 0.265625 0.4833984375 0.1328125 0.16796875
26 0.4658203125 0.451171875 0.1328125 0.103515625
0 0.666015625 0.47119140625 0.1328125 0.1435546875
14 0.8662109375 0.4853515625 0.1328125 0.171875
28 0.06640625 0.6591796875 0.1328125 0.119140625
32 0.265625 0.68017578125 0.1328125 0.1611328125
5 0.4658203125 0.650390625 0.1328125 0.1015625
1 0.666015625 0.6533203125 0.1328125 0.107421875
4 0.8662109375 0.66552734375 0.1328125 0.1318359375
28 0.06640625 0.87158203125 0.1328125 0.1435546875
2 0.265625 0.849609375 0.1328125 0.099609375
29 0.4658203125 0.87158203125 0.1328125 0.1435546875
9 0.666015625 0.86376953125 0.1328125 0.1279296875
12 0.8662109375 0.85107421875 0.1328125 0.1025390625
