21 0.0830078125 0.06396484375 0.166015625 0.1279296875
10 0.3330078125 0.103515625 0.166015625 0.20703125
6 0.5830078125 0.083984375 0.166015625 0.16796875
18 0.8330078125 0.0927734375 0.166015625 0.185546875
30 0.0830078125 0.32666015625 0.166015625 0.1533203125
16 0.3330078125 0.32177734375 0.166015625 0.1435546875
7 0.5830078125 0.353515625 0.166015625 0.20703125
26 0.8330078125 0.31689453125 0.166015625 0.1337890625
26 0.0830078125 0.5751953125 0.166015625 0.150390625
18 0.3330078125 0.6005859375 0.166015625 0.201171875
3 0.5830078125 0.60498046875 0.166015625 0.2099609375
14 0.8330078125 0.583984375 0.166015625 0.16796875
24 0.0830078125 0.82373046875 0.166015625 0.1474609375
29 0.3330078125 0.84423828125 0.166015625 0.1884765625
30 0.5830078125 0.84521484375 0.166015625 0.1904296875
31 0.8330078125 0.8173828125 0.166015625 0.134765625
