8 0.04150390625 0.05029296875 0.0830078125 0.1005859375
32 0.16650390625 0.04248046875 0.0830078125 0.0849609375
12 0.29150390625 0.04736328125 0.0830078125 0.0947265625
15 0.41650390625 0.04931640625 0.0830078125 0.0986328125
22 0.54150390625 0.04736328125 0.0830078125 0.0947265625
20 0.66650390625 0.04736328125 0.0830078125 0.0947265625
26 0.79150390625 0.04443359375 0.0830078125 0.0888671875
4 0.91650390625 0.0341796875 0.0830078125 0.068359375
24 0.04150390625 0.169921875 0.0830078125 0.08984375
21 0.16650390625 0.17236328125 0.0830078125 0.0947265625
3 0.29150390625 0.166015625 0.0830078125 0.08203125
15 0.41650390625 0.17431640625 0.0830078125 0.0986328125
7 0.54150390625 0.1640625 0.0830078125 0.078125
10 0.66650390625 0.1611328125 0.0830078125 0.072265625
15 0.79150390625 0.16552734375 0.0830078125 0.0810546875
6 0.91650390625 0.17578125 0.0830078125 0.1015625
7 0.04150390625 0.294921875 0.0830078125 0.08984375
24 0.16650390625 0.3017578125 0.0830078125 0.103515625
20 0.29150390625 0.3017578125 0.0830078125 0.103515625
21 0.41650390625 0.29345703125 0.0830078125 0.0869140625
22 0.54150390625 0.29345703125 0.0830078125 0.0869140625
19 0.66650390625 0.28857421875 0.0830078125 0.0771484375
1 0.79150390625 0.294921875 0.0830078125 0.08984375
1 0.91650390625 0.28564453125 0.0830078125 0.0712890625
20 0.04150390625 0.41650390625 0.0830078125 0.0830078125
9 0.16650390625 0.41162109375 0.0830078125 0.0732421875
14 0.29150390625 0.4228515625 0.0830078125 0.095703125
11 0.41650390625 0.42041015625 0.0830078125 0.0908203125
33 0.54150390625 0.42578125 0.0830078125 0.1015625
5 0.66650390625 0.4072265625 0.0830078125 0.064453125
9 0.79150390625 0.41943359375 0.0830078125 0.0888671875
33 0.91650390625 0.4189453125 0.0830078125 0.087890625
32 0.04150390625 0.5556640625 0.0830078125 0.111328125
23 0.16650390625 0.54541015625 0.0830078125 0.0908203125
9 0.29150390625 0.53173828125 0.0830078125 0.0634765625
21 0.41650390625 0.5478515625 0.0830078125 0.095703125
18 0.54150390625 0.54248046875 0.0830078125 0.0849609375
14 0.66650390625 0.537109375 0.0830078125 0.07421875
14 0.79150390625 0.537109375 0.0830078125 0.07421875
6 0.91650390625 0.546875 0.0830078125 0.09375
8 0.04150390625 0.662109375 0.0830078125 0.07421875
10 0.16650390625 0.669921875 0.0830078125 0.08984375
8 0.29150390625 0.6591796875 0.0830078125 0.068359375
10 0.41650390625 0.67919921875 0.0830078125 0.1083984375
30 0.54150390625 0.6591796875 0.0830078125 0.068359375
10 0.66650390625 0.67236328125 0.0830078125 0.0947265625
2 0.79150390625 0.66748046875 0.0830078125 0.0849609375
5 0.91650390625 0.6591796875 0.0830078125 0.068359375
29 0.04150390625 0.78955078125 0.0830078125 0.0791015625
23 0.16650390625 0.79931640625 0.0830078125 0.0986328125
22 0.29150390625 0.78125 0.0830078125 0.0625
32 0.41650390625 0.78173828125 0.0830078125 0.0634765625
13 0.54150390625 0.7822265625 0.0830078125 0.064453125
18 0.66650390625 0.7939453125 0.0830078125 0.087890625
4 0.79150390625 0.78466796875 0.0830078125 0.0693359375
20 0.91650390625 0.78466796875 0.0830078125 0.0693359375
12 0.04150390625 0.92529296875 0.0830078125 0.1005859375
21 0.16650390625 0.912109375 0.0830078125 0.07421875
16 0.29150390625 0.92236328125 0.0830078125 0.0947265625
16 0.41650390625 0.916015625 0.0830078125 0.08203125
26 0.54150390625 0.91650390625 0.0830078125 0.0830078125
8 0.66650390625 0.91015625 0.0830078125 0.0703125
0 0.79150390625 0.91796875 0.0830078125 0.0859375
29 0.91650390625 0.9150390625 0.0830078125 0.080078125
