25 0.04150390625 0.03173828125 0.0830078125 0.0634765625
31 0.16650390625 0.05322265625 0.0830078125 0.1064453125
11 0.29150390625 0.041015625 0.0830078125 0.08203125
5 0.41650390625 0.04296875 0.0830078125 0.0859375
22 0.54150390625 0.0517578125 0.0830078125 0.103515625
21 0.66650390625 0.0380859375 0.0830078125 0.076171875
17 0.79150390625 0.048828125 0.0830078125 0.09765625
19 0.91650390625 0.05322265625 0.0830078125 0.1064453125
29 0.04150390625 0.1630859375 0.0830078125 0.076171875
15 0.16650390625 0.17236328125 0.0830078125 0.0947265625
1 0.29150390625 0.17236328125 0.0830078125 0.0947265625
16 0.41650390625 0.1728515625 0.0830078125 0.095703125
29 0.54150390625 0.16015625 0.0830078125 0.0703125
13 0.66650390625 0.1650390625 0.0830078125 0.080078125
11 0.79150390625 0.1650390625 0.0830078125 0.080078125
11 0.91650390625 0.1640625 0.0830078125 0.078125
12 0.04150390625 0.28515625 0.0830078125 0.0703125
26 0.16650390625 0.296875 0.0830078125 0.09375
13 0.29150390625 0.28271484375 0.0830078125 0.0654296875
1 0.41650390625 0.28125 0.0830078125 0.0625
23 0.54150390625 0.29345703125 0.0830078125 0.0869140625
22 0.66650390625 0.29296875 0.0830078125 0.0859375
5 0.79150390625 0.29638671875 0.0830078125 0.0927734375
4 0.91650390625 0.3017578125 0.0830078125 0.103515625
2 0.04150390625 0.4072265625 0.0830078125 0.064453125
33 0.16650390625 0.41650390625 0.0830078125 0.0830078125
7 0.29150390625 0.42138671875 0.0830078125 0.0927734375
2 0.41650390625 0.4091796875 0.0830078125 0.068359375
3 0.54150390625 0.4267578125 0.0830078125 0.103515625
28 0.66650390625 0.42041015625 0.0830078125 0.0908203125
21 0.79150390625 0.408203125 0.0830078125 0.06640625
13 0.91650390625 0.40869140625 0.0830078125 0.0673828125
17 0.04150390625 0.53564453125 0.0830078125 0.0712890625
10 0.16650390625 0.537109375 0.0830078125 0.07421875
12 0.29150390625 0.55078125 0.0830078125 0.1015625
0 0.41650390625 0.54541015625 0.0830078125 0.0908203125
23 0.54150390625 0.5390625 0.0830078125 0.078125
22 0.66650390625 0.5546875 0.0830078125 0.109375
13 0.79150390625 0.53466796875 0.0830078125 0.0693359375
1 0.91650390625 0.537109375 0.0830078125 0.07421875
4 0.04150390625 0.662109375 0.0830078125 0.07421875
7 0.16650390625 0.66796875 0.0830078125 0.0859375
22 0.29150390625 0.662109375 0.0830078125 0.07421875
3 0.41650390625 0.67431640625 0.0830078125 0.0986328125
15 0.54150390625 0.66162109375 0.0830078125 0.0732421875
19 0.66650390625 0.671875 0.0830078125 0.09375
28 0.79150390625 0.6640625 0.0830078125 0.078125
4 0.91650390625 0.662109375 0.0830078125 0.07421875
19 0.04150390625 0.791015625 0.0830078125 0.08203125
21 0.16650390625 0.79736328125 0.0830078125 0.0947265625
29 0.29150390625 0.78076171875 0.0830078125 0.0615234375
7 0.41650390625 0.80322265625 0.0830078125 0.1064453125
14 0.54150390625 0.78955078125 0.0830078125 0.0791015625
8 0.66650390625 0.80029296875 0.0830078125 0.1005859375
13 0.79150390625 0.7822265625 0.0830078125 0.064453125
23 0.91650390625 0.791015625 0.0830078125 0.08203125
3 0.04150390625 0.91796875 0.0830078125 0.0859375
13 0.16650390625 0.908203125 0.0830078125 0.06640625
2 0.29150390625 0.91845703125 0.0830078125 0.0869140625
24 0.41650390625 0.90869140625 0.0830078125 0.0673828125
32 0.54150390625 0.91552734375 0.0830078125 0.0810546875
28 0.66650390625 0.91943359375 0.0830078125 0.0888671875
0 0.79150390625 0.92431640625 0.0830078125 0.0986328125
16 0.91650390625 0.9130859375 0.0830078125 0.076171875
