22 0.04150390625 0.04052734375 0.0830078125 0.0810546875
9 0.16650390625 0.04150390625 0.0830078125 0.0830078125
6 0.29150390625 0.037109375 0.0830078125 0.07421875
16 0.41650390625 0.0380859375 0.0830078125 0.076171875
33 0.54150390625 0.04345703125 0.0830078125 0.0869140625
20 0.66650390625 0.03515625 0.0830078125 0.0703125
16 0.79150390625 0.05029296875 0.0830078125 0.1005859375
1 0.91650390625 0.0419921875 0.0830078125 0.083984375
25 0.04150390625 0.1630859375 0.0830078125 0.076171875
2 0.16650390625 0.1591796875 0.0830078125 0.068359375
6 0.29150390625 0.171875 0.0830078125 0.09375
25 0.41650390625 0.16455078125 0.0830078125 0.0791015625
13 0.54150390625 0.162109375 0.0830078125 0.07421875
0 0.66650390625 0.16162109375 0.0830078125 0.0732421875
2 0.79150390625 0.17041015625 0.0830078125 0.0908203125
2 0.91650390625 0.17431640625 0.0830078125 0.0986328125
16 0.04150390625 0.29443359375 0.0830078125 0.0888671875
18 0.16650390625 0.2880859375 0.0830078125 0.076171875
19 0.29150390625 0.29736328125 0.0830078125 0.0947265625
0 0.41650390625 0.283203125 0.0830078125 0.06640625
31 0.54150390625 0.2861328125 0.0830078125 0.072265625
17 0.66650390625 0.2841796875 0.0830078125 0.068359375
1 0.79150390625 0.28369140625 0.0830078125 0.0673828125
31 0.91650390625 0.2939453125 0.0830078125 0.087890625
9 0.04150390625 0.421875 0.0830078125 0.09375
22 0.16650390625 0.41162109375 0.0830078125 0.0732421875
2 0.29150390625 0.4072265625 0.0830078125 0.064453125
25 0.41650390625 0.41650390625 0.0830078125 0.0830078125
19 0.54150390625 0.41357421875 0.0830078125 0.0771484375
15 0.66650390625 0.419921875 0.0830078125 0.08984375
6 0.79150390625 0.4091796875 0.0830078125 0.068359375
33 0.91650390625 0.419921875 0.0830078125 0.08984375
23 0.04150390625 0.5341796875 0.0830078125 0.068359375
10 0.16650390625 0.55419921875 0.0830078125 0.1083984375
10 0.29150390625 0.54296875 0.0830078125 0.0859375
20 0.41650390625 0.53955078125 0.0830078125 0.0791015625
17 0.54150390625 0.54296875 0.0830078125 0.0859375
12 0.66650390625 0.544921875 0.0830078125 0.08984375
22 0.79150390625 0.53759765625 0.0830078125 0.0751953125
17 0.91650390625 0.54150390625 0.0830078125 0.0830078125
15 0.04150390625 0.66650390625 0.0830078125 0.0830078125
24 0.16650390625 0.67578125 0.0830078125 0.1015625
23 0.29150390625 0.66845703125 0.0830078125 0.0869140625
5 0.41650390625 0.66015625 0.0830078125 0.0703125
27 0.54150390625 0.66943359375 0.0830078125 0.0888671875
31 0.66650390625 0.67578125 0.0830078125 0.1015625
11 0.79150390625 0.66552734375 0.0830078125 0.0810546875
30 0.91650390625 0.6611328125 0.0830078125 0.072265625
24 0.04150390625 0.79638671875 0.0830078125 0.0927734375
27 0.16650390625 0.79541015625 0.0830078125 0.0908203125
7 0.29150390625 0.79150390625 0.0830078125 0.0830078125
20 0.41650390625 0.79296875 0.0830078125 0.0859375
1 0.54150390625 0.796875 0.0830078125 0.09375
8 0.66650390625 0.79150390625 0.0830078125 0.0830078125
5 0.79150390625 0.7900390625 0.0830078125 0.080078125
30 0.91650390625 0.787109375 0.0830078125 0.07421875
29 0.04150390625 0.9140625 0.0830078125 0.078125
31 0.16650390625 0.912109375 0.0830078125 0.07421875
12 0.29150390625 0.92236328125 0.0830078125 0.0947265625
27 0.41650390625 0.9189453125 0.0830078125 0.087890625
29 0.54150390625 0.91259765625 0.0830078125 0.0751953125
8 0.66650390625 0.91259765625 0.0830078125 0.0751953125
11 0.79150390625 0.92431640625 0.0830078125 0.0986328125
11 0.91650390625 0.921875 0.0830078125 0.09375
