16 0.05517578125 0.06982421875 0.1103515625 0.1396484375
4 0.22119140625 0.05615234375 0.1103515625 0.1123046875
0 0.38818359375 0.0498046875 0.1103515625 0.099609375
10 0.55517578125 0.046875 0.1103515625 0.09375
19 0.72119140625 0.0615234375 0.1103515625 0.123046875
0 0.88818359375 0.0546875 0.1103515625 0.109375
3 0.05517578125 0.21923828125 0.1103515625 0.1064453125
12 0.22119140625 0.212890625 0.1103515625 0.09375
8 0.38818359375 0.22216796875 0.1103515625 0.1123046875
27 0.55517578125 0.21435546875 0.1103515625 0.0966796875
12 0.72119140625 0.2080078125 0.1103515625 0.083984375
31 0.88818359375 0.22119140625 0.1103515625 0.1103515625
2 0.05517578125 0.3984375 0.1103515625 0.130859375
8 0.22119140625 0.39404296875 0.1103515625 0.1220703125
4 0.38818359375 0.37939453125 0.1103515625 0.0927734375
13 0.55517578125 0.38330078125 0.1103515625 0.1005859375
9 0.72119140625 0.39404296875 0.1103515625 0.1220703125
24 0.88818359375 0.380859375 0.1103515625 0.095703125
23 0.05517578125 0.5498046875 0.1103515625 0.099609375
1 0.22119140625 0.56103515625 0.1103515625 0.1220703125
21 0.38818359375 0.5478515625 0.1103515625 0.095703125
28 0.55517578125 0.55126953125 0.1103515625 0.1025390625
15 0.72119140625 0.55029296875 0.1103515625 0.1005859375
22 0.88818359375 0.5634765625 0.1103515625 0.126953125
32 0.05517578125 0.72509765625 0.1103515625 0.1181640625
4 0.22119140625 0.73681640625 0.1103515625 0.1416015625
32 0.38818359375 0.7275390625 0.1103515625 0.123046875
1 0.55517578125 0.72216796875 0.1103515625 0.1123046875
28 0.72119140625 0.7158203125 0.1103515625 0.099609375
7 0.88818359375 0.71875 0.1103515625 0.10546875
4 0.05517578125 0.9013671875 0.1103515625 0.13671875
17 0.22119140625 0.875 0.1103515625 0.083984375
33 0.38818359375 0.90185546875 0.1103515625 0.1376953125
8 0.55517578125 0.89306640625 0.1103515625 0.1201171875
5 0.72119140625 0.89013671875 0.1103515625 0.1142578125
26 0.88818359375 0.89892578125 0.1103515625 0.1318359375
