9 0.0830078125 0.0927734375 0.166015625 0.185546875
31 0.3330078125 0.07666015625 0.166015625 0.1533203125
4 0.5830078125 0.10595703125 0.166015625 0.2119140625
33 0.8330078125 0.0986328125 0.166015625 0.197265625
1 0.0830078125 0.353515625 0.166015625 0.20703125
9 0.3330078125 0.318359375 0.166015625 0.13671875
33 0.5830078125 0.3310546875 0.166015625 0.162109375
15 0.8330078125 0.3271484375 0.166015625 0.154296875
9 0.0830078125 0.58837890625 0.166015625 0.1767578125
20 0.3330078125 0.57763671875 0.166015625 0.1552734375
30 0.5830078125 0.56494140625 0.166015625 0.1298828125
15 0.8330078125 0.56787109375 0.166015625 0.1357421875
24 0.0830078125 0.84912109375 0.166015625 0.1982421875
5 0.3330078125 0.8193359375 0.166015625 0.138671875
5 0.5830078125 0.82275390625 0.166015625 0.1455078125
10 0.8330078125 0.85205078125 0.166015625 0.2041015625
