17 0.04150390625 0.04248046875 0.0830078125 0.0849609375
19 0.16650390625 0.041015625 0.0830078125 0.08203125
14 0.29150390625 0.03515625 0.0830078125 0.0703125
0 0.41650390625 0.05419921875 0.0830078125 0.1083984375
6 0.54150390625 0.03515625 0.0830078125 0.0703125
22 0.66650390625 0.0400390625 0.0830078125 0.080078125
1 0.79150390625 0.0341796875 0.0830078125 0.068359375
17 0.91650390625 0.04443359375 0.0830078125 0.0888671875
9 0.04150390625 0.17431640625 0.0830078125 0.0986328125
9 0.16650390625 0.16015625 0.0830078125 0.0703125
25 0.29150390625 0.169921875 0.0830078125 0.08984375
25 0.41650390625 0.1650390625 0.0830078125 0.080078125
21 0.54150390625 0.17236328125 0.0830078125 0.0947265625
9 0.66650390625 0.169921875 0.0830078125 0.08984375
20 0.79150390625 0.17236328125 0.0830078125 0.0947265625
8 0.91650390625 0.16943359375 0.0830078125 0.0888671875
14 0.04150390625 0.29443359375 0.0830078125 0.0888671875
24 0.16650390625 0.28271484375 0.0830078125 0.0654296875
4 0.29150390625 0.29296875 0.0830078125 0.0859375
18 0.41650390625 0.2939453125 0.0830078125 0.087890625
21 0.54150390625 0.28857421875 0.0830078125 0.0771484375
1 0.66650390625 0.30419921875 0.0830078125 0.1083984375
6 0.79150390625 0.2861328125 0.0830078125 0.072265625
24 0.91650390625 0.28955078125 0.0830078125 0.0791015625
14 0.04150390625 0.4072265625 0.0830078125 0.064453125
8 0.16650390625 0.41650390625 0.0830078125 0.0830078125
20 0.29150390625 0.421875 0.0830078125 0.09375
25 0.41650390625 0.41796875 0.0830078125 0.0859375
32 0.54150390625 0.41943359375 0.0830078125 0.0888671875
1 0.66650390625 0.419921875 0.0830078125 0.08984375
8 0.79150390625 0.41064453125 0.0830078125 0.0712890625
20 0.91650390625 0.40625 0.0830078125 0.0625
28 0.04150390625 0.533203125 0.0830078125 0.06640625
17 0.16650390625 0.5400390625 0.0830078125 0.080078125
25 0.29150390625 0.54638671875 0.0830078125 0.0927734375
12 0.41650390625 0.54736328125 0.0830078125 0.0947265625
1 0.54150390625 0.54736328125 0.0830078125 0.0947265625
31 0.66650390625 0.5517578125 0.0830078125 0.103515625
23 0.79150390625 0.5380859375 0.0830078125 0.076171875
2 0.91650390625 0.54541015625 0.0830078125 0.0908203125
24 0.04150390625 0.66552734375 0.0830078125 0.0810546875
30 0.16650390625 0.66357421875 0.0830078125 0.0771484375
16 0.29150390625 0.66357421875 0.0830078125 0.0771484375
16 0.41650390625 0.67724609375 0.0830078125 0.1044921875
5 0.54150390625 0.6591796875 0.0830078125 0.068359375
3 0.66650390625 0.66796875 0.0830078125 0.0859375
20 0.79150390625 0.66259765625 0.0830078125 0.0751953125
9 0.91650390625 0.66796875 0.0830078125 0.0859375
33 0.04150390625 0.78857421875 0.0830078125 0.0771484375
19 0.16650390625 0.7978515625 0.0830078125 0.095703125
33 0.29150390625 0.796875 0.0830078125 0.09375
33 0.41650390625 0.79052734375 0.0830078125 0.0810546875
30 0.54150390625 0.79443359375 0.0830078125 0.0888671875
9 0.66650390625 0.7841796875 0.0830078125 0.068359375
9 0.79150390625 0.791015625 0.0830078125 0.08203125
7 0.91650390625 0.78173828125 0.0830078125 0.0634765625
31 0.04150390625 0.92919921875 0.0830078125 0.1083984375
24 0.16650390625 0.912109375 0.0830078125 0.07421875
8 0.29150390625 0.90966796875 0.0830078125 0.0693359375
24 0.41650390625 0.91845703125 0.0830078125 0.0869140625
28 0.54150390625 0.9150390625 0.0830078125 0.080078125
28 0.66650390625 0.908203125 0.0830078125 0.06640625
20 0.79150390625 0.92529296875 0.0830078125 0.1005859375
18 0.91650390625 0.91796875 0.0830078125 0.0859375
