3 0.05517578125 0.0556640625 0.1103515625 0.111328125
1 0.22119140625 0.05029296875 0.1103515625 0.1005859375
33 0.38818359375 0.0478515625 0.1103515625 0.095703125
6 0.55517578125 0.04833984375 0.1103515625 0.0966796875
12 0.72119140625 0.0478515625 0.1103515625 0.095703125
29 0.88818359375 0.04345703125 0.1103515625 0.0869140625
22 0.05517578125 0.21630859375 0.1103515625 0.1005859375
24 0.22119140625 0.20751953125 0.1103515625 0.0830078125
0 0.38818359375 0.22314453125 0.1103515625 0.1142578125
13 0.55517578125 0.21142578125 0.1103515625 0.0908203125
16 0.72119140625 0.208984375 0.1103515625 0.0859375
21 0.88818359375 0.2080078125 0.1103515625 0.083984375
16 0.05517578125 0.3857421875 0.1103515625 0.10546875
16 0.22119140625 0.390625 0.1103515625 0.115234375
25 0.38818359375 0.384765625 0.1103515625 0.103515625
8 0.55517578125 0.400390625 0.1103515625 0.134765625
18 0.72119140625 0.3916015625 0.1103515625 0.1171875
32 0.88818359375 0.37451171875 0.1103515625 0.0830078125
22 0.05517578125 0.56103515625 0.1103515625 0.1220703125
33 0.22119140625 0.55908203125 0.1103515625 0.1181640625
33 0.38818359375 0.56201171875 0.1103515625 0.1240234375
19 0.55517578125 0.54248046875 0.1103515625 0.0849609375
32 0.72119140625 0.56201171875 0.1103515625 0.1240234375
24 0.88818359375 0.56396484375 0.1103515625 0.1279296875
31 0.05517578125 0.7294921875 0.1103515625 0.126953125
32 0.22119140625 0.73486328125 0.1103515625 0.1376953125
33 0.38818359375 0.708984375 0.1103515625 0.0859375
16 0.55517578125 0.724609375 0.1103515625 0.1171875
4 0.72119140625 0.72998046875 0.1103515625 0.1279296875
16 0.88818359375 0.7373046875 0.1103515625 0.142578125
11 0.05517578125 0.8916015625 0.1103515625 0.1171875
27 0.22119140625 0.8798828125 0.1103515625 0.09375
2 0.38818359375 0.8876953125 0.1103515625 0.109375
0 0.55517578125 0.8828125 0.1103515625 0.099609375
33 0.72119140625 0.88916015625 0.1103515625 0.1123046875
24 0.88818359375 0.8779296875 0.1103515625 0.08984375
