3 0.04150390625 0.04443359375 0.0830078125 0.0888671875
9 0.16650390625 0.03662109375 0.0830078125 0.0732421875
7 0.29150390625 0.0341796875 0.0830078125 0.068359375
3 0.41650390625 0.0517578125 0.0830078125 0.103515625
7 0.54150390625 0.0517578125 0.0830078125 0.103515625
30 0.66650390625 0.04345703125 0.0830078125 0.0869140625
4 0.79150390625 0.04296875 0.0830078125 0.0859375
20 0.91650390625 0.0400390625 0.0830078125 0.080078125
19 0.04150390625 0.1728515625 0.0830078125 0.095703125
24 0.16650390625 0.17822265625 0.0830078125 0.1064453125
16 0.29150390625 0.16064453125 0.0830078125 0.0712890625
9 0.41650390625 0.1689453125 0.0830078125 0.087890625
31 0.54150390625 0.158203125 0.0830078125 0.06640625
2 0.66650390625 0.16650390625 0.0830078125 0.0830078125
3 0.79150390625 0.16455078125 0.0830078125 0.0791015625
4 0.91650390625 0.17578125 0.0830078125 0.1015625
2 0.04150390625 0.28759765625 0.0830078125 0.0751953125
4 0.16650390625 0.29541015625 0.0830078125 0.0908203125
4 0.29150390625 0.28759765625 0.0830078125 0.0751953125
4 0.41650390625 0.28466796875 0.0830078125 0.0693359375
5 0.54150390625 0.2841796875 0.0830078125 0.068359375
3 0.66650390625 0.28662109375 0.0830078125 0.0732421875
2 0.79150390625 0.287109375 0.0830078125 0.07421875
3 0.91650390625 0.29736328125 0.0830078125 0.0947265625
32 0.04150390625 0.412109375 0.0830078125 0.07421875
4 0.16650390625 0.4228515625 0.0830078125 0.095703125
3 0.29150390625 0.4189453125 0.0830078125 0.087890625
19 0.41650390625 0.41552734375 0.0830078125 0.0810546875
26 0.54150390625 0.4169921875 0.0830078125 0.083984375
32 0.66650390625 0.4091796875 0.0830078125 0.068359375
13 0.79150390625 0.4150390625 0.0830078125 0.080078125
21 0.91650390625 0.41796875 0.0830078125 0.0859375
30 0.04150390625 0.5361328125 0.0830078125 0.072265625
14 0.16650390625 0.5390625 0.0830078125 0.078125
29 0.29150390625 0.53125 0.0830078125 0.0625
8 0.41650390625 0.54248046875 0.0830078125 0.0849609375
1 0.54150390625 0.54150390625 0.0830078125 0.0830078125
26 0.66650390625 0.54541015625 0.0830078125 0.0908203125
9 0.79150390625 0.53515625 0.0830078125 0.0703125
7 0.91650390625 0.55078125 0.0830078125 0.1015625
27 0.04150390625 0.67236328125 0.0830078125 0.0947265625
32 0.16650390625 0.6669921875 0.0830078125 0.083984375
22 0.29150390625 0.662109375 0.0830078125 0.07421875
16 0.41650390625 0.66748046875 0.0830078125 0.0849609375
22 0.54150390625 0.6669921875 0.0830078125 0.083984375
25 0.66650390625 0.67236328125 0.0830078125 0.0947265625
31 0.79150390625 0.6669921875 0.0830078125 0.083984375
31 0.91650390625 0.6669921875 0.0830078125 0.083984375
11 0.04150390625 0.78466796875 0.0830078125 0.0693359375
21 0.16650390625 0.7890625 0.0830078125 0.078125
16 0.29150390625 0.78369140625 0.0830078125 0.0673828125
14 0.41650390625 0.79931640625 0.0830078125 0.0986328125
24 0.54150390625 0.7919921875 0.0830078125 0.083984375
2 0.66650390625 0.79541015625 0.0830078125 0.0908203125
0 0.79150390625 0.79052734375 0.0830078125 0.0810546875
24 0.91650390625 0.8017578125 0.0830078125 0.103515625
19 0.04150390625 0.92724609375 0.0830078125 0.1044921875
33 0.16650390625 0.91357421875 0.0830078125 0.0771484375
1 0.29150390625 0.92822265625 0.0830078125 0.1064453125
3 0.41650390625 0.912109375 0.0830078125 0.07421875
23 0.54150390625 0.919921875 0.0830078125 0.08984375
20 0.66650390625 0.92529296875 0.0830078125 0.1005859375
24 0.79150390625 0.92578125 0.0830078125 0.1015625
32 0.91650390625 0.91943359375 0.0830078125 0.0888671875
