9 0.06640625 0.05126953125 0.1328125 0.1025390625
0 0.265625 0.076171875 0.1328125 0.15234375
1 0.4658203125 0.0654296875 0.1328125 0.130859375
26 0.666015625 0.06103515625 0.1328125 0.1220703125
16 0.8662109375 0.06201171875 0.1328125 0.1240234375
11 0.06640625 0.25634765625 0.1328125 0.1142578125
25 0.265625 0.25634765625 0.1328125 0.1142578125
26 0.4658203125 0.2646484375 0.1328125 0.130859375
31 0.666015625 0.28271484375 0.1328125 0.1669921875
6 0.8662109375 0.25732421875 0.1328125 0.1162109375
13 0.06640625 0.455078125 0.1328125 0.111328125
5 0.265625 0.4580078125 0.1328125 0.1171875
21 0.4658203125 0.48779296875 0.1328125 0.1767578125
23 0.666015625 0.474609375 0.1328125 0.150390625
18 0.8662109375 0.4658203125 0.1328125 0.1328125
2 0.06640625 0.66748046875 0.1328125 0.1357421875
8 0.265625 0.6728515625 0.1328125 0.146484375
25 0.4658203125 0.658203125 0.1328125 0.1171875
4 0.666015625 0.67919921875 0.1328125 0.1591796875
18 0.8662109375 0.666015625 0.1328125 0.1328125
29 0.06640625 0.86572265625 0.1328125 0.1318359375
26 0.265625 0.875 0.1328125 0.150390625
25 0.4658203125 0.8642578125 0.1328125 0.12890625
5 0.666015625 0.8564453125 0.1328125 0.11328125
10 0.8662109375 0.857421875 0.1328125 0.115234375
