5 0.0830078125 0.08447265625 0.166015625 0.1689453125
27 0.3330078125 0.06396484375 0.166015625 0.1279296875
28 0.5830078125 0.08642578125 0.166015625 0.1728515625
21 0.8330078125 0.0693359375 0.166015625 0.138671875
29 0.0830078125 0.3330078125 0.166015625 0.166015625
24 0.3330078125 0.3251953125 0.166015625 0.150390625
3 0.5830078125 0.3291015625 0.166015625 0.158203125
4 0.8330078125 0.34521484375 0.166015625 0.1904296875
31 0.0830078125 0.5751953125 0.166015625 0.150390625
28 0.3330078125 0.58837890625 0.166015625 0.1767578125
23 0.5830078125 0.572265625 0.166015625 0.14453125
6 0.8330078125 0.59521484375 0.166015625 0.1904296875
31 0.0830078125 0.853515625 0.166015625 0.20703125
25 0.3330078125 0.822265625 0.166015625 0.14453125
2 0.5830078125 0.81298828125 0.166015625 0.1259765625
20 0.8330078125 0.833984375 0.166015625 0.16796875
