11 0.0830078125 0.0927734375 0.166015625 0.185546875
25 0.3330078125 0.08984375 0.166015625 0.1796875
20 0.5830078125 0.083984375 0.166015625 0.16796875
29 0.8330078125 0.08447265625 0.166015625 0.1689453125
6 0.0830078125 0.31787109375 0.166015625 0.1357421875
3 0.3330078125 0.34423828125 0.166015625 0.1884765625
16 0.5830078125 0.3486328125 0.166015625 0.197265625
7 0.8330078125 0.32763671875 0.166015625 0.1552734375
20 0.0830078125 0.603515625 0.166015625 0.20703125
29 0.3330078125 0.6083984375 0.166015625 0.216796875
29 0.5830078125 0.5712890625 0.166015625 0.142578125
5 0.8330078125 0.59912109375 0.166015625 0.1982421875
24 0.0830078125 0.83984375 0.166015625 0.1796875
11 0.3330078125 0.8330078125 0.166015625 0.166015625
5 0.5830078125 0.8359375 0.166015625 0.171875
20 0.8330078125 0.81884765625 0.166015625 0.1376953125
