32 0.04150390625 0.03076171875 0.0830078125 0.0615234375
19 0.16650390625 0.03515625 0.0830078125 0.0703125
14 0.29150390625 0.03662109375 0.0830078125 0.0732421875
17 0.41650390625 0.0517578125 0.0830078125 0.103515625
26 0.54150390625 0.04296875 0.0830078125 0.0859375
20 0.66650390625 0.04736328125 0.0830078125 0.0947265625
33 0.79150390625 0.03662109375 0.0830078125 0.0732421875
16 0.91650390625 0.03662109375 0.0830078125 0.0732421875
33 0.04150390625 0.1591796875 0.0830078125 0.068359375
22 0.16650390625 0.16064453125 0.0830078125 0.0712890625
1 0.29150390625 0.1630859375 0.0830078125 0.076171875
29 0.41650390625 0.16357421875 0.0830078125 0.0771484375
29 0.54150390625 0.1611328125 0.0830078125 0.072265625
2 0.66650390625 0.1767578125 0.0830078125 0.103515625
2 0.79150390625 0.16064453125 0.0830078125 0.0712890625
26 0.91650390625 0.16552734375 0.0830078125 0.0810546875
25 0.04150390625 0.294921875 0.0830078125 0.08984375
1 0.16650390625 0.30224609375 0.0830078125 0.1044921875
24 0.29150390625 0.29150390625 0.0830078125 0.0830078125
12 0.41650390625 0.3056640625 0.0830078125 0.111328125
33 0.54150390625 0.29296875 0.0830078125 0.0859375
13 0.66650390625 0.291015625 0.0830078125 0.08203125
0 0.79150390625 0.30078125 0.0830078125 0.1015625
6 0.91650390625 0.2841796875 0.0830078125 0.068359375
16 0.04150390625 0.419921875 0.0830078125 0.08984375
10 0.16650390625 0.419921875 0.0830078125 0.08984375
5 0.29150390625 0.4140625 0.0830078125 0.078125
33 0.41650390625 0.41943359375 0.0830078125 0.0888671875
12 0.54150390625 0.408203125 0.0830078125 0.06640625
21 0.66650390625 0.421875 0.0830078125 0.09375
6 0.79150390625 0.40771484375 0.0830078125 0.0654296875
8 0.91650390625 0.4072265625 0.0830078125 0.064453125
32 0.04150390625 0.537109375 0.0830078125 0.07421875
10 0.16650390625 0.53173828125 0.0830078125 0.0634765625
27 0.29150390625 0.5478515625 0.0830078125 0.095703125
33 0.41650390625 0.54248046875 0.0830078125 0.0849609375
21 0.54150390625 0.5419921875 0.0830078125 0.083984375
31 0.66650390625 0.5478515625 0.0830078125 0.095703125
10 0.79150390625 0.53662109375 0.0830078125 0.0732421875
4 0.91650390625 0.548828125 0.0830078125 0.09765625
29 0.04150390625 0.65869140625 0.0830078125 0.0673828125
29 0.16650390625 0.6767578125 0.0830078125 0.103515625
20 0.29150390625 0.658203125 0.0830078125 0.06640625
16 0.41650390625 0.6669921875 0.0830078125 0.083984375
0 0.54150390625 0.67431640625 0.0830078125 0.0986328125
4 0.66650390625 0.6591796875 0.0830078125 0.068359375
11 0.79150390625 0.66552734375 0.0830078125 0.0810546875
31 0.91650390625 0.6591796875 0.0830078125 0.068359375
11 0.04150390625 0.78759765625 0.0830078125 0.0751953125
18 0.16650390625 0.7919921875 0.0830078125 0.083984375
29 0.29150390625 0.80419921875 0.0830078125 0.1083984375
5 0.41650390625 0.7890625 0.0830078125 0.078125
19 0.54150390625 0.783203125 0.0830078125 0.06640625
12 0.66650390625 0.79345703125 0.0830078125 0.0869140625
12 0.79150390625 0.79736328125 0.0830078125 0.0947265625
20 0.91650390625 0.79443359375 0.0830078125 0.0888671875
1 0.04150390625 0.92041015625 0.0830078125 0.0908203125
20 0.16650390625 0.92431640625 0.0830078125 0.0986328125
12 0.29150390625 0.9130859375 0.0830078125 0.076171875
6 0.41650390625 0.91796875 0.0830078125 0.0859375
7 0.54150390625 0.916015625 0.0830078125 0.08203125
11 0.66650390625 0.9189453125 0.0830078125 0.087890625
4 0.79150390625 0.9130859375 0.0830078125 0.076171875
22 0.91650390625 0.9228515625 0.0830078125 0.095703125
