16 0.04736328125 0.046875 0.0947265625 0.09375
27 0.18994140625 0.04736328125 0.0947265625 0.0947265625
16 0.33251953125 0.04736328125 0.0947265625 0.0947265625
23 0.47509765625 0.046875 0.0947265625 0.09375
16 0.61865234375 0.046875 0.0947265625 0.09375
29 0.76123046875 0.05078125 0.0947265625 0.1015625
1 0.90380859375 0.0546875 0.0947265625 0.109375
12 0.04736328125 0.1845703125 0.0947265625 0.083984375
33 0.18994140625 0.20068359375 0.0947265625 0.1162109375
4 0.33251953125 0.18603515625 0.0947265625 0.0869140625
6 0.47509765625 0.1884765625 0.0947265625 0.091796875
9 0.61865234375 0.17919921875 0.0947265625 0.0732421875
28 0.76123046875 0.1787109375 0.0947265625 0.072265625
27 0.90380859375 0.18359375 0.0947265625 0.08203125
33 0.04736328125 0.32177734375 0.0947265625 0.0732421875
16 0.18994140625 0.33837890625 0.0947265625 0.1064453125
33 0.33251953125 0.32861328125 0.0947265625 0.0869140625
5 0.47509765625 0.333984375 0.0947265625 0.09765625
11 0.61865234375 0.33984375 0.0947265625 0.109375
25 0.76123046875 0.33349609375 0.0947265625 0.0966796875
7 0.90380859375 0.32861328125 0.0947265625 0.0869140625
12 0.04736328125 0.46875 0.0947265625 0.08203125
20 0.18994140625 0.46875 0.0947265625 0.08203125
10 0.33251953125 0.47314453125 0.0947265625 0.0908203125
2 0.47509765625 0.4775390625 0.0947265625 0.099609375
23 0.61865234375 0.48291015625 0.0947265625 0.1103515625
32 0.76123046875 0.47509765625 0.0947265625 0.0947265625
23 0.90380859375 0.47705078125 0.0947265625 0.0986328125
25 0.04736328125 0.61376953125 0.0947265625 0.0849609375
1 0.18994140625 0.6220703125 0.0947265625 0.1015625
25 0.33251953125 0.6142578125 0.0947265625 0.0859375
17 0.47509765625 0.6220703125 0.0947265625 0.1015625
3 0.61865234375 0.61865234375 0.0947265625 0.0947265625
6 0.76123046875 0.62255859375 0.0947265625 0.1025390625
13 0.90380859375 0.63330078125 0.0947265625 0.1240234375
15 0.04736328125 0.75732421875 0.0947265625 0.0869140625
17 0.18994140625 0.767578125 0.0947265625 0.107421875
23 0.33251953125 0.7626953125 0.0947265625 0.09765625
15 0.47509765625 0.76904296875 0.0947265625 0.1103515625
10 0.61865234375 0.767578125 0.0947265625 0.107421875
9 0.76123046875 0.7705078125 0.0947265625 0.11328125
7 0.90380859375 0.767578125 0.0947265625 0.107421875
12 0.04736328125 0.89697265625 0.0947265625 0.0810546875
24 0.18994140625 0.9091796875 0.0947265625 0.10546875
1 0.33251953125 0.9072265625 0.0947265625 0.1015625
7 0.47509765625 0.89599609375 0.0947265625 0.0791015625
13 0.61865234375 0.904296875 0.0947265625 0.095703125
22 0.76123046875 0.91357421875 0.0947265625 0.1142578125
31 0.90380859375 0.90673828125 0.0947265625 0.1005859375
