33 0.0830078125 0.06396484375 0.166015625 0.1279296875
21 0.3330078125 0.0859375 0.166015625 0.171875
3 0.5830078125 0.09765625 0.166015625 0.1953125
10 0.8330078125 0.072265625 0.166015625 0.14453125
2 0.0830078125 0.34619140625 0.166015625 0.1923828125
25 0.3330078125 0.35205078125 0.166015625 0.2041015625
4 0.5830078125 0.3203125 0.166015625 0.140625
32 0.8330078125 0.3486328125 0.166015625 0.197265625
25 0.0830078125 0.57421875 0.166015625 0.1484375
0 0.3330078125 0.5908203125 0.166015625 0.181640625
12 0.5830078125 0.58642578125 0.166015625 0.1728515625
9 0.8330078125 0.59912109375 0.166015625 0.1982421875
31 0.0830078125 0.82958984375 0.166015625 0.1591796875
1 0.3330078125 0.837890625 0.166015625 0.17578125
23 0.5830078125 0.81689453125 0.166015625 0.1337890625
1 0.8330078125 0.8359375 0.166015625 0.171875
