31 0.04736328125 0.05078125 0.0947265625 0.1015625
1 0.18994140625 0.0498046875 0.0947265625 0.099609375
3 0.33251953125 0.0380859375 0.0947265625 0.076171875
31 0.47509765625 0.0546875 0.0947265625 0.109375
7 0.61865234375 0.05859375 0.0947265625 0.1171875
5 0.76123046875 0.04931640625 0.0947265625 0.0986328125
14 0.90380859375 0.0458984375 0.0947265625 0.091796875
17 0.04736328125 0.18701171875 0.0947265625 0.0888671875
19 0.18994140625 0.20263671875 0.0947265625 0.1201171875
4 0.33251953125 0.19189453125 0.0947265625 0.0986328125
17 0.47509765625 0.19189453125 0.0947265625 0.0986328125
0 0.61865234375 0.197265625 0.0947265625 0.109375
26 0.76123046875 0.18359375 0.0947265625 0.08203125
19 0.90380859375 0.177734375 0.0947265625 0.0703125
24 0.04736328125 0.326171875 0.0947265625 0.08203125
3 0.18994140625 0.330078125 0.0947265625 0.08984375
26 0.33251953125 0.33251953125 0.0947265625 0.0947265625
20 0.47509765625 0.3408203125 0.0947265625 0.111328125
19 0.61865234375 0.32861328125 0.0947265625 0.0869140625
7 0.76123046875 0.3310546875 0.0947265625 0.091796875
29 0.90380859375 0.33642578125 0.0947265625 0.1025390625
26 0.04736328125 0.46923828125 0.0947265625 0.0830078125
21 0.18994140625 0.478515625 0.0947265625 0.1015625
11 0.33251953125 0.4775390625 0.0947265625 0.099609375
14 0.47509765625 0.484375 0.0947265625 0.11328125
11 0.61865234375 0.47607421875 0.0947265625 0.0966796875
14 0.76123046875 0.4716796875 0.0947265625 0.087890625
11 0.90380859375 0.48291015625 0.0947265625 0.1103515625
32 0.04736328125 0.6201171875 0.0947265625 0.09765625
25 0.18994140625 0.6259765625 0.0947265625 0.109375
20 0.33251953125 0.61328125 0.0947265625 0.083984375
33 0.47509765625 0.6201171875 0.0947265625 0.09765625
25 0.61865234375 0.6123046875 0.0947265625 0.08203125
14 0.76123046875 0.61328125 0.0947265625 0.083984375
9 0.90380859375 0.619140625 0.0947265625 0.095703125
22 0.04736328125 0.7548828125 0.0947265625 0.08203125
27 0.18994140625 0.75439453125 0.0947265625 0.0810546875
12 0.33251953125 0.76123046875 0.0947265625 0.0947265625
21 0.47509765625 0.763671875 0.0947265625 0.099609375
3 0.61865234375 0.7578125 0.0947265625 0.087890625
28 0.76123046875 0.763671875 0.0947265625 0.099609375
32 0.90380859375 0.75244140625 0.0947265625 0.0771484375
28 0.04736328125 0.89892578125 0.0947265625 0.0849609375
21 0.18994140625 0.91455078125 0.0947265625 0.1162109375
25 0.33251953125 0.900390625 0.0947265625 0.087890625
19 0.47509765625 0.91650390625 0.0947265625 0.1201171875
22 0.61865234375 0.9052734375 0.0947265625 0.09765625
16 0.76123046875 0.9150390625 0.0947265625 0.1171875
10 0.90380859375 0.91015625 0.0947265625 0.107421875
