13 0.04736328125 0.05859375 0.0947265625 0.1171875
27 0.18994140625 0.0537109375 0.0947265625 0.107421875
21 0.33251953125 0.048828125 0.0947265625 0.09765625
4 0.47509765625 0.04248046875 0.0947265625 0.0849609375
14 0.61865234375 0.03515625 0.0947265625 0.0703125
8 0.76123046875 0.04931640625 0.0947265625 0.0986328125
14 0.90380859375 0.0546875 0.0947265625 0.109375
3 0.04736328125 0.18212890625 0.0947265625 0.0791015625
11 0.18994140625 0.19580078125 0.0947265625 0.1064453125
22 0.33251953125 0.20458984375 0.0947265625 0.1240234375
27 0.47509765625 0.18603515625 0.0947265625 0.0869140625
6 0.61865234375 0.18603515625 0.0947265625 0.0869140625
5 0.76123046875 0.1962890625 0.0947265625 0.107421875
18 0.90380859375 0.18994140625 0.0947265625 0.0947265625
5 0.04736328125 0.32763671875 0.0947265625 0.0849609375
27 0.18994140625 0.32666015625 0.0947265625 0.0830078125
11 0.33251953125 0.34326171875 0.0947265625 0.1162109375
22 0.47509765625 0.33984375 0.0947265625 0.109375
21 0.61865234375 0.33203125 0.0947265625 0.09375
14 0.76123046875 0.330078125 0.0947265625 0.08984375
25 0.90380859375 0.33203125 0.0947265625 0.09375
26 0.04736328125 0.4736328125 0.0947265625 0.091796875
8 0.18994140625 0.47802734375 0.0947265625 0.1005859375
21 0.33251953125 0.47314453125 0.0947265625 0.0908203125
22 0.47509765625 0.486328125 0.0947265625 0.1171875
0 0.61865234375 0.474609375 0.0947265625 0.09375
26 0.76123046875 0.4765625 0.0947265625 0.09765625
16 0.90380859375 0.47021484375 0.0947265625 0.0849609375
13 0.04736328125 0.6220703125 0.0947265625 0.1015625
7 0.18994140625 0.61376953125 0.0947265625 0.0849609375
6 0.33251953125 0.607421875 0.0947265625 0.072265625
27 0.47509765625 0.62109375 0.0947265625 0.099609375
26 0.61865234375 0.61669921875 0.0947265625 0.0908203125
33 0.76123046875 0.626953125 0.0947265625 0.111328125
16 0.90380859375 0.62255859375 0.0947265625 0.1025390625
5 0.04736328125 0.7548828125 0.0947265625 0.08203125
9 0.18994140625 0.77587890625 0.0947265625 0.1240234375
9 0.33251953125 0.76953125 0.0947265625 0.111328125
12 0.47509765625 0.755859375 0.0947265625 0.083984375
32 0.61865234375 0.76904296875 0.0947265625 0.1103515625
2 0.76123046875 0.76513671875 0.0947265625 0.1025390625
5 0.90380859375 0.7646484375 0.0947265625 0.1015625
28 0.04736328125 0.90771484375 0.0947265625 0.1025390625
30 0.18994140625 0.896484375 0.0947265625 0.080078125
13 0.33251953125 0.89306640625 0.0947265625 0.0732421875
22 0.47509765625 0.9111328125 0.0947265625 0.109375
3 0.61865234375 0.89990234375 0.0947265625 0.0869140625
25 0.76123046875 0.91845703125 0.0947265625 0.1240234375
21 0.90380859375 0.896484375 0.0947265625 0.080078125
