1 0.05517578125 0.048828125 0.1103515625 0.09765625
15 0.22119140625 0.0576171875 0.1103515625 0.115234375
32 0.38818359375 0.05419921875 0.1103515625 0.1083984375
3 0.55517578125 0.046875 0.1103515625 0.09375
22 0.72119140625 0.05517578125 0.1103515625 0.1103515625
30 0.88818359375 0.0634765625 0.1103515625 0.126953125
0 0.05517578125 0.212890625 0.1103515625 0.09375
10 0.22119140625 0.2333984375 0.1103515625 0.134765625
23 0.38818359375 0.22216796875 0.1103515625 0.1123046875
1 0.55517578125 0.234375 0.1103515625 0.13671875
13 0.72119140625 0.2158203125 0.1103515625 0.099609375
27 0.88818359375 0.22802734375 0.1103515625 0.1240234375
9 0.05517578125 0.384765625 0.1103515625 0.103515625
0 0.22119140625 0.392578125 0.1103515625 0.119140625
14 0.38818359375 0.3828125 0.1103515625 0.099609375
4 0.55517578125 0.39892578125 0.1103515625 0.1318359375
6 0.72119140625 0.4013671875 0.1103515625 0.13671875
6 0.88818359375 0.38720703125 0.1103515625 0.1083984375
5 0.05517578125 0.56396484375 0.1103515625 0.1279296875
13 0.22119140625 0.5634765625 0.1103515625 0.126953125
22 0.38818359375 0.56494140625 0.1103515625 0.1298828125
1 0.55517578125 0.55078125 0.1103515625 0.1015625
18 0.72119140625 0.568359375 0.1103515625 0.13671875
32 0.88818359375 0.552734375 0.1103515625 0.10546875
6 0.05517578125 0.72802734375 0.1103515625 0.1240234375
3 0.22119140625 0.72119140625 0.1103515625 0.1103515625
13 0.38818359375 0.708984375 0.1103515625 0.0859375
24 0.55517578125 0.7216796875 0.1103515625 0.111328125
16 0.72119140625 0.73095703125 0.1103515625 0.1298828125
15 0.88818359375 0.73681640625 0.1103515625 0.1416015625
13 0.05517578125 0.89453125 0.1103515625 0.123046875
32 0.22119140625 0.89013671875 0.1103515625 0.1142578125
20 0.38818359375 0.89404296875 0.1103515625 0.1220703125
3 0.55517578125 0.89306640625 0.1103515625 0.1201171875
15 0.72119140625 0.904296875 0.1103515625 0.142578125
10 0.88818359375 0.892578125 0.1103515625 0.119140625
