5 0.05517578125 0.06396484375 0.1103515625 0.1279296875
11 0.22119140625 0.0615234375 0.1103515625 0.123046875
24 0.38818359375 0.0546875 0.1103515625 0.109375
30 0.55517578125 0.05517578125 0.1103515625 0.1103515625
33 0.72119140625 0.0615234375 0.1103515625 0.123046875
11 0.88818359375 0.0419921875 0.1103515625 0.083984375
24 0.05517578125 0.22216796875 0.1103515625 0.1123046875
16 0.22119140625 0.240234375 0.1103515625 0.1484375
32 0.38818359375 0.2158203125 0.1103515625 0.099609375
6 0.55517578125 0.22509765625 0.1103515625 0.1181640625
19 0.72119140625 0.2177734375 0.1103515625 0.103515625
12 0.88818359375 0.2275390625 0.1103515625 0.123046875
14 0.05517578125 0.375 0.1103515625 0.083984375
6 0.22119140625 0.390625 0.1103515625 0.115234375
28 0.38818359375 0.3857421875 0.1103515625 0.10546875
12 0.55517578125 0.40380859375 0.1103515625 0.1416015625
12 0.72119140625 0.39697265625 0.1103515625 0.1279296875
14 0.88818359375 0.4013671875 0.1103515625 0.13671875
28 0.05517578125 0.55712890625 0.1103515625 0.1142578125
33 0.22119140625 0.556640625 0.1103515625 0.11328125
5 0.38818359375 0.5517578125 0.1103515625 0.103515625
31 0.55517578125 0.5537109375 0.1103515625 0.107421875
7 0.72119140625 0.56103515625 0.1103515625 0.1220703125
14 0.88818359375 0.56884765625 0.1103515625 0.1376953125
27 0.05517578125 0.7158203125 0.1103515625 0.099609375
18 0.22119140625 0.716796875 0.1103515625 0.1015625
22 0.38818359375 0.7158203125 0.1103515625 0.099609375
31 0.55517578125 0.7158203125 0.1103515625 0.099609375
18 0.72119140625 0.734375 0.1103515625 0.13671875
16 0.88818359375 0.72021484375 0.1103515625 0.1083984375
9 0.05517578125 0.880859375 0.1103515625 0.095703125
17 0.22119140625 0.87451171875 0.1103515625 0.0830078125
27 0.38818359375 0.888671875 0.1103515625 0.111328125
27 0.55517578125 0.87646484375 0.1103515625 0.0869140625
9 0.72119140625 0.87744140625 0.1103515625 0.0888671875
2 0.88818359375 0.904296875 0.1103515625 0.142578125
