32 0.04150390625 0.04443359375 0.0830078125 0.0888671875
12 0.16650390625 0.0361328125 0.0830078125 0.072265625
17 0.29150390625 0.03955078125 0.0830078125 0.0791015625
7 0.41650390625 0.03857421875 0.0830078125 0.0771484375
9 0.54150390625 0.04443359375 0.0830078125 0.0888671875
31 0.66650390625 0.04150390625 0.0830078125 0.0830078125
18 0.79150390625 0.037109375 0.0830078125 0.07421875
20 0.91650390625 0.0478515625 0.0830078125 0.095703125
29 0.04150390625 0.16650390625 0.0830078125 0.0830078125
4 0.16650390625 0.16064453125 0.0830078125 0.0712890625
18 0.29150390625 0.17138671875 0.0830078125 0.0927734375
0 0.41650390625 0.17236328125 0.0830078125 0.0947265625
19 0.54150390625 0.1611328125 0.0830078125 0.072265625
32 0.66650390625 0.16162109375 0.0830078125 0.0732421875
9 0.79150390625 0.16845703125 0.0830078125 0.0869140625
16 0.91650390625 0.1591796875 0.0830078125 0.068359375
19 0.04150390625 0.29541015625 0.0830078125 0.0908203125
10 0.16650390625 0.29052734375 0.0830078125 0.0810546875
22 0.29150390625 0.291015625 0.0830078125 0.08203125
29 0.41650390625 0.28564453125 0.0830078125 0.0712890625
12 0.54150390625 0.29443359375 0.0830078125 0.0888671875
11 0.66650390625 0.2919921875 0.0830078125 0.083984375
14 0.79150390625 0.3017578125 0.0830078125 0.103515625
16 0.91650390625 0.2900390625 0.0830078125 0.080078125
33 0.04150390625 0.41650390625 0.0830078125 0.0830078125
16 0.16650390625 0.42138671875 0.0830078125 0.0927734375
27 0.29150390625 0.4189453125 0.0830078125 0.087890625
10 0.41650390625 0.42138671875 0.0830078125 0.0927734375
29 0.54150390625 0.41162109375 0.0830078125 0.0732421875
18 0.66650390625 0.40673828125 0.0830078125 0.0634765625
4 0.79150390625 0.42431640625 0.0830078125 0.0986328125
33 0.91650390625 0.41748046875 0.0830078125 0.0849609375
12 0.04150390625 0.5478515625 0.0830078125 0.095703125
11 0.16650390625 0.5380859375 0.0830078125 0.076171875
10 0.29150390625 0.54638671875 0.0830078125 0.0927734375
14 0.41650390625 0.537109375 0.0830078125 0.07421875
33 0.54150390625 0.55078125 0.0830078125 0.1015625
28 0.66650390625 0.537109375 0.0830078125 0.07421875
27 0.79150390625 0.55419921875 0.0830078125 0.1083984375
33 0.91650390625 0.53857421875 0.0830078125 0.0771484375
5 0.04150390625 0.66845703125 0.0830078125 0.0869140625
22 0.16650390625 0.66650390625 0.0830078125 0.0830078125
26 0.29150390625 0.67041015625 0.0830078125 0.0908203125
26 0.41650390625 0.66259765625 0.0830078125 0.0751953125
20 0.54150390625 0.666015625 0.0830078125 0.08203125
24 0.66650390625 0.66650390625 0.0830078125 0.0830078125
30 0.79150390625 0.66943359375 0.0830078125 0.0888671875
28 0.91650390625 0.662109375 0.0830078125 0.07421875
33 0.04150390625 0.78955078125 0.0830078125 0.0791015625
11 0.16650390625 0.78173828125 0.0830078125 0.0634765625
23 0.29150390625 0.80078125 0.0830078125 0.1015625
33 0.41650390625 0.78955078125 0.0830078125 0.0791015625
13 0.54150390625 0.78955078125 0.0830078125 0.0791015625
2 0.66650390625 0.78369140625 0.0830078125 0.0673828125
18 0.79150390625 0.78125 0.0830078125 0.0625
7 0.91650390625 0.78759765625 0.0830078125 0.0751953125
30 0.04150390625 0.92138671875 0.0830078125 0.0927734375
14 0.16650390625 0.91357421875 0.0830078125 0.0771484375
17 0.29150390625 0.90673828125 0.0830078125 0.0634765625
15 0.41650390625 0.91259765625 0.0830078125 0.0751953125
9 0.54150390625 0.9111328125 0.0830078125 0.072265625
33 0.66650390625 0.919921875 0.0830078125 0.08984375
22 0.79150390625 0.91015625 0.0830078125 0.0703125
27 0.91650390625 0.91552734375 0.0830078125 0.0810546875
