15 0.0830078125 0.08056640625 0.166015625 0.1611328125
17 0.3330078125 0.06396484375 0.166015625 0.1279296875
19 0.5830078125 0.07177734375 0.166015625 0.1435546875
17 0.8330078125 0.09423828125 0.166015625 0.1884765625
15 0.0830078125 0.34521484375 0.166015625 0.1904296875
28 0.3330078125 0.32421875 0.166015625 0.1484375
24 0.5830078125 0.3505859375 0.166015625 0.201171875
8 0.8330078125 0.3173828125 0.166015625 0.134765625
25 0.0830078125 0.599609375 0.166015625 0.19921875
15 0.3330078125 0.58203125 0.166015625 0.1640625
21 0.5830078125 0.5927734375 0.166015625 0.185546875
28 0.8330078125 0.591796875 0.166015625 0.18359375
13 0.0830078125 0.81494140625 0.166015625 0.1298828125
24 0.3330078125 0.81982421875 0.166015625 0.1396484375
7 0.5830078125 0.833984375 0.166015625 0.16796875
22 0.8330078125 0.81982421875 0.166015625 0.1396484375
