13 0.0830078125 0.0810546875 0.166015625 0.162109375
13 0.3330078125 0.0810546875 0.166015625 0.162109375
1 0.5830078125 0.0751953125 0.166015625 0.150390625
11 0.8330078125 0.08837890625 0.166015625 0.1767578125
25 0.0830078125 0.33447265625 0.166015625 0.1689453125
14 0.3330078125 0.349609375 0.166015625 0.19921875
5 0.5830078125 0.32470703125 0.166015625 0.1494140625
14 0.8330078125 0.32373046875 0.166015625 0.1474609375
14 0.0830078125 0.5859375 0.166015625 0.171875
32 0.3330078125 0.56494140625 0.166015625 0.1298828125
32 0.5830078125 0.57373046875 0.166015625 0.1474609375
18 0.8330078125 0.56689453125 0.166015625 0.1337890625
28 0.0830078125 0.8251953125 0.166015625 0.150390625
16 0.3330078125 0.8330078125 0.166015625 0.166015625
6 0.5830078125 0.8173828125 0.166015625 0.134765625
28 0.8330078125 0.8330078125 0.166015625 0.166015625
