14 0.06640625 0.06787109375 0.1328125 0.1357421875
10 0.265625 0.0546875 0.1328125 0.109375
32 0.4658203125 0.0576171875 0.1328125 0.115234375
24 0.666015625 0.05712890625 0.1328125 0.1142578125
5 0.8662109375 0.0595703125 0.1328125 0.119140625
23 0.06640625 0.2646484375 0.1328125 0.130859375
24 0.265625 0.26611328125 0.1328125 0.1337890625
26 0.4658203125 0.2783203125 0.1328125 0.158203125
5 0.666015625 0.26513671875 0.1328125 0.1318359375
2 0.8662109375 0.25830078125 0.1328125 0.1181640625
33 0.06640625 0.45068359375 0.1328125 0.1025390625
4 0.265625 0.458984375 0.1328125 0.119140625
13 0.4658203125 0.46484375 0.1328125 0.130859375
11 0.666015625 0.46142578125 0.1328125 0.1240234375
10 0.8662109375 0.45654296875 0.1328125 0.1142578125
15 0.06640625 0.66455078125 0.1328125 0.1298828125
18 0.265625 0.68603515625 0.1328125 0.1728515625
15 0.4658203125 0.66748046875 0.1328125 0.1357421875
29 0.666015625 0.67236328125 0.1328125 0.1455078125
1 0.8662109375 0.666015625 0.1328125 0.1328125
1 0.06640625 0.86083984375 0.1328125 0.1220703125
5 0.265625 0.8505859375 0.1328125 0.1015625
19 0.4658203125 0.857421875 0.1328125 0.115234375
12 0.666015625 0.86474609375 0.1328125 0.1298828125
3 0.8662109375 0.8837890625 0.1328125 0.16796875
