5 0.05517578125 0.05859375 0.1103515625 0.1171875
26 0.22119140625 0.0625 0.1103515625 0.125
29 0.38818359375 0.0556640625 0.1103515625 0.111328125
21 0.55517578125 0.05419921875 0.1103515625 0.1083984375
28 0.72119140625 0.0654296875 0.1103515625 0.130859375
10 0.88818359375 0.05859375 0.1103515625 0.1171875
6 0.05517578125 0.22216796875 0.1103515625 0.1123046875
32 0.22119140625 0.21875 0.1103515625 0.10546875
20 0.38818359375 0.2294921875 0.1103515625 0.126953125
31 0.55517578125 0.208984375 0.1103515625 0.0859375
2 0.72119140625 0.2080078125 0.1103515625 0.083984375
33 0.88818359375 0.22802734375 0.1103515625 0.1240234375
32 0.05517578125 0.40185546875 0.1103515625 0.1376953125
19 0.22119140625 0.38330078125 0.1103515625 0.1005859375
7 0.38818359375 0.39990234375 0.1103515625 0.1337890625
3 0.55517578125 0.39892578125 0.1103515625 0.1318359375
18 0.72119140625 0.37548828125 0.1103515625 0.0849609375
23 0.88818359375 0.38671875 0.1103515625 0.107421875
10 0.05517578125 0.552734375 0.1103515625 0.10546875
5 0.22119140625 0.5576171875 0.1103515625 0.115234375
30 0.38818359375 0.56201171875 0.1103515625 0.1240234375
8 0.55517578125 0.5478515625 0.1103515625 0.095703125
22 0.72119140625 0.5576171875 0.1103515625 0.115234375
4 0.88818359375 0.55078125 0.1103515625 0.1015625
26 0.05517578125 0.72705078125 0.1103515625 0.1220703125
20 0.22119140625 0.716796875 0.1103515625 0.1015625
5 0.38818359375 0.708984375 0.1103515625 0.0859375
3 0.55517578125 0.72412109375 0.1103515625 0.1162109375
30 0.72119140625 0.71337890625 0.1103515625 0.0947265625
16 0.88818359375 0.72216796875 0.1103515625 0.1123046875
14 0.05517578125 0.87548828125 0.1103515625 0.0849609375
19 0.22119140625 0.88818359375 0.1103515625 0.1103515625
8 0.38818359375 0.9013671875 0.1103515625 0.13671875
14 0.55517578125 0.8955078125 0.1103515625 0.125
29 0.72119140625 0.87548828125 0.1103515625 0.0849609375
19 0.88818359375 0.8818359375 0.1103515625 0.09765625
