30 0.06640625 0.06640625 0.1328125 0.1328125
6 0.265625 0.064453125 0.1328125 0.12890625
26 0.4658203125 0.06201171875 0.1328125 0.1240234375
18 0.666015625 0.0556640625 0.1328125 0.111328125
25 0.8662109375 0.06103515625 0.1328125 0.1220703125
3 0.06640625 0.25439453125 0.1328125 0.1103515625
6 0.265625 0.255859375 0.1328125 0.11328125
27 0.4658203125 0.263671875 0.1328125 0.12890625
2 0.666015625 0.28173828125 0.1328125 0.1650390625
29 0.8662109375 0.27001953125 0.1328125 0.1416015625
10 0.06640625 0.4658203125 0.1328125 0.1328125
23 0.265625 0.478515625 0.1328125 0.158203125
0 0.4658203125 0.4755859375 0.1328125 0.15234375
31 0.666015625 0.47314453125 0.1328125 0.1474609375
25 0.8662109375 0.46044921875 0.1328125 0.1220703125
19 0.06640625 0.6552734375 0.1328125 0.111328125
18 0.265625 0.6748046875 0.1328125 0.150390625
8 0.4658203125 0.65478515625 0.1328125 0.1103515625
12 0.666015625 0.650390625 0.1328125 0.1015625
33 0.8662109375 0.666015625 0.1328125 0.1328125
18 0.06640625 0.87939453125 0.1328125 0.1591796875
27 0.265625 0.85986328125 0.1328125 0.1201171875
26 0.4658203125 0.86962890625 0.1328125 0.1396484375
17 0.666015625 0.86865234375 0.1328125 0.1376953125
27 0.8662109375 0.8525390625 0.1328125 0.10546875
