10 0.04150390625 0.037109375 0.0830078125 0.07421875
15 0.16650390625 0.0341796875 0.0830078125 0.068359375
17 0.29150390625 0.0390625 0.0830078125 0.078125
24 0.41650390625 0.04052734375 0.0830078125 0.0810546875
13 0.54150390625 0.0517578125 0.0830078125 0.103515625
22 0.66650390625 0.03857421875 0.0830078125 0.0771484375
14 0.79150390625 0.04296875 0.0830078125 0.0859375
25 0.91650390625 0.05322265625 0.0830078125 0.1064453125
14 0.04150390625 0.16064453125 0.0830078125 0.0712890625
24 0.16650390625 0.171875 0.0830078125 0.09375
33 0.29150390625 0.1572265625 0.0830078125 0.064453125
13 0.41650390625 0.17138671875 0.0830078125 0.0927734375
12 0.54150390625 0.1650390625 0.0830078125 0.080078125
2 0.66650390625 0.15673828125 0.0830078125 0.0634765625
12 0.79150390625 0.1669921875 0.0830078125 0.083984375
33 0.91650390625 0.17529296875 0.0830078125 0.1005859375
26 0.04150390625 0.2978515625 0.0830078125 0.095703125
9 0.16650390625 0.28955078125 0.0830078125 0.0791015625
26 0.29150390625 0.2900390625 0.0830078125 0.080078125
24 0.41650390625 0.287109375 0.0830078125 0.07421875
32 0.54150390625 0.283203125 0.0830078125 0.06640625
29 0.66650390625 0.3017578125 0.0830078125 0.103515625
6 0.79150390625 0.29052734375 0.0830078125 0.0810546875
14 0.91650390625 0.2890625 0.0830078125 0.078125
21 0.04150390625 0.41845703125 0.0830078125 0.0869140625
1 0.16650390625 0.4228515625 0.0830078125 0.095703125
13 0.29150390625 0.42431640625 0.0830078125 0.0986328125
22 0.41650390625 0.4140625 0.0830078125 0.078125
9 0.54150390625 0.41259765625 0.0830078125 0.0751953125
23 0.66650390625 0.4150390625 0.0830078125 0.080078125
11 0.79150390625 0.42431640625 0.0830078125 0.0986328125
19 0.91650390625 0.4150390625 0.0830078125 0.080078125
23 0.04150390625 0.54931640625 0.0830078125 0.0986328125
2 0.16650390625 0.54296875 0.0830078125 0.0859375
2 0.29150390625 0.5419921875 0.0830078125 0.083984375
29 0.41650390625 0.54736328125 0.0830078125 0.0947265625
28 0.54150390625 0.5380859375 0.0830078125 0.076171875
31 0.66650390625 0.5390625 0.0830078125 0.078125
14 0.79150390625 0.54150390625 0.0830078125 0.0830078125
6 0.91650390625 0.541015625 0.0830078125 0.08203125
29 0.04150390625 0.67236328125 0.0830078125 0.0947265625
4 0.16650390625 0.6640625 0.0830078125 0.078125
9 0.29150390625 0.66455078125 0.0830078125 0.0791015625
9 0.41650390625 0.6669921875 0.0830078125 0.083984375
0 0.54150390625 0.66552734375 0.0830078125 0.0810546875
10 0.66650390625 0.662109375 0.0830078125 0.07421875
4 0.79150390625 0.66650390625 0.0830078125 0.0830078125
3 0.91650390625 0.66357421875 0.0830078125 0.0771484375
23 0.04150390625 0.78515625 0.0830078125 0.0703125
31 0.16650390625 0.78515625 0.0830078125 0.0703125
9 0.29150390625 0.7900390625 0.0830078125 0.080078125
11 0.41650390625 0.78955078125 0.0830078125 0.0791015625
6 0.54150390625 0.79443359375 0.0830078125 0.0888671875
9 0.66650390625 0.78564453125 0.0830078125 0.0712890625
14 0.79150390625 0.7900390625 0.0830078125 0.080078125
11 0.91650390625 0.79296875 0.0830078125 0.0859375
19 0.04150390625 0.91796875 0.0830078125 0.0859375
18 0.16650390625 0.91650390625 0.0830078125 0.0830078125
7 0.29150390625 0.91455078125 0.0830078125 0.0791015625
14 0.41650390625 0.9111328125 0.0830078125 0.072265625
22 0.54150390625 0.92041015625 0.0830078125 0.0908203125
4 0.66650390625 0.91162109375 0.0830078125 0.0732421875
10 0.79150390625 0.9267578125 0.0830078125 0.103515625
12 0.91650390625 0.9072265625 0.0830078125 0.064453125
