28 0.04150390625 0.0517578125 0.0830078125 0.103515625
6 0.16650390625 0.0400390625 0.0830078125 0.080078125
4 0.29150390625 0.04736328125 0.0830078125 0.0947265625
24 0.41650390625 0.04150390625 0.0830078125 0.0830078125
15 0.54150390625 0.03857421875 0.0830078125 0.0771484375
16 0.66650390625 0.04052734375 0.0830078125 0.0810546875
33 0.79150390625 0.033203125 0.0830078125 0.06640625
8 0.91650390625 0.04150390625 0.0830078125 0.0830078125
33 0.04150390625 0.16259765625 0.0830078125 0.0751953125
2 0.16650390625 0.16748046875 0.0830078125 0.0849609375
31 0.29150390625 0.1640625 0.0830078125 0.078125
4 0.41650390625 0.15966796875 0.0830078125 0.0693359375
14 0.54150390625 0.17431640625 0.0830078125 0.0986328125
29 0.66650390625 0.171875 0.0830078125 0.09375
16 0.79150390625 0.1640625 0.0830078125 0.078125
20 0.91650390625 0.1640625 0.0830078125 0.078125
11 0.04150390625 0.29248046875 0.0830078125 0.0849609375
18 0.16650390625 0.2939453125 0.0830078125 0.087890625
8 0.29150390625 0.2939453125 0.0830078125 0.087890625
1 0.41650390625 0.29931640625 0.0830078125 0.0986328125
11 0.54150390625 0.29296875 0.0830078125 0.0859375
1 0.66650390625 0.28515625 0.0830078125 0.0703125
16 0.79150390625 0.28369140625 0.0830078125 0.0673828125
28 0.91650390625 0.30419921875 0.0830078125 0.1083984375
29 0.04150390625 0.412109375 0.0830078125 0.07421875
2 0.16650390625 0.41357421875 0.0830078125 0.0771484375
5 0.29150390625 0.41796875 0.0830078125 0.0859375
11 0.41650390625 0.41552734375 0.0830078125 0.0810546875
10 0.54150390625 0.40576171875 0.0830078125 0.0615234375
13 0.66650390625 0.419921875 0.0830078125 0.08984375
4 0.79150390625 0.4189453125 0.0830078125 0.087890625
18 0.91650390625 0.4130859375 0.0830078125 0.076171875
4 0.04150390625 0.5341796875 0.0830078125 0.068359375
13 0.16650390625 0.54541015625 0.0830078125 0.0908203125
16 0.29150390625 0.5322265625 0.0830078125 0.064453125
27 0.41650390625 0.5322265625 0.0830078125 0.064453125
22 0.54150390625 0.54248046875 0.0830078125 0.0849609375
19 0.66650390625 0.5380859375 0.0830078125 0.076171875
25 0.79150390625 0.5341796875 0.0830078125 0.068359375
32 0.91650390625 0.5390625 0.0830078125 0.078125
9 0.04150390625 0.671875 0.0830078125 0.09375
33 0.16650390625 0.66748046875 0.0830078125 0.0849609375
17 0.29150390625 0.6572265625 0.0830078125 0.064453125
29 0.41650390625 0.66357421875 0.0830078125 0.0771484375
26 0.54150390625 0.67041015625 0.0830078125 0.0908203125
10 0.66650390625 0.6669921875 0.0830078125 0.083984375
11 0.79150390625 0.67236328125 0.0830078125 0.0947265625
15 0.91650390625 0.666015625 0.0830078125 0.08203125
9 0.04150390625 0.79248046875 0.0830078125 0.0849609375
3 0.16650390625 0.7841796875 0.0830078125 0.068359375
23 0.29150390625 0.80078125 0.0830078125 0.1015625
5 0.41650390625 0.787109375 0.0830078125 0.07421875
33 0.54150390625 0.79150390625 0.0830078125 0.0830078125
10 0.66650390625 0.79443359375 0.0830078125 0.0888671875
22 0.79150390625 0.79931640625 0.0830078125 0.0986328125
31 0.91650390625 0.7890625 0.0830078125 0.078125
29 0.04150390625 0.91552734375 0.0830078125 0.0810546875
15 0.16650390625 0.91015625 0.0830078125 0.0703125
25 0.29150390625 0.91796875 0.0830078125 0.0859375
24 0.41650390625 0.90966796875 0.0830078125 0.0693359375
16 0.54150390625 0.91357421875 0.0830078125 0.0771484375
12 0.66650390625 0.91552734375 0.0830078125 0.0810546875
7 0.79150390625 0.92822265625 0.0830078125 0.1064453125
15 0.91650390625 0.92578125 0.0830078125 0.1015625
