5 0.05517578125 0.0419921875 0.1103515625 0.083984375
19 0.22119140625 0.0556640625 0.1103515625 0.111328125
10 0.38818359375 0.06494140625 0.1103515625 0.1298828125
21 0.55517578125 0.04736328125 0.1103515625 0.0947265625
12 0.72119140625 0.0546875 0.1103515625 0.109375
28 0.88818359375 0.06396484375 0.1103515625 0.1279296875
24 0.05517578125 0.2138671875 0.1103515625 0.095703125
18 0.22119140625 0.22998046875 0.1103515625 0.1279296875
26 0.38818359375 0.22998046875 0.1103515625 0.1279296875
26 0.55517578125 0.2314453125 0.1103515625 0.130859375
7 0.72119140625 0.23681640625 0.1103515625 0.1416015625
7 0.88818359375 0.23681640625 0.1103515625 0.1416015625
17 0.05517578125 0.39697265625 0.1103515625 0.1279296875
20 0.22119140625 0.3955078125 0.1103515625 0.125
10 0.38818359375 0.37646484375 0.1103515625 0.0869140625
21 0.55517578125 0.38916015625 0.1103515625 0.1123046875
2 0.72119140625 0.392578125 0.1103515625 0.119140625
10 0.88818359375 0.3828125 0.1103515625 0.099609375
4 0.05517578125 0.5517578125 0.1103515625 0.103515625
28 0.22119140625 0.55859375 0.1103515625 0.1171875
15 0.38818359375 0.54638671875 0.1103515625 0.0927734375
29 0.55517578125 0.55126953125 0.1103515625 0.1025390625
23 0.72119140625 0.56982421875 0.1103515625 0.1396484375
6 0.88818359375 0.5625 0.1103515625 0.125
15 0.05517578125 0.724609375 0.1103515625 0.1171875
1 0.22119140625 0.71826171875 0.1103515625 0.1044921875
7 0.38818359375 0.72705078125 0.1103515625 0.1220703125
11 0.55517578125 0.7255859375 0.1103515625 0.119140625
0 0.72119140625 0.712890625 0.1103515625 0.09375
5 0.88818359375 0.716796875 0.1103515625 0.1015625
7 0.05517578125 0.89111328125 0.1103515625 0.1162109375
25 0.22119140625 0.87548828125 0.1103515625 0.0849609375
33 0.38818359375 0.8828125 0.1103515625 0.099609375
22 0.55517578125 0.88525390625 0.1103515625 0.1044921875
23 0.72119140625 0.90283203125 0.1103515625 0.1396484375
21 0.88818359375 0.88330078125 0.1103515625 0.1005859375
