27 0.04736328125 0.04736328125 0.0947265625 0.0947265625
28 0.18994140625 0.04052734375 0.0947265625 0.0810546875
19 0.33251953125 0.0380859375 0.0947265625 0.076171875
25 0.47509765625 0.04150390625 0.0947265625 0.0830078125
18 0.61865234375 0.03564453125 0.0947265625 0.0712890625
3 0.76123046875 0.05859375 0.0947265625 0.1171875
32 0.90380859375 0.04248046875 0.0947265625 0.0849609375
18 0.04736328125 0.1962890625 0.0947265625 0.107421875
33 0.18994140625 0.19970703125 0.0947265625 0.1142578125
19 0.33251953125 0.18408203125 0.0947265625 0.0830078125
32 0.47509765625 0.18798828125 0.0947265625 0.0908203125
25 0.61865234375 0.19189453125 0.0947265625 0.0986328125
24 0.76123046875 0.19287109375 0.0947265625 0.1005859375
25 0.90380859375 0.18359375 0.0947265625 0.08203125
24 0.04736328125 0.32373046875 0.0947265625 0.0771484375
11 0.18994140625 0.3310546875 0.0947265625 0.091796875
4 0.33251953125 0.3359375 0.0947265625 0.1015625
28 0.47509765625 0.3291015625 0.0947265625 0.087890625
10 0.61865234375 0.3447265625 0.0947265625 0.119140625
26 0.76123046875 0.3388671875 0.0947265625 0.107421875
3 0.90380859375 0.328125 0.0947265625 0.0859375
30 0.04736328125 0.47607421875 0.0947265625 0.0966796875
21 0.18994140625 0.47607421875 0.0947265625 0.0966796875
33 0.33251953125 0.47314453125 0.0947265625 0.0908203125
5 0.47509765625 0.48779296875 0.0947265625 0.1201171875
8 0.61865234375 0.48046875 0.0947265625 0.10546875
17 0.76123046875 0.47705078125 0.0947265625 0.0986328125
31 0.90380859375 0.47021484375 0.0947265625 0.0849609375
14 0.04736328125 0.623046875 0.0947265625 0.103515625
22 0.18994140625 0.6181640625 0.0947265625 0.09375
25 0.33251953125 0.6298828125 0.0947265625 0.1171875
9 0.47509765625 0.630859375 0.0947265625 0.119140625
28 0.61865234375 0.62841796875 0.0947265625 0.1142578125
25 0.76123046875 0.6181640625 0.0947265625 0.09375
8 0.90380859375 0.615234375 0.0947265625 0.087890625
17 0.04736328125 0.765625 0.0947265625 0.103515625
4 0.18994140625 0.755859375 0.0947265625 0.083984375
9 0.33251953125 0.7607421875 0.0947265625 0.09375
11 0.47509765625 0.75634765625 0.0947265625 0.0849609375
31 0.61865234375 0.75341796875 0.0947265625 0.0791015625
12 0.76123046875 0.75341796875 0.0947265625 0.0791015625
7 0.90380859375 0.7607421875 0.0947265625 0.09375
24 0.04736328125 0.8974609375 0.0947265625 0.08203125
29 0.18994140625 0.89990234375 0.0947265625 0.0869140625
30 0.33251953125 0.90673828125 0.0947265625 0.1005859375
32 0.47509765625 0.916015625 0.0947265625 0.119140625
32 0.61865234375 0.904296875 0.0947265625 0.095703125
22 0.76123046875 0.90966796875 0.0947265625 0.1064453125
8 0.90380859375 0.892578125 0.0947265625 0.072265625
