21 0.04150390625 0.0517578125 0.0830078125 0.103515625
28 0.16650390625 0.048828125 0.0830078125 0.09765625
6 0.29150390625 0.03857421875 0.0830078125 0.0771484375
8 0.41650390625 0.03076171875 0.0830078125 0.0615234375
15 0.54150390625 0.0322265625 0.0830078125 0.064453125
1 0.66650390625 0.05419921875 0.0830078125 0.1083984375
16 0.79150390625 0.03759765625 0.0830078125 0.0751953125
4 0.91650390625 0.03564453125 0.0830078125 0.0712890625
2 0.04150390625 0.16015625 0.0830078125 0.0703125
30 0.16650390625 0.17529296875 0.0830078125 0.1005859375
16 0.29150390625 0.17236328125 0.0830078125 0.0947265625
9 0.41650390625 0.1689453125 0.0830078125 0.087890625
19 0.54150390625 0.16943359375 0.0830078125 0.0888671875
27 0.66650390625 0.1572265625 0.0830078125 0.064453125
12 0.79150390625 0.16162109375 0.0830078125 0.0732421875
4 0.91650390625 0.1591796875 0.0830078125 0.068359375
0 0.04150390625 0.2978515625 0.0830078125 0.095703125
19 0.16650390625 0.29248046875 0.0830078125 0.0849609375
8 0.29150390625 0.2919921875 0.0830078125 0.083984375
22 0.41650390625 0.30029296875 0.0830078125 0.1005859375
32 0.54150390625 0.28515625 0.0830078125 0.0703125
19 0.66650390625 0.28955078125 0.0830078125 0.0791015625
7 0.79150390625 0.29638671875 0.0830078125 0.0927734375
3 0.91650390625 0.2841796875 0.0830078125 0.068359375
21 0.04150390625 0.4130859375 0.0830078125 0.076171875
11 0.16650390625 0.41845703125 0.0830078125 0.0869140625
19 0.29150390625 0.40625 0.0830078125 0.0625
33 0.41650390625 0.41943359375 0.0830078125 0.0888671875
12 0.54150390625 0.42138671875 0.0830078125 0.0927734375
17 0.66650390625 0.41357421875 0.0830078125 0.0771484375
21 0.79150390625 0.42138671875 0.0830078125 0.0927734375
31 0.91650390625 0.412109375 0.0830078125 0.07421875
8 0.04150390625 0.5341796875 0.0830078125 0.068359375
9 0.16650390625 0.5322265625 0.0830078125 0.064453125
18 0.29150390625 0.5439453125 0.0830078125 0.087890625
33 0.41650390625 0.53564453125 0.0830078125 0.0712890625
23 0.54150390625 0.5478515625 0.0830078125 0.095703125
27 0.66650390625 0.53271484375 0.0830078125 0.0654296875
7 0.79150390625 0.54296875 0.0830078125 0.0859375
30 0.91650390625 0.55029296875 0.0830078125 0.1005859375
19 0.04150390625 0.65771484375 0.0830078125 0.0654296875
30 0.16650390625 0.67529296875 0.0830078125 0.1005859375
9 0.29150390625 0.66748046875 0.0830078125 0.0849609375
23 0.41650390625 0.6669921875 0.0830078125 0.083984375
25 0.54150390625 0.65673828125 0.0830078125 0.0634765625
14 0.66650390625 0.67431640625 0.0830078125 0.0986328125
18 0.79150390625 0.6728515625 0.0830078125 0.095703125
19 0.91650390625 0.65966796875 0.0830078125 0.0693359375
26 0.04150390625 0.787109375 0.0830078125 0.07421875
14 0.16650390625 0.78759765625 0.0830078125 0.0751953125
21 0.29150390625 0.79541015625 0.0830078125 0.0908203125
3 0.41650390625 0.798828125 0.0830078125 0.09765625
6 0.54150390625 0.79345703125 0.0830078125 0.0869140625
5 0.66650390625 0.7861328125 0.0830078125 0.072265625
7 0.79150390625 0.79150390625 0.0830078125 0.0830078125
16 0.91650390625 0.7900390625 0.0830078125 0.080078125
20 0.04150390625 0.91357421875 0.0830078125 0.0771484375
21 0.16650390625 0.90625 0.0830078125 0.0625
7 0.29150390625 0.91845703125 0.0830078125 0.0869140625
28 0.41650390625 0.92236328125 0.0830078125 0.0947265625
32 0.54150390625 0.91455078125 0.0830078125 0.0791015625
17 0.66650390625 0.92138671875 0.0830078125 0.0927734375
14 0.79150390625 0.91015625 0.0830078125 0.0703125
17 0.91650390625 0.912109375 0.0830078125 0.07421875
