28 0.0830078125 0.0673828125 0.166015625 0.134765625
11 0.3330078125 0.08984375 0.166015625 0.1796875
12 0.5830078125 0.09765625 0.166015625 0.1953125
32 0.8330078125 0.07666015625 0.166015625 0.1533203125
9 0.0830078125 0.32861328125 0.166015625 0.1572265625
10 0.3330078125 0.32373046875 0.166015625 0.1474609375
12 0.5830078125 0.32421875 0.166015625 0.1484375
0 0.8330078125 0.31201171875 0.166015625 0.1240234375
27 0.0830078125 0.56982421875 0.166015625 0.1396484375
18 0.3330078125 0.57861328125 0.166015625 0.1572265625
8 0.5830078125 0.572265625 0.166015625 0.14453125
12 0.8330078125 0.56982421875 0.166015625 0.1396484375
7 0.0830078125 0.82275390625 0.166015625 0.1455078125
29 0.3330078125 0.8486328125 0.166015625 0.197265625
22 0.5830078125 0.82861328125 0.166015625 0.1572265625
2 0.8330078125 0.830078125 0.166015625 0.16015625
