0 0.06640625 0.0751953125 0.1328125 0.150390625
14 0.265625 0.07958984375 0.1328125 0.1591796875
31 0.4658203125 0.05078125 0.1328125 0.1015625
21 0.666015625 0.05712890625 0.1328125 0.1142578125
19 0.8662109375 0.06982421875 0.1328125 0.1396484375
30 0.06640625 0.2744140625 0.1328125 0.150390625
27 0.265625 0.275390625 0.1328125 0.15234375
2 0.4658203125 0.2646484375 0.1328125 0.130859375
2 0.666015625 0.26513671875 0.1328125 0.1318359375
26 0.8662109375 0.2529296875 0.1328125 0.107421875
20 0.06640625 0.46923828125 0.1328125 0.1396484375
7 0.265625 0.4541015625 0.1328125 0.109375
17 0.4658203125 0.45263671875 0.1328125 0.1064453125
28 0.666015625 0.45458984375 0.1328125 0.1103515625
22 0.8662109375 0.46533203125 0.1328125 0.1318359375
19 0.06640625 0.66748046875 0.1328125 0.1357421875
24 0.265625 0.65380859375 0.1328125 0.1083984375
25 0.4658203125 0.6669921875 0.1328125 0.134765625
15 0.666015625 0.6494140625 0.1328125 0.099609375
27 0.8662109375 0.66259765625 0.1328125 0.1259765625
29 0.06640625 0.8603515625 0.1328125 0.12109375
11 0.265625 0.8662109375 0.1328125 0.1328125
33 0.4658203125 0.8505859375 0.1328125 0.1015625
14 0.666015625 0.8642578125 0.1328125 0.12890625
19 0.8662109375 0.87353515625 0.1328125 0.1474609375
