20 0.04150390625 0.0322265625 0.0830078125 0.064453125
33 0.16650390625 0.0380859375 0.0830078125 0.076171875
17 0.29150390625 0.03857421875 0.0830078125 0.0771484375
1 0.41650390625 0.04052734375 0.0830078125 0.0810546875
28 0.54150390625 0.0322265625 0.0830078125 0.064453125
24 0.66650390625 0.05419921875 0.0830078125 0.1083984375
32 0.79150390625 0.03271484375 0.0830078125 0.0654296875
9 0.91650390625 0.0380859375 0.0830078125 0.076171875
12 0.04150390625 0.1669921875 0.0830078125 0.083984375
32 0.16650390625 0.1591796875 0.0830078125 0.068359375
31 0.29150390625 0.15673828125 0.0830078125 0.0634765625
28 0.41650390625 0.1669921875 0.0830078125 0.083984375
4 0.54150390625 0.17236328125 0.0830078125 0.0947265625
7 0.66650390625 0.16357421875 0.0830078125 0.0771484375
15 0.79150390625 0.17578125 0.0830078125 0.1015625
2 0.91650390625 0.16552734375 0.0830078125 0.0810546875
28 0.04150390625 0.30078125 0.0830078125 0.1015625
0 0.16650390625 0.29541015625 0.0830078125 0.0908203125
19 0.29150390625 0.287109375 0.0830078125 0.07421875
10 0.41650390625 0.2822265625 0.0830078125 0.064453125
13 0.54150390625 0.287109375 0.0830078125 0.07421875
2 0.66650390625 0.296875 0.0830078125 0.09375
16 0.79150390625 0.3046875 0.0830078125 0.109375
20 0.91650390625 0.29443359375 0.0830078125 0.0888671875
18 0.04150390625 0.41748046875 0.0830078125 0.0849609375
5 0.16650390625 0.40869140625 0.0830078125 0.0673828125
28 0.29150390625 0.42431640625 0.0830078125 0.0986328125
12 0.41650390625 0.4111328125 0.0830078125 0.072265625
22 0.54150390625 0.41259765625 0.0830078125 0.0751953125
5 0.66650390625 0.41552734375 0.0830078125 0.0810546875
0 0.79150390625 0.4267578125 0.0830078125 0.103515625
1 0.91650390625 0.4189453125 0.0830078125 0.087890625
31 0.04150390625 0.546875 0.0830078125 0.09375
1 0.16650390625 0.53125 0.0830078125 0.0625
7 0.29150390625 0.5322265625 0.0830078125 0.064453125
29 0.41650390625 0.53564453125 0.0830078125 0.0712890625
4 0.54150390625 0.54736328125 0.0830078125 0.0947265625
13 0.66650390625 0.5390625 0.0830078125 0.078125
19 0.79150390625 0.533203125 0.0830078125 0.06640625
23 0.91650390625 0.5341796875 0.0830078125 0.068359375
6 0.04150390625 0.67236328125 0.0830078125 0.0947265625
9 0.16650390625 0.67431640625 0.0830078125 0.0986328125
31 0.29150390625 0.6572265625 0.0830078125 0.064453125
20 0.41650390625 0.66650390625 0.0830078125 0.0830078125
20 0.54150390625 0.66748046875 0.0830078125 0.0849609375
0 0.66650390625 0.6650390625 0.0830078125 0.080078125
31 0.79150390625 0.66015625 0.0830078125 0.0703125
4 0.91650390625 0.67431640625 0.0830078125 0.0986328125
6 0.04150390625 0.79052734375 0.0830078125 0.0810546875
33 0.16650390625 0.7841796875 0.0830078125 0.068359375
23 0.29150390625 0.783203125 0.0830078125 0.06640625
2 0.41650390625 0.796875 0.0830078125 0.09375
15 0.54150390625 0.7880859375 0.0830078125 0.076171875
20 0.66650390625 0.783203125 0.0830078125 0.06640625
0 0.79150390625 0.79443359375 0.0830078125 0.0888671875
28 0.91650390625 0.7822265625 0.0830078125 0.064453125
29 0.04150390625 0.921875 0.0830078125 0.09375
24 0.16650390625 0.916015625 0.0830078125 0.08203125
16 0.29150390625 0.91552734375 0.0830078125 0.0810546875
4 0.41650390625 0.91357421875 0.0830078125 0.0771484375
23 0.54150390625 0.91650390625 0.0830078125 0.0830078125
2 0.66650390625 0.9140625 0.0830078125 0.078125
19 0.79150390625 0.9189453125 0.0830078125 0.087890625
14 0.91650390625 0.912109375 0.0830078125 0.07421875
