32 0.04736328125 0.04443359375 0.0947265625 0.0888671875
31 0.18994140625 0.0517578125 0.0947265625 0.103515625
19 0.33251953125 0.0556640625 0.0947265625 0.111328125
17 0.47509765625 0.056640625 0.0947265625 0.11328125
22 0.61865234375 0.04736328125 0.0947265625 0.0947265625
12 0.76123046875 0.0458984375 0.0947265625 0.091796875
29 0.90380859375 0.041015625 0.0947265625 0.08203125
30 0.04736328125 0.1884765625 0.0947265625 0.091796875
7 0.18994140625 0.1962890625 0.0947265625 0.107421875
23 0.33251953125 0.201171875 0.0947265625 0.1171875
24 0.47509765625 0.18701171875 0.0947265625 0.0888671875
5 0.61865234375 0.18408203125 0.0947265625 0.0830078125
26 0.76123046875 0.1875 0.0947265625 0.08984375
2 0.90380859375 0.19140625 0.0947265625 0.09765625
18 0.04736328125 0.341796875 0.0947265625 0.11328125
10 0.18994140625 0.34033203125 0.0947265625 0.1103515625
2 0.33251953125 0.3271484375 0.0947265625 0.083984375
30 0.47509765625 0.3271484375 0.0947265625 0.083984375
3 0.61865234375 0.326171875 0.0947265625 0.08203125
23 0.76123046875 0.328125 0.0947265625 0.0859375
5 0.90380859375 0.3369140625 0.0947265625 0.103515625
18 0.04736328125 0.47509765625 0.0947265625 0.0947265625
11 0.18994140625 0.47705078125 0.0947265625 0.0986328125
6 0.33251953125 0.482421875 0.0947265625 0.109375
12 0.47509765625 0.47314453125 0.0947265625 0.0908203125
3 0.61865234375 0.46728515625 0.0947265625 0.0791015625
26 0.76123046875 0.4736328125 0.0947265625 0.091796875
21 0.90380859375 0.47802734375 0.0947265625 0.1005859375
28 0.04736328125 0.62939453125 0.0947265625 0.1162109375
23 0.18994140625 0.6279296875 0.0947265625 0.11328125
29 0.33251953125 0.6240234375 0.0947265625 0.10546875
13 0.47509765625 0.62060546875 0.0947265625 0.0986328125
3 0.61865234375 0.63330078125 0.0947265625 0.1240234375
20 0.76123046875 0.60888671875 0.0947265625 0.0751953125
6 0.90380859375 0.61328125 0.0947265625 0.083984375
20 0.04736328125 0.76318359375 0.0947265625 0.0986328125
28 0.18994140625 0.759765625 0.0947265625 0.091796875
17 0.33251953125 0.7578125 0.0947265625 0.087890625
33 0.47509765625 0.77587890625 0.0947265625 0.1240234375
8 0.61865234375 0.7529296875 0.0947265625 0.078125
22 0.76123046875 0.76318359375 0.0947265625 0.0986328125
14 0.90380859375 0.7724609375 0.0947265625 0.1171875
9 0.04736328125 0.89794921875 0.0947265625 0.0830078125
0 0.18994140625 0.89599609375 0.0947265625 0.0791015625
31 0.33251953125 0.8935546875 0.0947265625 0.07421875
11 0.47509765625 0.90625 0.0947265625 0.099609375
22 0.61865234375 0.9052734375 0.0947265625 0.09765625
8 0.76123046875 0.912109375 0.0947265625 0.111328125
19 0.90380859375 0.89599609375 0.0947265625 0.0791015625
