13 0.04150390625 0.04931640625 0.0830078125 0.0986328125
21 0.16650390625 0.03759765625 0.0830078125 0.0751953125
23 0.29150390625 0.03466796875 0.0830078125 0.0693359375
25 0.41650390625 0.04150390625 0.0830078125 0.0830078125
32 0.54150390625 0.03466796875 0.0830078125 0.0693359375
13 0.66650390625 0.04736328125 0.0830078125 0.0947265625
14 0.79150390625 0.0478515625 0.0830078125 0.095703125
7 0.91650390625 0.037109375 0.0830078125 0.07421875
25 0.04150390625 0.16796875 0.0830078125 0.0859375
11 0.16650390625 0.162109375 0.0830078125 0.07421875
4 0.29150390625 0.1640625 0.0830078125 0.078125
23 0.41650390625 0.1689453125 0.0830078125 0.087890625
21 0.54150390625 0.1572265625 0.0830078125 0.064453125
20 0.66650390625 0.17041015625 0.0830078125 0.0908203125
18 0.79150390625 0.16015625 0.0830078125 0.0703125
22 0.91650390625 0.166015625 0.0830078125 0.08203125
4 0.04150390625 0.2900390625 0.0830078125 0.080078125
25 0.16650390625 0.28759765625 0.0830078125 0.0751953125
19 0.29150390625 0.28173828125 0.0830078125 0.0634765625
2 0.41650390625 0.294921875 0.0830078125 0.08984375
14 0.54150390625 0.29150390625 0.0830078125 0.0830078125
16 0.66650390625 0.294921875 0.0830078125 0.08984375
30 0.79150390625 0.29296875 0.0830078125 0.0859375
2 0.91650390625 0.28564453125 0.0830078125 0.0712890625
30 0.04150390625 0.419921875 0.0830078125 0.08984375
2 0.16650390625 0.41650390625 0.0830078125 0.0830078125
0 0.29150390625 0.42578125 0.0830078125 0.1015625
14 0.41650390625 0.41015625 0.0830078125 0.0703125
29 0.54150390625 0.41796875 0.0830078125 0.0859375
22 0.66650390625 0.42822265625 0.0830078125 0.1064453125
21 0.79150390625 0.4189453125 0.0830078125 0.087890625
19 0.91650390625 0.41796875 0.0830078125 0.0859375
24 0.04150390625 0.5361328125 0.0830078125 0.072265625
22 0.16650390625 0.54736328125 0.0830078125 0.0947265625
27 0.29150390625 0.5380859375 0.0830078125 0.076171875
12 0.41650390625 0.55419921875 0.0830078125 0.1083984375
2 0.54150390625 0.5400390625 0.0830078125 0.080078125
20 0.66650390625 0.55322265625 0.0830078125 0.1064453125
30 0.79150390625 0.55029296875 0.0830078125 0.1005859375
6 0.91650390625 0.54150390625 0.0830078125 0.0830078125
24 0.04150390625 0.66650390625 0.0830078125 0.0830078125
6 0.16650390625 0.662109375 0.0830078125 0.07421875
32 0.29150390625 0.6630859375 0.0830078125 0.076171875
9 0.41650390625 0.66015625 0.0830078125 0.0703125
0 0.54150390625 0.66552734375 0.0830078125 0.0810546875
26 0.66650390625 0.662109375 0.0830078125 0.07421875
21 0.79150390625 0.6767578125 0.0830078125 0.103515625
15 0.91650390625 0.66552734375 0.0830078125 0.0810546875
6 0.04150390625 0.79443359375 0.0830078125 0.0888671875
3 0.16650390625 0.8046875 0.0830078125 0.109375
12 0.29150390625 0.7880859375 0.0830078125 0.076171875
15 0.41650390625 0.79150390625 0.0830078125 0.0830078125
8 0.54150390625 0.7890625 0.0830078125 0.078125
0 0.66650390625 0.80224609375 0.0830078125 0.1044921875
29 0.79150390625 0.796875 0.0830078125 0.09375
14 0.91650390625 0.7880859375 0.0830078125 0.076171875
11 0.04150390625 0.91650390625 0.0830078125 0.0830078125
28 0.16650390625 0.9091796875 0.0830078125 0.068359375
13 0.29150390625 0.9228515625 0.0830078125 0.095703125
2 0.41650390625 0.91650390625 0.0830078125 0.0830078125
18 0.54150390625 0.90966796875 0.0830078125 0.0693359375
11 0.66650390625 0.91650390625 0.0830078125 0.0830078125
5 0.79150390625 0.9150390625 0.0830078125 0.080078125
24 0.91650390625 0.91357421875 0.0830078125 0.0771484375
