12 0.0830078125 0.08984375 0.166015625 0.1796875
31 0.3330078125 0.103515625 0.166015625 0.20703125
33 0.5830078125 0.07373046875 0.166015625 0.1474609375
23 0.8330078125 0.08984375 0.166015625 0.1796875
20 0.0830078125 0.32177734375 0.166015625 0.1435546875
30 0.3330078125 0.32861328125 0.166015625 0.1572265625
1 0.5830078125 0.35205078125 0.166015625 0.2041015625
21 0.8330078125 0.328125 0.166015625 0.15625
22 0.0830078125 0.580078125 0.166015625 0.16015625
31 0.3330078125 0.5869140625 0.166015625 0.173828125
29 0.5830078125 0.564453125 0.166015625 0.12890625
12 0.8330078125 0.57763671875 0.166015625 0.1552734375
3 0.0830078125 0.8486328125 0.166015625 0.197265625
32 0.3330078125 0.8173828125 0.166015625 0.134765625
13 0.5830078125 0.8193359375 0.166015625 0.138671875
23 0.8330078125 0.83349609375 0.166015625 0.1669921875
