2 0.0830078125 0.09130859375 0.166015625 0.1826171875
18 0.3330078125 0.0712890625 0.166015625 0.142578125
21 0.5830078125 0.07861328125 0.166015625 0.1572265625
33 0.8330078125 0.08837890625 0.166015625 0.1767578125
11 0.0830078125 0.34326171875 0.166015625 0.1865234375
0 0.3330078125 0.353515625 0.166015625 0.20703125
26 0.5830078125 0.333984375 0.166015625 0.16796875
5 0.8330078125 0.33544921875 0.166015625 0.1708984375
18 0.0830078125 0.56689453125 0.166015625 0.1337890625
5 0.3330078125 0.58447265625 0.166015625 0.1689453125
20 0.5830078125 0.56396484375 0.166015625 0.1279296875
12 0.8330078125 0.5830078125 0.166015625 0.166015625
20 0.0830078125 0.84619140625 0.166015625 0.1923828125
10 0.3330078125 0.85986328125 0.166015625 0.2197265625
19 0.5830078125 0.8359375 0.166015625 0.171875
30 0.8330078125 0.83642578125 0.166015625 0.1728515625
