15 0.0830078125 0.099609375 0.166015625 0.19921875
32 0.3330078125 0.07373046875 0.166015625 0.1474609375
10 0.5830078125 0.10498046875 0.166015625 0.2099609375
28 0.8330078125 0.07568359375 0.166015625 0.1513671875
5 0.0830078125 0.337890625 0.166015625 0.17578125
25 0.3330078125 0.3369140625 0.166015625 0.173828125
30 0.5830078125 0.3505859375 0.166015625 0.201171875
21 0.8330078125 0.33447265625 0.166015625 0.1689453125
32 0.0830078125 0.57373046875 0.166015625 0.1474609375
19 0.3330078125 0.6005859375 0.166015625 0.201171875
10 0.5830078125 0.59521484375 0.166015625 0.1904296875
31 0.8330078125 0.59423828125 0.166015625 0.1884765625
24 0.0830078125 0.82373046875 0.166015625 0.1474609375
25 0.3330078125 0.83642578125 0.166015625 0.1728515625
28 0.5830078125 0.82763671875 0.166015625 0.1552734375
30 0.8330078125 0.81494140625 0.166015625 0.1298828125
