31 0.04150390625 0.04345703125 0.0830078125 0.0869140625
6 0.16650390625 0.03369140625 0.0830078125 0.0673828125
5 0.29150390625 0.04736328125 0.0830078125 0.0947265625
29 0.41650390625 0.0390625 0.0830078125 0.078125
3 0.54150390625 0.041015625 0.0830078125 0.08203125
21 0.66650390625 0.04931640625 0.0830078125 0.0986328125
26 0.79150390625 0.03759765625 0.0830078125 0.0751953125
32 0.91650390625 0.0341796875 0.0830078125 0.068359375
31 0.04150390625 0.16845703125 0.0830078125 0.0869140625
0 0.16650390625 0.17138671875 0.0830078125 0.0927734375
32 0.29150390625 0.17578125 0.0830078125 0.1015625
9 0.41650390625 0.16259765625 0.0830078125 0.0751953125
7 0.54150390625 0.1640625 0.0830078125 0.078125
1 0.66650390625 0.173828125 0.0830078125 0.09765625
29 0.79150390625 0.1572265625 0.0830078125 0.064453125
8 0.91650390625 0.15966796875 0.0830078125 0.0693359375
7 0.04150390625 0.2841796875 0.0830078125 0.068359375
0 0.16650390625 0.28564453125 0.0830078125 0.0712890625
11 0.29150390625 0.2939453125 0.0830078125 0.087890625
11 0.41650390625 0.29052734375 0.0830078125 0.0810546875
9 0.54150390625 0.2880859375 0.0830078125 0.076171875
12 0.66650390625 0.28857421875 0.0830078125 0.0771484375
29 0.79150390625 0.28076171875 0.0830078125 0.0615234375
28 0.91650390625 0.3017578125 0.0830078125 0.103515625
20 0.04150390625 0.4150390625 0.0830078125 0.080078125
20 0.16650390625 0.4228515625 0.0830078125 0.095703125
5 0.29150390625 0.408203125 0.0830078125 0.06640625
15 0.41650390625 0.4150390625 0.0830078125 0.080078125
3 0.54150390625 0.42138671875 0.0830078125 0.0927734375
4 0.66650390625 0.412109375 0.0830078125 0.07421875
33 0.79150390625 0.42138671875 0.0830078125 0.0927734375
24 0.91650390625 0.412109375 0.0830078125 0.07421875
18 0.04150390625 0.53955078125 0.0830078125 0.0791015625
10 0.16650390625 0.53271484375 0.0830078125 0.0654296875
17 0.29150390625 0.55029296875 0.0830078125 0.1005859375
32 0.41650390625 0.54296875 0.0830078125 0.0859375
15 0.54150390625 0.53173828125 0.0830078125 0.0634765625
19 0.66650390625 0.544921875 0.0830078125 0.08984375
20 0.79150390625 0.53466796875 0.0830078125 0.0693359375
21 0.91650390625 0.54296875 0.0830078125 0.0859375
8 0.04150390625 0.66162109375 0.0830078125 0.0732421875
23 0.16650390625 0.6767578125 0.0830078125 0.103515625
14 0.29150390625 0.67578125 0.0830078125 0.1015625
0 0.41650390625 0.66650390625 0.0830078125 0.0830078125
21 0.54150390625 0.67822265625 0.0830078125 0.1064453125
15 0.66650390625 0.6728515625 0.0830078125 0.095703125
26 0.79150390625 0.662109375 0.0830078125 0.07421875
10 0.91650390625 0.67236328125 0.0830078125 0.0947265625
17 0.04150390625 0.78759765625 0.0830078125 0.0751953125
8 0.16650390625 0.79736328125 0.0830078125 0.0947265625
22 0.29150390625 0.79296875 0.0830078125 0.0859375
0 0.41650390625 0.8017578125 0.0830078125 0.103515625
23 0.54150390625 0.78173828125 0.0830078125 0.0634765625
8 0.66650390625 0.791015625 0.0830078125 0.08203125
4 0.79150390625 0.7978515625 0.0830078125 0.095703125
28 0.91650390625 0.78955078125 0.0830078125 0.0791015625
30 0.04150390625 0.91357421875 0.0830078125 0.0771484375
33 0.16650390625 0.9130859375 0.0830078125 0.076171875
17 0.29150390625 0.92724609375 0.0830078125 0.1044921875
28 0.41650390625 0.91748046875 0.0830078125 0.0849609375
17 0.54150390625 0.908203125 0.0830078125 0.06640625
24 0.66650390625 0.90625 0.0830078125 0.0625
31 0.79150390625 0.9091796875 0.0830078125 0.068359375
6 0.91650390625 0.908203125 0.0830078125 0.06640625
