30 0.04736328125 0.04638671875 0.0947265625 0.0927734375
20 0.18994140625 0.0439453125 0.0947265625 0.087890625
11 0.33251953125 0.041015625 0.0947265625 0.08203125
24 0.47509765625 0.03955078125 0.0947265625 0.0791015625
5 0.61865234375 0.048828125 0.0947265625 0.09765625
0 0.76123046875 0.03759765625 0.0947265625 0.0751953125
20 0.90380859375 0.03955078125 0.0947265625 0.0791015625
30 0.04736328125 0.17919921875 0.0947265625 0.0732421875
12 0.18994140625 0.18115234375 0.0947265625 0.0771484375
19 0.33251953125 0.18359375 0.0947265625 0.08203125
32 0.47509765625 0.1953125 0.0947265625 0.10546875
28 0.61865234375 0.18017578125 0.0947265625 0.0751953125
12 0.76123046875 0.18994140625 0.0947265625 0.0947265625
10 0.90380859375 0.1884765625 0.0947265625 0.091796875
3 0.04736328125 0.326171875 0.0947265625 0.08203125
20 0.18994140625 0.32763671875 0.0947265625 0.0849609375
11 0.33251953125 0.337890625 0.0947265625 0.10546875
7 0.47509765625 0.32275390625 0.0947265625 0.0751953125
4 0.61865234375 0.3388671875 0.0947265625 0.107421875
24 0.76123046875 0.337890625 0.0947265625 0.10546875
8 0.90380859375 0.33984375 0.0947265625 0.109375
8 0.04736328125 0.47705078125 0.0947265625 0.0986328125
20 0.18994140625 0.4697265625 0.0947265625 0.083984375
32 0.33251953125 0.4736328125 0.0947265625 0.091796875
32 0.47509765625 0.46337890625 0.0947265625 0.0712890625
30 0.61865234375 0.474609375 0.0947265625 0.09375
1 0.76123046875 0.46826171875 0.0947265625 0.0810546875
7 0.90380859375 0.48046875 0.0947265625 0.10546875
14 0.04736328125 0.6142578125 0.0947265625 0.0859375
33 0.18994140625 0.61083984375 0.0947265625 0.0791015625
12 0.33251953125 0.62646484375 0.0947265625 0.1103515625
15 0.47509765625 0.634765625 0.0947265625 0.126953125
24 0.61865234375 0.6259765625 0.0947265625 0.109375
17 0.76123046875 0.6171875 0.0947265625 0.091796875
2 0.90380859375 0.6279296875 0.0947265625 0.11328125
8 0.04736328125 0.75048828125 0.0947265625 0.0732421875
28 0.18994140625 0.75341796875 0.0947265625 0.0791015625
31 0.33251953125 0.76171875 0.0947265625 0.095703125
26 0.47509765625 0.75439453125 0.0947265625 0.0810546875
28 0.61865234375 0.76025390625 0.0947265625 0.0927734375
18 0.76123046875 0.763671875 0.0947265625 0.099609375
3 0.90380859375 0.77197265625 0.0947265625 0.1162109375
14 0.04736328125 0.8974609375 0.0947265625 0.08203125
3 0.18994140625 0.908203125 0.0947265625 0.103515625
14 0.33251953125 0.9130859375 0.0947265625 0.11328125
16 0.47509765625 0.8955078125 0.0947265625 0.078125
31 0.61865234375 0.90625 0.0947265625 0.099609375
14 0.76123046875 0.8955078125 0.0947265625 0.078125
14 0.90380859375 0.9130859375 0.0947265625 0.11328125
