8 0.05517578125 0.0576171875 0.1103515625 0.115234375
15 0.22119140625 0.0595703125 0.1103515625 0.119140625
10 0.38818359375 0.0537109375 0.1103515625 0.107421875
10 0.55517578125 0.0498046875 0.1103515625 0.099609375
5 0.72119140625 0.0458984375 0.1103515625 0.091796875
24 0.88818359375 0.048828125 0.1103515625 0.09765625
30 0.05517578125 0.224609375 0.1103515625 0.1171875
24 0.22119140625 0.2255859375 0.1103515625 0.119140625
9 0.38818359375 0.212890625 0.1103515625 0.09375
25 0.55517578125 0.21484375 0.1103515625 0.09765625
18 0.72119140625 0.2080078125 0.1103515625 0.083984375
23 0.88818359375 0.2119140625 0.1103515625 0.091796875
7 0.05517578125 0.39306640625 0.1103515625 0.1201171875
10 0.22119140625 0.39453125 0.1103515625 0.123046875
25 0.38818359375 0.40185546875 0.1103515625 0.1376953125
17 0.55517578125 0.396484375 0.1103515625 0.126953125
18 0.72119140625 0.384765625 0.1103515625 0.103515625
19 0.88818359375 0.39892578125 0.1103515625 0.1318359375
32 0.05517578125 0.55078125 0.1103515625 0.1015625
20 0.22119140625 0.5439453125 0.1103515625 0.087890625
31 0.38818359375 0.57080078125 0.1103515625 0.1416015625
20 0.55517578125 0.54736328125 0.1103515625 0.0947265625
21 0.72119140625 0.548828125 0.1103515625 0.09765625
7 0.88818359375 0.5537109375 0.1103515625 0.107421875
21 0.05517578125 0.72705078125 0.1103515625 0.1220703125
19 0.22119140625 0.7236328125 0.1103515625 0.115234375
25 0.38818359375 0.72314453125 0.1103515625 0.1142578125
4 0.55517578125 0.73583984375 0.1103515625 0.1396484375
6 0.72119140625 0.72802734375 0.1103515625 0.1240234375
12 0.88818359375 0.72412109375 0.1103515625 0.1162109375
29 0.05517578125 0.8779296875 0.1103515625 0.08984375
11 0.22119140625 0.90380859375 0.1103515625 0.1416015625
33 0.38818359375 0.8828125 0.1103515625 0.099609375
27 0.55517578125 0.88623046875 0.1103515625 0.1064453125
27 0.72119140625 0.89697265625 0.1103515625 0.1279296875
19 0.88818359375 0.89013671875 0.1103515625 0.1142578125
