31 0.0830078125 0.0830078125 0.166015625 0.166015625
0 0.3330078125 0.10595703125 0.166015625 0.2119140625
13 0.5830078125 0.10595703125 0.166015625 0.2119140625
2 0.8330078125 0.0927734375 0.166015625 0.185546875
30 0.0830078125 0.314453125 0.166015625 0.12890625
5 0.3330078125 0.33447265625 0.166015625 0.1689453125
32 0.5830078125 0.3212890625 0.166015625 0.142578125
31 0.8330078125 0.31298828125 0.166015625 0.1259765625
24 0.0830078125 0.57421875 0.166015625 0.1484375
24 0.3330078125 0.5791015625 0.166015625 0.158203125
17 0.5830078125 0.59619140625 0.166015625 0.1923828125
11 0.8330078125 0.595703125 0.166015625 0.19140625
19 0.0830078125 0.83642578125 0.166015625 0.1728515625
27 0.3330078125 0.841796875 0.166015625 0.18359375
15 0.5830078125 0.8486328125 0.166015625 0.197265625
6 0.8330078125 0.814453125 0.166015625 0.12890625
