15 0.0830078125 0.09130859375 0.166015625 0.1826171875
11 0.3330078125 0.0810546875 0.166015625 0.162109375
32 0.5830078125 0.099609375 0.166015625 0.19921875
20 0.8330078125 0.076171875 0.166015625 0.15234375
28 0.0830078125 0.3310546875 0.166015625 0.162109375
3 0.3330078125 0.32666015625 0.166015625 0.1533203125
33 0.5830078125 0.33154296875 0.166015625 0.1630859375
24 0.8330078125 0.3359375 0.166015625 0.171875
12 0.0830078125 0.5986328125 0.166015625 0.197265625
25 0.3330078125 0.58056640625 0.166015625 0.1611328125
18 0.5830078125 0.5830078125 0.166015625 0.166015625
3 0.8330078125 0.583984375 0.166015625 0.16796875
24 0.0830078125 0.837890625 0.166015625 0.17578125
25 0.3330078125 0.82177734375 0.166015625 0.1435546875
22 0.5830078125 0.826171875 0.166015625 0.15234375
17 0.8330078125 0.8193359375 0.166015625 0.138671875
