24 0.0830078125 0.07373046875 0.166015625 0.1474609375
7 0.3330078125 0.09521484375 0.166015625 0.1904296875
11 0.5830078125 0.11083984375 0.166015625 0.2216796875
20 0.8330078125 0.08544921875 0.166015625 0.1708984375
28 0.0830078125 0.33154296875 0.166015625 0.1630859375
10 0.3330078125 0.314453125 0.166015625 0.12890625
18 0.5830078125 0.33544921875 0.166015625 0.1708984375
14 0.8330078125 0.3369140625 0.166015625 0.173828125
1 0.0830078125 0.58642578125 0.166015625 0.1728515625
8 0.3330078125 0.607421875 0.166015625 0.21484375
10 0.5830078125 0.57373046875 0.166015625 0.1474609375
14 0.8330078125 0.587890625 0.166015625 0.17578125
5 0.0830078125 0.82080078125 0.166015625 0.1416015625
12 0.3330078125 0.82666015625 0.166015625 0.1533203125
23 0.5830078125 0.84912109375 0.166015625 0.1982421875
16 0.8330078125 0.84326171875 0.166015625 0.1865234375
