23 0.05517578125 0.05419921875 0.1103515625 0.1083984375
4 0.22119140625 0.056640625 0.1103515625 0.11328125
26 0.38818359375 0.0576171875 0.1103515625 0.115234375
4 0.55517578125 0.06201171875 0.1103515625 0.1240234375
7 0.72119140625 0.0556640625 0.1103515625 0.111328125
24 0.88818359375 0.0546875 0.1103515625 0.109375
10 0.05517578125 0.2138671875 0.1103515625 0.095703125
32 0.22119140625 0.2177734375 0.1103515625 0.103515625
1 0.38818359375 0.21826171875 0.1103515625 0.1044921875
33 0.55517578125 0.21484375 0.1103515625 0.09765625
7 0.72119140625 0.2255859375 0.1103515625 0.119140625
30 0.88818359375 0.2158203125 0.1103515625 0.099609375
14 0.05517578125 0.3818359375 0.1103515625 0.09765625
8 0.22119140625 0.3955078125 0.1103515625 0.125
27 0.38818359375 0.3759765625 0.1103515625 0.0859375
10 0.55517578125 0.3759765625 0.1103515625 0.0859375
11 0.72119140625 0.39501953125 0.1103515625 0.1240234375
26 0.88818359375 0.3916015625 0.1103515625 0.1171875
0 0.05517578125 0.55419921875 0.1103515625 0.1083984375
0 0.22119140625 0.56494140625 0.1103515625 0.1298828125
28 0.38818359375 0.55078125 0.1103515625 0.1015625
21 0.55517578125 0.5625 0.1103515625 0.125
18 0.72119140625 0.55419921875 0.1103515625 0.1083984375
9 0.88818359375 0.54296875 0.1103515625 0.0859375
25 0.05517578125 0.73095703125 0.1103515625 0.1298828125
4 0.22119140625 0.72119140625 0.1103515625 0.1103515625
13 0.38818359375 0.716796875 0.1103515625 0.1015625
29 0.55517578125 0.7138671875 0.1103515625 0.095703125
33 0.72119140625 0.72216796875 0.1103515625 0.1123046875
0 0.88818359375 0.72802734375 0.1103515625 0.1240234375
0 0.05517578125 0.8759765625 0.1103515625 0.0859375
23 0.22119140625 0.8916015625 0.1103515625 0.1171875
10 0.38818359375 0.8916015625 0.1103515625 0.1171875
14 0.55517578125 0.892578125 0.1103515625 0.119140625
24 0.72119140625 0.89404296875 0.1103515625 0.1220703125
2 0.88818359375 0.88427734375 0.1103515625 0.1025390625
