9 0.04736328125 0.04248046875 0.0947265625 0.0849609375
4 0.18994140625 0.04736328125 0.0947265625 0.0947265625
5 0.33251953125 0.056640625 0.0947265625 0.11328125
12 0.47509765625 0.05029296875 0.0947265625 0.1005859375
26 0.61865234375 0.037109375 0.0947265625 0.07421875
27 0.76123046875 0.04296875 0.0947265625 0.0859375
7 0.90380859375 0.0439453125 0.0947265625 0.087890625
11 0.04736328125 0.1884765625 0.0947265625 0.091796875
4 0.18994140625 0.18212890625 0.0947265625 0.0791015625
3 0.33251953125 0.1904296875 0.0947265625 0.095703125
0 0.47509765625 0.189453125 0.0947265625 0.09375
15 0.61865234375 0.1953125 0.0947265625 0.10546875
10 0.76123046875 0.20068359375 0.0947265625 0.1162109375
28 0.90380859375 0.18505859375 0.0947265625 0.0849609375
25 0.04736328125 0.33154296875 0.0947265625 0.0927734375
24 0.18994140625 0.3310546875 0.0947265625 0.091796875
15 0.33251953125 0.33349609375 0.0947265625 0.0966796875
28 0.47509765625 0.32763671875 0.0947265625 0.0849609375
3 0.61865234375 0.3310546875 0.0947265625 0.091796875
15 0.76123046875 0.32763671875 0.0947265625 0.0849609375
25 0.90380859375 0.3310546875 0.0947265625 0.091796875
5 0.04736328125 0.4658203125 0.0947265625 0.076171875
20 0.18994140625 0.4755859375 0.0947265625 0.095703125
22 0.33251953125 0.4765625 0.0947265625 0.09765625
24 0.47509765625 0.4765625 0.0947265625 0.09765625
32 0.61865234375 0.4658203125 0.0947265625 0.076171875
32 0.76123046875 0.4755859375 0.0947265625 0.095703125
10 0.90380859375 0.478515625 0.0947265625 0.1015625
5 0.04736328125 0.62646484375 0.0947265625 0.1103515625
33 0.18994140625 0.62646484375 0.0947265625 0.1103515625
23 0.33251953125 0.6259765625 0.0947265625 0.109375
0 0.47509765625 0.62939453125 0.0947265625 0.1162109375
4 0.61865234375 0.62109375 0.0947265625 0.099609375
30 0.76123046875 0.6162109375 0.0947265625 0.08984375
24 0.90380859375 0.615234375 0.0947265625 0.087890625
31 0.04736328125 0.7607421875 0.0947265625 0.09375
4 0.18994140625 0.76953125 0.0947265625 0.111328125
13 0.33251953125 0.75830078125 0.0947265625 0.0888671875
28 0.47509765625 0.76123046875 0.0947265625 0.0947265625
25 0.61865234375 0.759765625 0.0947265625 0.091796875
25 0.76123046875 0.7607421875 0.0947265625 0.09375
18 0.90380859375 0.75732421875 0.0947265625 0.0869140625
2 0.04736328125 0.9072265625 0.0947265625 0.1015625
28 0.18994140625 0.8955078125 0.0947265625 0.078125
12 0.33251953125 0.90380859375 0.0947265625 0.0947265625
11 0.47509765625 0.9150390625 0.0947265625 0.1171875
22 0.61865234375 0.90771484375 0.0947265625 0.1025390625
21 0.76123046875 0.89306640625 0.0947265625 0.0732421875
0 0.90380859375 0.91455078125 0.0947265625 0.1162109375
