10 0.04736328125 0.04541015625 0.0947265625 0.0908203125
18 0.18994140625 0.04052734375 0.0947265625 0.0810546875
33 0.33251953125 0.03759765625 0.0947265625 0.0751953125
12 0.47509765625 0.04443359375 0.0947265625 0.0888671875
1 0.61865234375 0.04296875 0.0947265625 0.0859375
2 0.76123046875 0.04931640625 0.0947265625 0.0986328125
11 0.90380859375 0.04541015625 0.0947265625 0.0908203125
12 0.04736328125 0.18115234375 0.0947265625 0.0771484375
7 0.18994140625 0.1845703125 0.0947265625 0.083984375
21 0.33251953125 0.18017578125 0.0947265625 0.0751953125
8 0.47509765625 0.17919921875 0.0947265625 0.0732421875
10 0.61865234375 0.20263671875 0.0947265625 0.1201171875
31 0.76123046875 0.19287109375 0.0947265625 0.1005859375
8 0.90380859375 0.1904296875 0.0947265625 0.095703125
14 0.04736328125 0.33447265625 0.0947265625 0.0986328125
12 0.18994140625 0.34326171875 0.0947265625 0.1162109375
4 0.33251953125 0.337890625 0.0947265625 0.10546875
3 0.47509765625 0.3330078125 0.0947265625 0.095703125
7 0.61865234375 0.32470703125 0.0947265625 0.0791015625
29 0.76123046875 0.33251953125 0.0947265625 0.0947265625
3 0.90380859375 0.3291015625 0.0947265625 0.087890625
27 0.04736328125 0.4755859375 0.0947265625 0.095703125
1 0.18994140625 0.4736328125 0.0947265625 0.091796875
22 0.33251953125 0.4765625 0.0947265625 0.09765625
33 0.47509765625 0.48046875 0.0947265625 0.10546875
2 0.61865234375 0.4697265625 0.0947265625 0.083984375
21 0.76123046875 0.4736328125 0.0947265625 0.091796875
17 0.90380859375 0.48046875 0.0947265625 0.10546875
29 0.04736328125 0.6298828125 0.0947265625 0.1171875
17 0.18994140625 0.62939453125 0.0947265625 0.1162109375
16 0.33251953125 0.6240234375 0.0947265625 0.10546875
6 0.47509765625 0.6123046875 0.0947265625 0.08203125
21 0.61865234375 0.619140625 0.0947265625 0.095703125
23 0.76123046875 0.6123046875 0.0947265625 0.08203125
31 0.90380859375 0.63134765625 0.0947265625 0.1201171875
4 0.04736328125 0.7548828125 0.0947265625 0.08203125
29 0.18994140625 0.75634765625 0.0947265625 0.0849609375
27 0.33251953125 0.76318359375 0.0947265625 0.0986328125
19 0.47509765625 0.765625 0.0947265625 0.103515625
0 0.61865234375 0.75146484375 0.0947265625 0.0751953125
4 0.76123046875 0.76416015625 0.0947265625 0.1005859375
11 0.90380859375 0.76416015625 0.0947265625 0.1005859375
32 0.04736328125 0.916015625 0.0947265625 0.119140625
5 0.18994140625 0.8974609375 0.0947265625 0.08203125
2 0.33251953125 0.8984375 0.0947265625 0.083984375
27 0.47509765625 0.91015625 0.0947265625 0.107421875
13 0.61865234375 0.90673828125 0.0947265625 0.1005859375
11 0.76123046875 0.9150390625 0.0947265625 0.1171875
10 0.90380859375 0.90234375 0.0947265625 0.091796875
