13 0.05517578125 0.0576171875 0.1103515625 0.115234375
13 0.22119140625 0.068359375 0.1103515625 0.13671875
32 0.38818359375 0.06201171875 0.1103515625 0.1240234375
33 0.55517578125 0.0517578125 0.1103515625 0.103515625
8 0.72119140625 0.05224609375 0.1103515625 0.1044921875
0 0.88818359375 0.05322265625 0.1103515625 0.1064453125
20 0.05517578125 0.22314453125 0.1103515625 0.1142578125
33 0.22119140625 0.2373046875 0.1103515625 0.142578125
6 0.38818359375 0.224609375 0.1103515625 0.1171875
32 0.55517578125 0.22509765625 0.1103515625 0.1181640625
26 0.72119140625 0.2314453125 0.1103515625 0.130859375
21 0.88818359375 0.22509765625 0.1103515625 0.1181640625
7 0.05517578125 0.380859375 0.1103515625 0.095703125
27 0.22119140625 0.400390625 0.1103515625 0.134765625
27 0.38818359375 0.390625 0.1103515625 0.115234375
10 0.55517578125 0.38818359375 0.1103515625 0.1103515625
4 0.72119140625 0.3818359375 0.1103515625 0.09765625
26 0.88818359375 0.38720703125 0.1103515625 0.1083984375
6 0.05517578125 0.54833984375 0.1103515625 0.0966796875
16 0.22119140625 0.56494140625 0.1103515625 0.1298828125
11 0.38818359375 0.5595703125 0.1103515625 0.119140625
19 0.55517578125 0.5537109375 0.1103515625 0.107421875
7 0.72119140625 0.5458984375 0.1103515625 0.091796875
20 0.88818359375 0.5576171875 0.1103515625 0.115234375
21 0.05517578125 0.72021484375 0.1103515625 0.1083984375
14 0.22119140625 0.7255859375 0.1103515625 0.119140625
14 0.38818359375 0.71435546875 0.1103515625 0.0966796875
6 0.55517578125 0.72314453125 0.1103515625 0.1142578125
31 0.72119140625 0.70751953125 0.1103515625 0.0830078125
26 0.88818359375 0.7138671875 0.1103515625 0.095703125
17 0.05517578125 0.87646484375 0.1103515625 0.0869140625
15 0.22119140625 0.87451171875 0.1103515625 0.0830078125
26 0.38818359375 0.87744140625 0.1103515625 0.0888671875
33 0.55517578125 0.90283203125 0.1103515625 0.1396484375
15 0.72119140625 0.89794921875 0.1103515625 0.1298828125
28 0.88818359375 0.89794921875 0.1103515625 0.1298828125
