26 0.04736328125 0.0400390625 0.0947265625 0.080078125
1 0.18994140625 0.05029296875 0.0947265625 0.1005859375
27 0.33251953125 0.0595703125 0.0947265625 0.119140625
33 0.47509765625 0.0380859375 0.0947265625 0.076171875
1 0.61865234375 0.05029296875 0.0947265625 0.1005859375
16 0.76123046875 0.0478515625 0.0947265625 0.095703125
17 0.90380859375 0.052734375 0.0947265625 0.10546875
9 0.04736328125 0.18798828125 0.0947265625 0.0908203125
1 0.18994140625 0.1884765625 0.0947265625 0.091796875
19 0.33251953125 0.177734375 0.0947265625 0.0703125
10 0.47509765625 0.18603515625 0.0947265625 0.0869140625
9 0.61865234375 0.1806640625 0.0947265625 0.076171875
12 0.76123046875 0.193359375 0.0947265625 0.1015625
13 0.90380859375 0.1962890625 0.0947265625 0.107421875
27 0.04736328125 0.33984375 0.0947265625 0.109375
7 0.18994140625 0.32666015625 0.0947265625 0.0830078125
20 0.33251953125 0.34033203125 0.0947265625 0.1103515625
26 0.47509765625 0.33349609375 0.0947265625 0.0966796875
14 0.61865234375 0.3330078125 0.0947265625 0.095703125
29 0.76123046875 0.32177734375 0.0947265625 0.0732421875
8 0.90380859375 0.33984375 0.0947265625 0.109375
16 0.04736328125 0.4638671875 0.0947265625 0.072265625
18 0.18994140625 0.47216796875 0.0947265625 0.0888671875
13 0.33251953125 0.48291015625 0.0947265625 0.1103515625
10 0.47509765625 0.47607421875 0.0947265625 0.0966796875
30 0.61865234375 0.46923828125 0.0947265625 0.0830078125
12 0.76123046875 0.47265625 0.0947265625 0.08984375
13 0.90380859375 0.48583984375 0.0947265625 0.1162109375
15 0.04736328125 0.62939453125 0.0947265625 0.1162109375
8 0.18994140625 0.615234375 0.0947265625 0.087890625
27 0.33251953125 0.61572265625 0.0947265625 0.0888671875
23 0.47509765625 0.611328125 0.0947265625 0.080078125
18 0.61865234375 0.619140625 0.0947265625 0.095703125
17 0.76123046875 0.6298828125 0.0947265625 0.1171875
5 0.90380859375 0.60888671875 0.0947265625 0.0751953125
6 0.04736328125 0.7607421875 0.0947265625 0.09375
8 0.18994140625 0.767578125 0.0947265625 0.107421875
0 0.33251953125 0.7626953125 0.0947265625 0.09765625
20 0.47509765625 0.75341796875 0.0947265625 0.0791015625
0 0.61865234375 0.75537109375 0.0947265625 0.0830078125
24 0.76123046875 0.759765625 0.0947265625 0.091796875
2 0.90380859375 0.751953125 0.0947265625 0.076171875
29 0.04736328125 0.89990234375 0.0947265625 0.0869140625
7 0.18994140625 0.900390625 0.0947265625 0.087890625
22 0.33251953125 0.89794921875 0.0947265625 0.0830078125
10 0.47509765625 0.9072265625 0.0947265625 0.1015625
25 0.61865234375 0.89990234375 0.0947265625 0.0869140625
14 0.76123046875 0.90625 0.0947265625 0.099609375
23 0.90380859375 0.9052734375 0.0947265625 0.09765625
