28 0.04150390625 0.0419921875 0.0830078125 0.083984375
2 0.16650390625 0.05322265625 0.0830078125 0.1064453125
9 0.29150390625 0.04052734375 0.0830078125 0.0810546875
15 0.41650390625 0.05322265625 0.0830078125 0.1064453125
0 0.54150390625 0.033203125 0.0830078125 0.06640625
1 0.66650390625 0.03173828125 0.0830078125 0.0634765625
24 0.79150390625 0.04931640625 0.0830078125 0.0986328125
15 0.91650390625 0.05078125 0.0830078125 0.1015625
26 0.04150390625 0.17138671875 0.0830078125 0.0927734375
20 0.16650390625 0.17431640625 0.0830078125 0.0986328125
25 0.29150390625 0.16845703125 0.0830078125 0.0869140625
28 0.41650390625 0.17529296875 0.0830078125 0.1005859375
3 0.54150390625 0.1728515625 0.0830078125 0.095703125
17 0.66650390625 0.17138671875 0.0830078125 0.0927734375
5 0.79150390625 0.158203125 0.0830078125 0.06640625
4 0.91650390625 0.1650390625 0.0830078125 0.080078125
5 0.04150390625 0.28466796875 0.0830078125 0.0693359375
7 0.16650390625 0.28173828125 0.0830078125 0.0634765625
21 0.29150390625 0.2900390625 0.0830078125 0.080078125
30 0.41650390625 0.287109375 0.0830078125 0.07421875
10 0.54150390625 0.294921875 0.0830078125 0.08984375
0 0.66650390625 0.2900390625 0.0830078125 0.080078125
23 0.79150390625 0.2900390625 0.0830078125 0.080078125
31 0.91650390625 0.287109375 0.0830078125 0.07421875
17 0.04150390625 0.4169921875 0.0830078125 0.083984375
23 0.16650390625 0.423828125 0.0830078125 0.09765625
29 0.29150390625 0.412109375 0.0830078125 0.07421875
19 0.41650390625 0.4169921875 0.0830078125 0.083984375
18 0.54150390625 0.40869140625 0.0830078125 0.0673828125
7 0.66650390625 0.40625 0.0830078125 0.0625
6 0.79150390625 0.41259765625 0.0830078125 0.0751953125
9 0.91650390625 0.41552734375 0.0830078125 0.0810546875
3 0.04150390625 0.5439453125 0.0830078125 0.087890625
18 0.16650390625 0.54248046875 0.0830078125 0.0849609375
21 0.29150390625 0.548828125 0.0830078125 0.09765625
33 0.41650390625 0.53125 0.0830078125 0.0625
30 0.54150390625 0.5478515625 0.0830078125 0.095703125
30 0.66650390625 0.541015625 0.0830078125 0.08203125
23 0.79150390625 0.54052734375 0.0830078125 0.0810546875
15 0.91650390625 0.55029296875 0.0830078125 0.1005859375
19 0.04150390625 0.67431640625 0.0830078125 0.0986328125
17 0.16650390625 0.65673828125 0.0830078125 0.0634765625
32 0.29150390625 0.66650390625 0.0830078125 0.0830078125
20 0.41650390625 0.65869140625 0.0830078125 0.0673828125
30 0.54150390625 0.666015625 0.0830078125 0.08203125
15 0.66650390625 0.66552734375 0.0830078125 0.0810546875
4 0.79150390625 0.662109375 0.0830078125 0.07421875
18 0.91650390625 0.66796875 0.0830078125 0.0859375
6 0.04150390625 0.79638671875 0.0830078125 0.0927734375
30 0.16650390625 0.80078125 0.0830078125 0.1015625
33 0.29150390625 0.78564453125 0.0830078125 0.0712890625
13 0.41650390625 0.7822265625 0.0830078125 0.064453125
8 0.54150390625 0.79443359375 0.0830078125 0.0888671875
25 0.66650390625 0.7900390625 0.0830078125 0.080078125
28 0.79150390625 0.79296875 0.0830078125 0.0859375
17 0.91650390625 0.78759765625 0.0830078125 0.0751953125
1 0.04150390625 0.91748046875 0.0830078125 0.0849609375
4 0.16650390625 0.92431640625 0.0830078125 0.0986328125
7 0.29150390625 0.9140625 0.0830078125 0.078125
16 0.41650390625 0.92431640625 0.0830078125 0.0986328125
31 0.54150390625 0.90771484375 0.0830078125 0.0654296875
10 0.66650390625 0.90576171875 0.0830078125 0.0615234375
24 0.79150390625 0.912109375 0.0830078125 0.07421875
8 0.91650390625 0.90625 0.0830078125 0.0625
