12 0.04150390625 0.0546875 0.0830078125 0.109375
4 0.16650390625 0.03271484375 0.0830078125 0.0654296875
21 0.29150390625 0.041015625 0.0830078125 0.08203125
18 0.41650390625 0.041015625 0.0830078125 0.08203125
18 0.54150390625 0.03271484375 0.0830078125 0.0654296875
29 0.66650390625 0.03564453125 0.0830078125 0.0712890625
17 0.79150390625 0.0380859375 0.0830078125 0.076171875
23 0.91650390625 0.0361328125 0.0830078125 0.072265625
0 0.04150390625 0.16357421875 0.0830078125 0.0771484375
24 0.16650390625 0.15869140625 0.0830078125 0.0673828125
19 0.29150390625 0.1630859375 0.0830078125 0.076171875
24 0.41650390625 0.17041015625 0.0830078125 0.0908203125
23 0.54150390625 0.16845703125 0.0830078125 0.0869140625
18 0.66650390625 0.1728515625 0.0830078125 0.095703125
4 0.79150390625 0.1728515625 0.0830078125 0.095703125
23 0.91650390625 0.16455078125 0.0830078125 0.0791015625
24 0.04150390625 0.29150390625 0.0830078125 0.0830078125
27 0.16650390625 0.30224609375 0.0830078125 0.1044921875
29 0.29150390625 0.2939453125 0.0830078125 0.087890625
32 0.41650390625 0.30224609375 0.0830078125 0.1044921875
31 0.54150390625 0.29052734375 0.0830078125 0.0810546875
13 0.66650390625 0.2939453125 0.0830078125 0.087890625
7 0.79150390625 0.28271484375 0.0830078125 0.0654296875
10 0.91650390625 0.29638671875 0.0830078125 0.0927734375
13 0.04150390625 0.41552734375 0.0830078125 0.0810546875
29 0.16650390625 0.41796875 0.0830078125 0.0859375
26 0.29150390625 0.42041015625 0.0830078125 0.0908203125
20 0.41650390625 0.4267578125 0.0830078125 0.103515625
11 0.54150390625 0.42822265625 0.0830078125 0.1064453125
28 0.66650390625 0.42529296875 0.0830078125 0.1005859375
12 0.79150390625 0.4130859375 0.0830078125 0.076171875
9 0.91650390625 0.41748046875 0.0830078125 0.0849609375
0 0.04150390625 0.54150390625 0.0830078125 0.0830078125
21 0.16650390625 0.54150390625 0.0830078125 0.0830078125
7 0.29150390625 0.548828125 0.0830078125 0.09765625
28 0.41650390625 0.5390625 0.0830078125 0.078125
15 0.54150390625 0.537109375 0.0830078125 0.07421875
25 0.66650390625 0.5556640625 0.0830078125 0.111328125
33 0.79150390625 0.54638671875 0.0830078125 0.0927734375
21 0.91650390625 0.54296875 0.0830078125 0.0859375
22 0.04150390625 0.66015625 0.0830078125 0.0703125
5 0.16650390625 0.6630859375 0.0830078125 0.076171875
11 0.29150390625 0.66259765625 0.0830078125 0.0751953125
11 0.41650390625 0.6689453125 0.0830078125 0.087890625
4 0.54150390625 0.6630859375 0.0830078125 0.076171875
1 0.66650390625 0.66552734375 0.0830078125 0.0810546875
8 0.79150390625 0.6767578125 0.0830078125 0.103515625
16 0.91650390625 0.67431640625 0.0830078125 0.0986328125
3 0.04150390625 0.7939453125 0.0830078125 0.087890625
4 0.16650390625 0.78857421875 0.0830078125 0.0771484375
28 0.29150390625 0.79638671875 0.0830078125 0.0927734375
32 0.41650390625 0.78759765625 0.0830078125 0.0751953125
1 0.54150390625 0.7880859375 0.0830078125 0.076171875
30 0.66650390625 0.8017578125 0.0830078125 0.103515625
10 0.79150390625 0.8046875 0.0830078125 0.109375
4 0.91650390625 0.79296875 0.0830078125 0.0859375
31 0.04150390625 0.9189453125 0.0830078125 0.087890625
9 0.16650390625 0.91162109375 0.0830078125 0.0732421875
2 0.29150390625 0.908203125 0.0830078125 0.06640625
7 0.41650390625 0.90673828125 0.0830078125 0.0634765625
0 0.54150390625 0.9169921875 0.0830078125 0.083984375
25 0.66650390625 0.91748046875 0.0830078125 0.0849609375
30 0.79150390625 0.91943359375 0.0830078125 0.0888671875
0 0.91650390625 0.92431640625 0.0830078125 0.0986328125
