18 0.0830078125 0.06689453125 0.166015625 0.1337890625
8 0.3330078125 0.07763671875 0.166015625 0.1552734375
24 0.5830078125 0.0859375 0.166015625 0.171875
21 0.8330078125 0.06494140625 0.166015625 0.1298828125
15 0.0830078125 0.34033203125 0.166015625 0.1806640625
13 0.3330078125 0.33447265625 0.166015625 0.1689453125
29 0.5830078125 0.31787109375 0.166015625 0.1357421875
29 0.8330078125 0.35205078125 0.166015625 0.2041015625
19 0.0830078125 0.59130859375 0.166015625 0.1826171875
5 0.3330078125 0.5771484375 0.166015625 0.154296875
19 0.5830078125 0.572265625 0.166015625 0.14453125
23 0.8330078125 0.60498046875 0.166015625 0.2099609375
26 0.0830078125 0.82275390625 0.166015625 0.1455078125
25 0.3330078125 0.81689453125 0.166015625 0.1337890625
21 0.5830078125 0.8486328125 0.166015625 0.197265625
8 0.8330078125 0.85205078125 0.166015625 0.2041015625
