29 0.05517578125 0.0634765625 0.1103515625 0.126953125
26 0.22119140625 0.0546875 0.1103515625 0.109375
28 0.38818359375 0.0498046875 0.1103515625 0.099609375
14 0.55517578125 0.048828125 0.1103515625 0.09765625
3 0.72119140625 0.05078125 0.1103515625 0.1015625
17 0.88818359375 0.05078125 0.1103515625 0.1015625
31 0.05517578125 0.2158203125 0.1103515625 0.099609375
11 0.22119140625 0.212890625 0.1103515625 0.09375
24 0.38818359375 0.22119140625 0.1103515625 0.1103515625
32 0.55517578125 0.22119140625 0.1103515625 0.1103515625
29 0.72119140625 0.212890625 0.1103515625 0.09375
21 0.88818359375 0.2099609375 0.1103515625 0.087890625
23 0.05517578125 0.37890625 0.1103515625 0.091796875
19 0.22119140625 0.400390625 0.1103515625 0.134765625
12 0.38818359375 0.40283203125 0.1103515625 0.1396484375
5 0.55517578125 0.38671875 0.1103515625 0.107421875
24 0.72119140625 0.38671875 0.1103515625 0.107421875
6 0.88818359375 0.3857421875 0.1103515625 0.10546875
4 0.05517578125 0.5732421875 0.1103515625 0.146484375
16 0.22119140625 0.5498046875 0.1103515625 0.099609375
1 0.38818359375 0.5634765625 0.1103515625 0.126953125
23 0.55517578125 0.55322265625 0.1103515625 0.1064453125
16 0.72119140625 0.5634765625 0.1103515625 0.126953125
0 0.88818359375 0.5458984375 0.1103515625 0.091796875
25 0.05517578125 0.7138671875 0.1103515625 0.095703125
3 0.22119140625 0.72021484375 0.1103515625 0.1083984375
26 0.38818359375 0.7373046875 0.1103515625 0.142578125
20 0.55517578125 0.7099609375 0.1103515625 0.087890625
9 0.72119140625 0.734375 0.1103515625 0.13671875
15 0.88818359375 0.7197265625 0.1103515625 0.107421875
29 0.05517578125 0.90380859375 0.1103515625 0.1416015625
28 0.22119140625 0.8876953125 0.1103515625 0.109375
19 0.38818359375 0.880859375 0.1103515625 0.095703125
17 0.55517578125 0.89697265625 0.1103515625 0.1279296875
11 0.72119140625 0.88134765625 0.1103515625 0.0966796875
8 0.88818359375 0.90283203125 0.1103515625 0.1396484375
