23 0.04736328125 0.048828125 0.0947265625 0.09765625
8 0.18994140625 0.04931640625 0.0947265625 0.0986328125
19 0.33251953125 0.06005859375 0.0947265625 0.1201171875
27 0.47509765625 0.04296875 0.0947265625 0.0859375
31 0.61865234375 0.0458984375 0.0947265625 0.091796875
28 0.76123046875 0.04931640625 0.0947265625 0.0986328125
11 0.90380859375 0.0361328125 0.0947265625 0.072265625
14 0.04736328125 0.1884765625 0.0947265625 0.091796875
16 0.18994140625 0.1943359375 0.0947265625 0.103515625
32 0.33251953125 0.18359375 0.0947265625 0.08203125
5 0.47509765625 0.19921875 0.0947265625 0.11328125
21 0.61865234375 0.1982421875 0.0947265625 0.111328125
27 0.76123046875 0.1884765625 0.0947265625 0.091796875
8 0.90380859375 0.185546875 0.0947265625 0.0859375
22 0.04736328125 0.326171875 0.0947265625 0.08203125
12 0.18994140625 0.32373046875 0.0947265625 0.0771484375
19 0.33251953125 0.33154296875 0.0947265625 0.0927734375
19 0.47509765625 0.32470703125 0.0947265625 0.0791015625
8 0.61865234375 0.32763671875 0.0947265625 0.0849609375
12 0.76123046875 0.3388671875 0.0947265625 0.107421875
11 0.90380859375 0.3408203125 0.0947265625 0.111328125
13 0.04736328125 0.47607421875 0.0947265625 0.0966796875
3 0.18994140625 0.47509765625 0.0947265625 0.0947265625
29 0.33251953125 0.48486328125 0.0947265625 0.1142578125
5 0.47509765625 0.46630859375 0.0947265625 0.0771484375
4 0.61865234375 0.4873046875 0.0947265625 0.119140625
14 0.76123046875 0.46826171875 0.0947265625 0.0810546875
22 0.90380859375 0.47216796875 0.0947265625 0.0888671875
7 0.04736328125 0.62939453125 0.0947265625 0.1162109375
31 0.18994140625 0.6162109375 0.0947265625 0.08984375
32 0.33251953125 0.60693359375 0.0947265625 0.0712890625
32 0.47509765625 0.6123046875 0.0947265625 0.08203125
28 0.61865234375 0.63134765625 0.0947265625 0.1201171875
23 0.76123046875 0.62939453125 0.0947265625 0.1162109375
7 0.90380859375 0.62109375 0.0947265625 0.099609375
0 0.04736328125 0.75341796875 0.0947265625 0.0791015625
23 0.18994140625 0.75537109375 0.0947265625 0.0830078125
13 0.33251953125 0.7646484375 0.0947265625 0.1015625
22 0.47509765625 0.7568359375 0.0947265625 0.0859375
28 0.61865234375 0.77587890625 0.0947265625 0.1240234375
30 0.76123046875 0.75830078125 0.0947265625 0.0888671875
21 0.90380859375 0.75390625 0.0947265625 0.080078125
25 0.04736328125 0.90234375 0.0947265625 0.091796875
26 0.18994140625 0.912109375 0.0947265625 0.111328125
14 0.33251953125 0.8916015625 0.0947265625 0.0703125
10 0.47509765625 0.89892578125 0.0947265625 0.0849609375
7 0.61865234375 0.9111328125 0.0947265625 0.109375
2 0.76123046875 0.9091796875 0.0947265625 0.10546875
28 0.90380859375 0.90478515625 0.0947265625 0.0966796875
