27 0.05517578125 0.04833984375 0.1103515625 0.0966796875
30 0.22119140625 0.06103515625 0.1103515625 0.1220703125
16 0.38818359375 0.06982421875 0.1103515625 0.1396484375
1 0.55517578125 0.04345703125 0.1103515625 0.0869140625
1 0.72119140625 0.06103515625 0.1103515625 0.1220703125
16 0.88818359375 0.0615234375 0.1103515625 0.123046875
15 0.05517578125 0.2099609375 0.1103515625 0.087890625
21 0.22119140625 0.2236328125 0.1103515625 0.115234375
4 0.38818359375 0.22216796875 0.1103515625 0.1123046875
17 0.55517578125 0.22802734375 0.1103515625 0.1240234375
19 0.72119140625 0.228515625 0.1103515625 0.125
31 0.88818359375 0.2138671875 0.1103515625 0.095703125
12 0.05517578125 0.3828125 0.1103515625 0.099609375
2 0.22119140625 0.3818359375 0.1103515625 0.09765625
33 0.38818359375 0.39013671875 0.1103515625 0.1142578125
18 0.55517578125 0.3828125 0.1103515625 0.099609375
31 0.72119140625 0.39453125 0.1103515625 0.123046875
25 0.88818359375 0.3759765625 0.1103515625 0.0859375
23 0.05517578125 0.5517578125 0.1103515625 0.103515625
8 0.22119140625 0.55712890625 0.1103515625 0.1142578125
14 0.38818359375 0.5498046875 0.1103515625 0.099609375
6 0.55517578125 0.568359375 0.1103515625 0.13671875
0 0.72119140625 0.55419921875 0.1103515625 0.1083984375
29 0.88818359375 0.56591796875 0.1103515625 0.1318359375
33 0.05517578125 0.71875 0.1103515625 0.10546875
4 0.22119140625 0.72705078125 0.1103515625 0.1220703125
16 0.38818359375 0.716796875 0.1103515625 0.1015625
14 0.55517578125 0.734375 0.1103515625 0.13671875
22 0.72119140625 0.7314453125 0.1103515625 0.130859375
28 0.88818359375 0.71142578125 0.1103515625 0.0908203125
30 0.05517578125 0.89208984375 0.1103515625 0.1181640625
3 0.22119140625 0.8779296875 0.1103515625 0.08984375
5 0.38818359375 0.87451171875 0.1103515625 0.0830078125
13 0.55517578125 0.87890625 0.1103515625 0.091796875
4 0.72119140625 0.88671875 0.1103515625 0.107421875
16 0.88818359375 0.8857421875 0.1103515625 0.10546875
