31 0.05517578125 0.0595703125 0.1103515625 0.119140625
10 0.22119140625 0.0556640625 0.1103515625 0.111328125
1 0.38818359375 0.0439453125 0.1103515625 0.087890625
14 0.55517578125 0.0576171875 0.1103515625 0.115234375
25 0.72119140625 0.05712890625 0.1103515625 0.1142578125
0 0.88818359375 0.0478515625 0.1103515625 0.095703125
31 0.05517578125 0.2255859375 0.1103515625 0.119140625
5 0.22119140625 0.2314453125 0.1103515625 0.130859375
6 0.38818359375 0.2314453125 0.1103515625 0.130859375
22 0.55517578125 0.22216796875 0.1103515625 0.1123046875
9 0.72119140625 0.2275390625 0.1103515625 0.123046875
16 0.88818359375 0.220703125 0.1103515625 0.109375
25 0.05517578125 0.3759765625 0.1103515625 0.0859375
15 0.22119140625 0.38720703125 0.1103515625 0.1083984375
7 0.38818359375 0.38671875 0.1103515625 0.107421875
0 0.55517578125 0.39697265625 0.1103515625 0.1279296875
28 0.72119140625 0.390625 0.1103515625 0.115234375
10 0.88818359375 0.3876953125 0.1103515625 0.109375
27 0.05517578125 0.55712890625 0.1103515625 0.1142578125
23 0.22119140625 0.55419921875 0.1103515625 0.1083984375
29 0.38818359375 0.552734375 0.1103515625 0.10546875
28 0.55517578125 0.55224609375 0.1103515625 0.1044921875
10 0.72119140625 0.55419921875 0.1103515625 0.1083984375
12 0.88818359375 0.55859375 0.1103515625 0.1171875
24 0.05517578125 0.73095703125 0.1103515625 0.1298828125
25 0.22119140625 0.716796875 0.1103515625 0.1015625
24 0.38818359375 0.7138671875 0.1103515625 0.095703125
21 0.55517578125 0.7216796875 0.1103515625 0.111328125
8 0.72119140625 0.72216796875 0.1103515625 0.1123046875
3 0.88818359375 0.71630859375 0.1103515625 0.1005859375
14 0.05517578125 0.880859375 0.1103515625 0.095703125
9 0.22119140625 0.892578125 0.1103515625 0.119140625
10 0.38818359375 0.9052734375 0.1103515625 0.14453125
25 0.55517578125 0.890625 0.1103515625 0.115234375
20 0.72119140625 0.89990234375 0.1103515625 0.1337890625
6 0.88818359375 0.89208984375 0.1103515625 0.1181640625
