23 0.0830078125 0.0751953125 0.166015625 0.150390625
13 0.3330078125 0.0830078125 0.166015625 0.166015625
31 0.5830078125 0.09521484375 0.166015625 0.1904296875
13 0.8330078125 0.0830078125 0.166015625 0.166015625
1 0.0830078125 0.32666015625 0.166015625 0.1533203125
24 0.3330078125 0.32666015625 0.166015625 0.1533203125
19 0.5830078125 0.34765625 0.166015625 0.1953125
33 0.8330078125 0.33447265625 0.166015625 0.1689453125
22 0.0830078125 0.59521484375 0.166015625 0.1904296875
0 0.3330078125 0.59521484375 0.166015625 0.1904296875
20 0.5830078125 0.56787109375 0.166015625 0.1357421875
30 0.8330078125 0.58056640625 0.166015625 0.1611328125
28 0.0830078125 0.853515625 0.166015625 0.20703125
3 0.3330078125 0.82666015625 0.166015625 0.1533203125
22 0.5830078125 0.83154296875 0.166015625 0.1630859375
22 0.8330078125 0.83349609375 0.166015625 0.1669921875
