2 0.04736328125 0.037109375 0.0947265625 0.07421875
23 0.18994140625 0.04150390625 0.0947265625 0.0830078125
8 0.33251953125 0.0498046875 0.0947265625 0.099609375
10 0.47509765625 0.05322265625 0.0947265625 0.1064453125
26 0.61865234375 0.05078125 0.0947265625 0.1015625
3 0.76123046875 0.04443359375 0.0947265625 0.0888671875
9 0.90380859375 0.05322265625 0.0947265625 0.1064453125
7 0.04736328125 0.18603515625 0.0947265625 0.0869140625
23 0.18994140625 0.18505859375 0.0947265625 0.0849609375
13 0.33251953125 0.18212890625 0.0947265625 0.0791015625
7 0.47509765625 0.1865234375 0.0947265625 0.087890625
31 0.61865234375 0.20263671875 0.0947265625 0.1201171875
27 0.76123046875 0.18603515625 0.0947265625 0.0869140625
6 0.90380859375 0.20068359375 0.0947265625 0.1162109375
28 0.04736328125 0.34228515625 0.0947265625 0.1142578125
15 0.18994140625 0.32763671875 0.0947265625 0.0849609375
10 0.33251953125 0.32470703125 0.0947265625 0.0791015625
2 0.47509765625 0.3369140625 0.0947265625 0.103515625
18 0.61865234375 0.3203125 0.0947265625 0.0703125
5 0.76123046875 0.34228515625 0.0947265625 0.1142578125
16 0.90380859375 0.33447265625 0.0947265625 0.0986328125
12 0.04736328125 0.4833984375 0.0947265625 0.111328125
4 0.18994140625 0.47216796875 0.0947265625 0.0888671875
7 0.33251953125 0.47119140625 0.0947265625 0.0869140625
24 0.47509765625 0.47509765625 0.0947265625 0.0947265625
13 0.61865234375 0.484375 0.0947265625 0.11328125
20 0.76123046875 0.4736328125 0.0947265625 0.091796875
27 0.90380859375 0.482421875 0.0947265625 0.109375
24 0.04736328125 0.6259765625 0.0947265625 0.109375
25 0.18994140625 0.60888671875 0.0947265625 0.0751953125
14 0.33251953125 0.61767578125 0.0947265625 0.0927734375
4 0.47509765625 0.61865234375 0.0947265625 0.0947265625
1 0.61865234375 0.6103515625 0.0947265625 0.078125
21 0.76123046875 0.61572265625 0.0947265625 0.0888671875
30 0.90380859375 0.6181640625 0.0947265625 0.09375
19 0.04736328125 0.77099609375 0.0947265625 0.1142578125
0 0.18994140625 0.75732421875 0.0947265625 0.0869140625
19 0.33251953125 0.7548828125 0.0947265625 0.08203125
1 0.47509765625 0.7626953125 0.0947265625 0.09765625
9 0.61865234375 0.7666015625 0.0947265625 0.10546875
30 0.76123046875 0.7666015625 0.0947265625 0.10546875
31 0.90380859375 0.7626953125 0.0947265625 0.09765625
23 0.04736328125 0.9111328125 0.0947265625 0.109375
16 0.18994140625 0.8994140625 0.0947265625 0.0859375
29 0.33251953125 0.90576171875 0.0947265625 0.0986328125
23 0.47509765625 0.916015625 0.0947265625 0.119140625
31 0.61865234375 0.90673828125 0.0947265625 0.1005859375
4 0.76123046875 0.91845703125 0.0947265625 0.1240234375
10 0.90380859375 0.90087890625 0.0947265625 0.0888671875
