14 0.05517578125 0.048828125 0.1103515625 0.09765625
4 0.22119140625 0.0498046875 0.1103515625 0.099609375
12 0.38818359375 0.05859375 0.1103515625 0.1171875
24 0.55517578125 0.0478515625 0.1103515625 0.095703125
9 0.72119140625 0.0498046875 0.1103515625 0.099609375
15 0.88818359375 0.046875 0.1103515625 0.09375
4 0.05517578125 0.2099609375 0.1103515625 0.087890625
20 0.22119140625 0.234375 0.1103515625 0.13671875
8 0.38818359375 0.216796875 0.1103515625 0.1015625
9 0.55517578125 0.21337890625 0.1103515625 0.0947265625
0 0.72119140625 0.2275390625 0.1103515625 0.123046875
18 0.88818359375 0.21923828125 0.1103515625 0.1064453125
32 0.05517578125 0.39501953125 0.1103515625 0.1240234375
20 0.22119140625 0.38916015625 0.1103515625 0.1123046875
26 0.38818359375 0.40283203125 0.1103515625 0.1396484375
27 0.55517578125 0.3896484375 0.1103515625 0.11328125
0 0.72119140625 0.39013671875 0.1103515625 0.1142578125
32 0.88818359375 0.3984375 0.1103515625 0.130859375
32 0.05517578125 0.56103515625 0.1103515625 0.1220703125
30 0.22119140625 0.56689453125 0.1103515625 0.1337890625
33 0.38818359375 0.55419921875 0.1103515625 0.1083984375
1 0.55517578125 0.544921875 0.1103515625 0.08984375
16 0.72119140625 0.5439453125 0.1103515625 0.087890625
24 0.88818359375 0.55419921875 0.1103515625 0.1083984375
18 0.05517578125 0.73681640625 0.1103515625 0.1416015625
22 0.22119140625 0.73095703125 0.1103515625 0.1298828125
19 0.38818359375 0.71875 0.1103515625 0.10546875
16 0.55517578125 0.71484375 0.1103515625 0.09765625
10 0.72119140625 0.7158203125 0.1103515625 0.099609375
32 0.88818359375 0.73193359375 0.1103515625 0.1318359375
3 0.05517578125 0.8955078125 0.1103515625 0.125
0 0.22119140625 0.88720703125 0.1103515625 0.1083984375
30 0.38818359375 0.90185546875 0.1103515625 0.1376953125
1 0.55517578125 0.890625 0.1103515625 0.115234375
33 0.72119140625 0.8798828125 0.1103515625 0.09375
0 0.88818359375 0.8837890625 0.1103515625 0.1015625
