3 0.06640625 0.07373046875 0.1328125 0.1474609375
20 0.265625 0.05517578125 0.1328125 0.1103515625
0 0.4658203125 0.0546875 0.1328125 0.109375
22 0.666015625 0.0751953125 0.1328125 0.150390625
11 0.8662109375 0.08251953125 0.1328125 0.1650390625
26 0.06640625 0.25537109375 0.1328125 0.1123046875
23 0.265625 0.27880859375 0.1328125 0.1591796875
2 0.4658203125 0.2685546875 0.1328125 0.138671875
32 0.666015625 0.27880859375 0.1328125 0.1591796875
27 0.8662109375 0.28173828125 0.1328125 0.1650390625
8 0.06640625 0.4775390625 0.1328125 0.15625
4 0.265625 0.47265625 0.1328125 0.146484375
28 0.4658203125 0.47119140625 0.1328125 0.1435546875
27 0.666015625 0.462890625 0.1328125 0.126953125
17 0.8662109375 0.48583984375 0.1328125 0.1728515625
23 0.06640625 0.67919921875 0.1328125 0.1591796875
32 0.265625 0.66455078125 0.1328125 0.1298828125
20 0.4658203125 0.65771484375 0.1328125 0.1162109375
12 0.666015625 0.67529296875 0.1328125 0.1513671875
16 0.8662109375 0.669921875 0.1328125 0.140625
31 0.06640625 0.87890625 0.1328125 0.158203125
14 0.265625 0.85791015625 0.1328125 0.1162109375
0 0.4658203125 0.869140625 0.1328125 0.138671875
17 0.666015625 0.87353515625 0.1328125 0.1474609375
4 0.8662109375 0.8583984375 0.1328125 0.1171875
