5 0.04736328125 0.0361328125 0.0947265625 0.072265625
24 0.18994140625 0.05810546875 0.0947265625 0.1162109375
17 0.33251953125 0.05517578125 0.0947265625 0.1103515625
22 0.47509765625 0.04345703125 0.0947265625 0.0869140625
8 0.61865234375 0.0546875 0.0947265625 0.109375
30 0.76123046875 0.04638671875 0.0947265625 0.0927734375
17 0.90380859375 0.03564453125 0.0947265625 0.0712890625
21 0.04736328125 0.1865234375 0.0947265625 0.087890625
25 0.18994140625 0.177734375 0.0947265625 0.0703125
13 0.33251953125 0.201171875 0.0947265625 0.1171875
25 0.47509765625 0.18603515625 0.0947265625 0.0869140625
1 0.61865234375 0.18359375 0.0947265625 0.08203125
2 0.76123046875 0.18798828125 0.0947265625 0.0908203125
29 0.90380859375 0.1923828125 0.0947265625 0.099609375
30 0.04736328125 0.32421875 0.0947265625 0.078125
27 0.18994140625 0.328125 0.0947265625 0.0859375
10 0.33251953125 0.32763671875 0.0947265625 0.0849609375
17 0.47509765625 0.34228515625 0.0947265625 0.1142578125
22 0.61865234375 0.341796875 0.0947265625 0.11328125
18 0.76123046875 0.3271484375 0.0947265625 0.083984375
14 0.90380859375 0.32275390625 0.0947265625 0.0751953125
29 0.04736328125 0.4716796875 0.0947265625 0.087890625
3 0.18994140625 0.4765625 0.0947265625 0.09765625
27 0.33251953125 0.484375 0.0947265625 0.11328125
2 0.47509765625 0.46875 0.0947265625 0.08203125
11 0.61865234375 0.4814453125 0.0947265625 0.107421875
16 0.76123046875 0.47900390625 0.0947265625 0.1025390625
18 0.90380859375 0.46875 0.0947265625 0.08203125
5 0.04736328125 0.6279296875 0.0947265625 0.11328125
29 0.18994140625 0.6103515625 0.0947265625 0.078125
10 0.33251953125 0.6298828125 0.0947265625 0.1171875
8 0.47509765625 0.611328125 0.0947265625 0.080078125
19 0.61865234375 0.60986328125 0.0947265625 0.0771484375
28 0.76123046875 0.6181640625 0.0947265625 0.09375
5 0.90380859375 0.61865234375 0.0947265625 0.0947265625
14 0.04736328125 0.755859375 0.0947265625 0.083984375
8 0.18994140625 0.77099609375 0.0947265625 0.1142578125
10 0.33251953125 0.7646484375 0.0947265625 0.1015625
10 0.47509765625 0.751953125 0.0947265625 0.076171875
29 0.61865234375 0.75048828125 0.0947265625 0.0732421875
5 0.76123046875 0.7490234375 0.0947265625 0.0703125
5 0.90380859375 0.7724609375 0.0947265625 0.1171875
32 0.04736328125 0.91015625 0.0947265625 0.107421875
23 0.18994140625 0.892578125 0.0947265625 0.072265625
2 0.33251953125 0.9130859375 0.0947265625 0.11328125
3 0.47509765625 0.89501953125 0.0947265625 0.0771484375
26 0.61865234375 0.89404296875 0.0947265625 0.0751953125
8 0.76123046875 0.89599609375 0.0947265625 0.0791015625
24 0.90380859375 0.9150390625 0.0947265625 0.1171875
