28 0.06640625 0.05859375 0.1328125 0.1171875
30 0.265625 0.08056640625 0.1328125 0.1611328125
30 0.4658203125 0.064453125 0.1328125 0.12890625
25 0.666015625 0.0849609375 0.1328125 0.169921875
4 0.8662109375 0.07177734375 0.1328125 0.1435546875
20 0.06640625 0.283203125 0.1328125 0.16796875
12 0.265625 0.26611328125 0.1328125 0.1337890625
21 0.4658203125 0.2626953125 0.1328125 0.126953125
15 0.666015625 0.27880859375 0.1328125 0.1591796875
14 0.8662109375 0.2548828125 0.1328125 0.111328125
18 0.06640625 0.4658203125 0.1328125 0.1328125
23 0.265625 0.45361328125 0.1328125 0.1083984375
22 0.4658203125 0.46484375 0.1328125 0.130859375
25 0.666015625 0.478515625 0.1328125 0.158203125
1 0.8662109375 0.474609375 0.1328125 0.150390625
27 0.06640625 0.6708984375 0.1328125 0.142578125
8 0.265625 0.66015625 0.1328125 0.12109375
22 0.4658203125 0.66748046875 0.1328125 0.1357421875
16 0.666015625 0.6630859375 0.1328125 0.126953125
10 0.8662109375 0.68310546875 0.1328125 0.1669921875
28 0.06640625 0.8603515625 0.1328125 0.12109375
6 0.265625 0.859375 0.1328125 0.119140625
26 0.4658203125 0.86474609375 0.1328125 0.1298828125
6 0.666015625 0.88623046875 0.1328125 0.1728515625
6 0.8662109375 0.86279296875 0.1328125 0.1259765625
