20 0.04736328125 0.04150390625 0.0947265625 0.0830078125
4 0.18994140625 0.04345703125 0.0947265625 0.0869140625
18 0.33251953125 0.0625 0.0947265625 0.125
6 0.47509765625 0.05322265625 0.0947265625 0.1064453125
7 0.61865234375 0.0537109375 0.0947265625 0.107421875
17 0.76123046875 0.0556640625 0.0947265625 0.111328125
20 0.90380859375 0.03662109375 0.0947265625 0.0732421875
25 0.04736328125 0.19921875 0.0947265625 0.11328125
27 0.18994140625 0.1904296875 0.0947265625 0.095703125
23 0.33251953125 0.19921875 0.0947265625 0.11328125
33 0.47509765625 0.20361328125 0.0947265625 0.1220703125
4 0.61865234375 0.19775390625 0.0947265625 0.1103515625
31 0.76123046875 0.17919921875 0.0947265625 0.0732421875
18 0.90380859375 0.1875 0.0947265625 0.08984375
5 0.04736328125 0.328125 0.0947265625 0.0859375
23 0.18994140625 0.34375 0.0947265625 0.1171875
22 0.33251953125 0.3212890625 0.0947265625 0.072265625
7 0.47509765625 0.33837890625 0.0947265625 0.1064453125
6 0.61865234375 0.333984375 0.0947265625 0.09765625
31 0.76123046875 0.34228515625 0.0947265625 0.1142578125
28 0.90380859375 0.33642578125 0.0947265625 0.1025390625
23 0.04736328125 0.4814453125 0.0947265625 0.107421875
1 0.18994140625 0.47705078125 0.0947265625 0.0986328125
30 0.33251953125 0.48486328125 0.0947265625 0.1142578125
13 0.47509765625 0.4716796875 0.0947265625 0.087890625
19 0.61865234375 0.47021484375 0.0947265625 0.0849609375
33 0.76123046875 0.484375 0.0947265625 0.11328125
10 0.90380859375 0.47021484375 0.0947265625 0.0849609375
1 0.04736328125 0.62109375 0.0947265625 0.099609375
3 0.18994140625 0.6220703125 0.0947265625 0.1015625
33 0.33251953125 0.61328125 0.0947265625 0.083984375
16 0.47509765625 0.623046875 0.0947265625 0.103515625
19 0.61865234375 0.61865234375 0.0947265625 0.0947265625
4 0.76123046875 0.615234375 0.0947265625 0.087890625
0 0.90380859375 0.6259765625 0.0947265625 0.109375
15 0.04736328125 0.7509765625 0.0947265625 0.07421875
5 0.18994140625 0.75634765625 0.0947265625 0.0849609375
21 0.33251953125 0.75390625 0.0947265625 0.080078125
32 0.47509765625 0.75830078125 0.0947265625 0.0888671875
4 0.61865234375 0.763671875 0.0947265625 0.099609375
32 0.76123046875 0.76171875 0.0947265625 0.095703125
15 0.90380859375 0.77197265625 0.0947265625 0.1162109375
24 0.04736328125 0.9150390625 0.0947265625 0.1171875
11 0.18994140625 0.90625 0.0947265625 0.099609375
29 0.33251953125 0.9013671875 0.0947265625 0.08984375
31 0.47509765625 0.900390625 0.0947265625 0.087890625
27 0.61865234375 0.89501953125 0.0947265625 0.0771484375
9 0.76123046875 0.908203125 0.0947265625 0.103515625
32 0.90380859375 0.90380859375 0.0947265625 0.0947265625
