2 0.06640625 0.0712890625 0.1328125 0.142578125
14 0.265625 0.0859375 0.1328125 0.171875
13 0.4658203125 0.064453125 0.1328125 0.12890625
27 0.666015625 0.05810546875 0.1328125 0.1162109375
8 0.8662109375 0.0673828125 0.1328125 0.134765625
20 0.06640625 0.24951171875 0.1328125 0.1005859375
6 0.265625 0.27294921875 0.1328125 0.1474609375
21 0.4658203125 0.2578125 0.1328125 0.1171875
15 0.666015625 0.2724609375 0.1328125 0.146484375
8 0.8662109375 0.27880859375 0.1328125 0.1591796875
2 0.06640625 0.4638671875 0.1328125 0.12890625
32 0.265625 0.47216796875 0.1328125 0.1455078125
6 0.4658203125 0.46826171875 0.1328125 0.1376953125
25 0.666015625 0.45751953125 0.1328125 0.1162109375
9 0.8662109375 0.46142578125 0.1328125 0.1240234375
20 0.06640625 0.6787109375 0.1328125 0.158203125
31 0.265625 0.6591796875 0.1328125 0.119140625
19 0.4658203125 0.66357421875 0.1328125 0.1279296875
1 0.666015625 0.6787109375 0.1328125 0.158203125
31 0.8662109375 0.67578125 0.1328125 0.15234375
9 0.06640625 0.859375 0.1328125 0.119140625
5 0.265625 0.859375 0.1328125 0.119140625
31 0.4658203125 0.869140625 0.1328125 0.138671875
31 0.666015625 0.8642578125 0.1328125 0.12890625
25 0.8662109375 0.85986328125 0.1328125 0.1201171875
