18 0.0830078125 0.07080078125 0.166015625 0.1416015625
3 0.3330078125 0.10205078125 0.166015625 0.2041015625
23 0.5830078125 0.080078125 0.166015625 0.16015625
32 0.8330078125 0.09423828125 0.166015625 0.1884765625
7 0.0830078125 0.353515625 0.166015625 0.20703125
4 0.3330078125 0.3134765625 0.166015625 0.126953125
20 0.5830078125 0.333984375 0.166015625 0.16796875
31 0.8330078125 0.34765625 0.166015625 0.1953125
20 0.0830078125 0.5927734375 0.166015625 0.185546875
22 0.3330078125 0.58740234375 0.166015625 0.1748046875
33 0.5830078125 0.60498046875 0.166015625 0.2099609375
16 0.8330078125 0.583984375 0.166015625 0.16796875
3 0.0830078125 0.84521484375 0.166015625 0.1904296875
26 0.3330078125 0.85498046875 0.166015625 0.2099609375
20 0.5830078125 0.83349609375 0.166015625 0.1669921875
19 0.8330078125 0.83984375 0.166015625 0.1796875
