15 0.06640625 0.07373046875 0.1328125 0.1474609375
4 0.265625 0.05126953125 0.1328125 0.1025390625
5 0.4658203125 0.05908203125 0.1328125 0.1181640625
7 0.666015625 0.06689453125 0.1328125 0.1337890625
29 0.8662109375 0.06591796875 0.1328125 0.1318359375
29 0.06640625 0.2724609375 0.1328125 0.146484375
17 0.265625 0.28271484375 0.1328125 0.1669921875
29 0.4658203125 0.2548828125 0.1328125 0.111328125
9 0.666015625 0.27880859375 0.1328125 0.1591796875
3 0.8662109375 0.26513671875 0.1328125 0.1318359375
6 0.06640625 0.47265625 0.1328125 0.146484375
14 0.265625 0.45654296875 0.1328125 0.1142578125
15 0.4658203125 0.46142578125 0.1328125 0.1240234375
33 0.666015625 0.470703125 0.1328125 0.142578125
18 0.8662109375 0.46337890625 0.1328125 0.1279296875
23 0.06640625 0.67041015625 0.1328125 0.1416015625
15 0.265625 0.6650390625 0.1328125 0.130859375
28 0.4658203125 0.66796875 0.1328125 0.13671875
10 0.666015625 0.6806640625 0.1328125 0.162109375
6 0.8662109375 0.65673828125 0.1328125 0.1142578125
10 0.06640625 0.859375 0.1328125 0.119140625
9 0.265625 0.87060546875 0.1328125 0.1416015625
26 0.4658203125 0.8623046875 0.1328125 0.125
16 0.666015625 0.88037109375 0.1328125 0.1611328125
30 0.8662109375 0.8603515625 0.1328125 0.12109375
