19 0.06640625 0.0625 0.1328125 0.125
11 0.265625 0.08349609375 0.1328125 0.1669921875
8 0.4658203125 0.06689453125 0.1328125 0.1337890625
28 0.666015625 0.06591796875 0.1328125 0.1318359375
12 0.8662109375 0.06640625 0.1328125 0.1328125
4 0.06640625 0.26025390625 0.1328125 0.1220703125
26 0.265625 0.26123046875 0.1328125 0.1240234375
11 0.4658203125 0.2626953125 0.1328125 0.126953125
23 0.666015625 0.25 0.1328125 0.1015625
19 0.8662109375 0.27880859375 0.1328125 0.1591796875
11 0.06640625 0.47265625 0.1328125 0.146484375
18 0.265625 0.45068359375 0.1328125 0.1025390625
23 0.4658203125 0.45703125 0.1328125 0.115234375
27 0.666015625 0.45751953125 0.1328125 0.1162109375
25 0.8662109375 0.47705078125 0.1328125 0.1552734375
28 0.06640625 0.67236328125 0.1328125 0.1455078125
16 0.265625 0.650390625 0.1328125 0.1015625
11 0.4658203125 0.67041015625 0.1328125 0.1416015625
20 0.666015625 0.67041015625 0.1328125 0.1416015625
10 0.8662109375 0.65673828125 0.1328125 0.1142578125
32 0.06640625 0.86181640625 0.1328125 0.1240234375
11 0.265625 0.87060546875 0.1328125 0.1416015625
24 0.4658203125 0.86474609375 0.1328125 0.1298828125
7 0.666015625 0.8671875 0.1328125 0.134765625
28 0.8662109375 0.8837890625 0.1328125 0.16796875
