5 0.04150390625 0.0361328125 0.0830078125 0.072265625
11 0.16650390625 0.0419921875 0.0830078125 0.083984375
12 0.29150390625 0.0556640625 0.0830078125 0.111328125
6 0.41650390625 0.0341796875 0.0830078125 0.068359375
3 0.54150390625 0.03125 0.0830078125 0.0625
19 0.66650390625 0.05078125 0.0830078125 0.1015625
23 0.79150390625 0.04541015625 0.0830078125 0.0908203125
24 0.91650390625 0.0419921875 0.0830078125 0.083984375
5 0.04150390625 0.16357421875 0.0830078125 0.0771484375
32 0.16650390625 0.1767578125 0.0830078125 0.103515625
3 0.29150390625 0.16748046875 0.0830078125 0.0849609375
29 0.41650390625 0.16357421875 0.0830078125 0.0771484375
29 0.54150390625 0.17236328125 0.0830078125 0.0947265625
5 0.66650390625 0.16552734375 0.0830078125 0.0810546875
28 0.79150390625 0.1796875 0.0830078125 0.109375
23 0.91650390625 0.162109375 0.0830078125 0.07421875
14 0.04150390625 0.29931640625 0.0830078125 0.0986328125
9 0.16650390625 0.287109375 0.0830078125 0.07421875
32 0.29150390625 0.29345703125 0.0830078125 0.0869140625
5 0.41650390625 0.29638671875 0.0830078125 0.0927734375
11 0.54150390625 0.30322265625 0.0830078125 0.1064453125
21 0.66650390625 0.28515625 0.0830078125 0.0703125
30 0.79150390625 0.2880859375 0.0830078125 0.076171875
21 0.91650390625 0.29638671875 0.0830078125 0.0927734375
16 0.04150390625 0.419921875 0.0830078125 0.08984375
33 0.16650390625 0.41455078125 0.0830078125 0.0791015625
26 0.29150390625 0.4111328125 0.0830078125 0.072265625
22 0.41650390625 0.4267578125 0.0830078125 0.103515625
21 0.54150390625 0.42236328125 0.0830078125 0.0947265625
10 0.66650390625 0.4267578125 0.0830078125 0.103515625
3 0.79150390625 0.41796875 0.0830078125 0.0859375
3 0.91650390625 0.4140625 0.0830078125 0.078125
10 0.04150390625 0.54248046875 0.0830078125 0.0849609375
3 0.16650390625 0.5380859375 0.0830078125 0.076171875
32 0.29150390625 0.5400390625 0.0830078125 0.080078125
7 0.41650390625 0.54296875 0.0830078125 0.0859375
28 0.54150390625 0.5380859375 0.0830078125 0.076171875
8 0.66650390625 0.53759765625 0.0830078125 0.0751953125
1 0.79150390625 0.53857421875 0.0830078125 0.0771484375
7 0.91650390625 0.54052734375 0.0830078125 0.0810546875
12 0.04150390625 0.6572265625 0.0830078125 0.064453125
27 0.16650390625 0.6572265625 0.0830078125 0.064453125
8 0.29150390625 0.67431640625 0.0830078125 0.0986328125
18 0.41650390625 0.67431640625 0.0830078125 0.0986328125
0 0.54150390625 0.662109375 0.0830078125 0.07421875
23 0.66650390625 0.666015625 0.0830078125 0.08203125
6 0.79150390625 0.67919921875 0.0830078125 0.1083984375
24 0.91650390625 0.65673828125 0.0830078125 0.0634765625
13 0.04150390625 0.79638671875 0.0830078125 0.0927734375
10 0.16650390625 0.7890625 0.0830078125 0.078125
11 0.29150390625 0.79296875 0.0830078125 0.0859375
33 0.41650390625 0.79345703125 0.0830078125 0.0869140625
4 0.54150390625 0.78955078125 0.0830078125 0.0791015625
9 0.66650390625 0.79150390625 0.0830078125 0.0830078125
32 0.79150390625 0.798828125 0.0830078125 0.09765625
4 0.91650390625 0.79931640625 0.0830078125 0.0986328125
25 0.04150390625 0.91455078125 0.0830078125 0.0791015625
23 0.16650390625 0.92138671875 0.0830078125 0.0927734375
0 0.29150390625 0.91552734375 0.0830078125 0.0810546875
27 0.41650390625 0.91845703125 0.0830078125 0.0869140625
31 0.54150390625 0.91357421875 0.0830078125 0.0771484375
11 0.66650390625 0.92041015625 0.0830078125 0.0908203125
20 0.79150390625 0.9072265625 0.0830078125 0.064453125
6 0.91650390625 0.90576171875 0.0830078125 0.0615234375
