10 0.06640625 0.060546875 0.1328125 0.12109375
15 0.265625 0.08349609375 0.1328125 0.1669921875
9 0.4658203125 0.0654296875 0.1328125 0.130859375
0 0.666015625 0.0654296875 0.1328125 0.130859375
21 0.8662109375 0.08837890625 0.1328125 0.1767578125
18 0.06640625 0.275390625 0.1328125 0.15234375
30 0.265625 0.26806640625 0.1328125 0.1376953125
12 0.4658203125 0.28125 0.1328125 0.1640625
20 0.666015625 0.26025390625 0.1328125 0.1220703125
15 0.8662109375 0.26025390625 0.1328125 0.1220703125
9 0.06640625 0.4560546875 0.1328125 0.11328125
8 0.265625 0.46484375 0.1328125 0.130859375
28 0.4658203125 0.46484375 0.1328125 0.130859375
24 0.666015625 0.474609375 0.1328125 0.150390625
30 0.8662109375 0.46923828125 0.1328125 0.1396484375
23 0.06640625 0.66845703125 0.1328125 0.1376953125
0 0.265625 0.6748046875 0.1328125 0.150390625
23 0.4658203125 0.6748046875 0.1328125 0.150390625
24 0.666015625 0.65771484375 0.1328125 0.1162109375
10 0.8662109375 0.66015625 0.1328125 0.12109375
10 0.06640625 0.87158203125 0.1328125 0.1435546875
15 0.265625 0.86474609375 0.1328125 0.1298828125
23 0.4658203125 0.8759765625 0.1328125 0.15234375
11 0.666015625 0.8505859375 0.1328125 0.1015625
30 0.8662109375 0.87255859375 0.1328125 0.1455078125
