9 0.0830078125 0.08740234375 0.166015625 0.1748046875
16 0.3330078125 0.09033203125 0.166015625 0.1806640625
13 0.5830078125 0.07958984375 0.166015625 0.1591796875
19 0.8330078125 0.083984375 0.166015625 0.16796875
11 0.0830078125 0.3369140625 0.166015625 0.173828125
15 0.3330078125 0.35498046875 0.166015625 0.2099609375
23 0.5830078125 0.322265625 0.166015625 0.14453125
30 0.8330078125 0.3505859375 0.166015625 0.201171875
4 0.0830078125 0.59521484375 0.166015625 0.1904296875
27 0.3330078125 0.59521484375 0.166015625 0.1904296875
14 0.5830078125 0.58349609375 0.166015625 0.1669921875
24 0.8330078125 0.57470703125 0.166015625 0.1494140625
16 0.0830078125 0.84521484375 0.166015625 0.1904296875
1 0.3330078125 0.81298828125 0.166015625 0.1259765625
4 0.5830078125 0.82373046875 0.166015625 0.1474609375
19 0.8330078125 0.828125 0.166015625 0.15625
