13 0.0830078125 0.0791015625 0.166015625 0.158203125
9 0.3330078125 0.10205078125 0.166015625 0.2041015625
19 0.5830078125 0.0986328125 0.166015625 0.197265625
1 0.8330078125 0.09423828125 0.166015625 0.1884765625
25 0.0830078125 0.345703125 0.166015625 0.19140625
6 0.3330078125 0.3486328125 0.166015625 0.197265625
6 0.5830078125 0.34033203125 0.166015625 0.1806640625
12 0.8330078125 0.31884765625 0.166015625 0.1376953125
7 0.0830078125 0.58837890625 0.166015625 0.1767578125
25 0.3330078125 0.572265625 0.166015625 0.14453125
32 0.5830078125 0.5751953125 0.166015625 0.150390625
12 0.8330078125 0.591796875 0.166015625 0.18359375
4 0.0830078125 0.8369140625 0.166015625 0.173828125
15 0.3330078125 0.82177734375 0.166015625 0.1435546875
12 0.5830078125 0.82080078125 0.166015625 0.1416015625
22 0.8330078125 0.83837890625 0.166015625 0.1767578125
