6 0.05517578125 0.0517578125 0.1103515625 0.103515625
2 0.22119140625 0.05615234375 0.1103515625 0.1123046875
28 0.38818359375 0.046875 0.1103515625 0.09375
3 0.55517578125 0.04833984375 0.1103515625 0.0966796875
9 0.72119140625 0.04150390625 0.1103515625 0.0830078125
12 0.88818359375 0.06689453125 0.1103515625 0.1337890625
16 0.05517578125 0.2197265625 0.1103515625 0.107421875
27 0.22119140625 0.2138671875 0.1103515625 0.095703125
29 0.38818359375 0.2314453125 0.1103515625 0.130859375
31 0.55517578125 0.22314453125 0.1103515625 0.1142578125
22 0.72119140625 0.224609375 0.1103515625 0.1171875
1 0.88818359375 0.23486328125 0.1103515625 0.1376953125
22 0.05517578125 0.39501953125 0.1103515625 0.1240234375
1 0.22119140625 0.39501953125 0.1103515625 0.1240234375
20 0.38818359375 0.3759765625 0.1103515625 0.0859375
4 0.55517578125 0.38037109375 0.1103515625 0.0947265625
28 0.72119140625 0.40380859375 0.1103515625 0.1416015625
31 0.88818359375 0.3857421875 0.1103515625 0.10546875
14 0.05517578125 0.54248046875 0.1103515625 0.0849609375
12 0.22119140625 0.54833984375 0.1103515625 0.0966796875
24 0.38818359375 0.56396484375 0.1103515625 0.1279296875
9 0.55517578125 0.55615234375 0.1103515625 0.1123046875
20 0.72119140625 0.55517578125 0.1103515625 0.1103515625
14 0.88818359375 0.568359375 0.1103515625 0.13671875
1 0.05517578125 0.708984375 0.1103515625 0.0859375
17 0.22119140625 0.72509765625 0.1103515625 0.1181640625
29 0.38818359375 0.716796875 0.1103515625 0.1015625
14 0.55517578125 0.72509765625 0.1103515625 0.1181640625
12 0.72119140625 0.73681640625 0.1103515625 0.1416015625
1 0.88818359375 0.70947265625 0.1103515625 0.0869140625
29 0.05517578125 0.9013671875 0.1103515625 0.13671875
0 0.22119140625 0.8916015625 0.1103515625 0.1171875
30 0.38818359375 0.89404296875 0.1103515625 0.1220703125
13 0.55517578125 0.880859375 0.1103515625 0.095703125
30 0.72119140625 0.89404296875 0.1103515625 0.1220703125
32 0.88818359375 0.880859375 0.1103515625 0.095703125
