27 0.04736328125 0.04150390625 0.0947265625 0.0830078125
3 0.18994140625 0.05810546875 0.0947265625 0.1162109375
5 0.33251953125 0.04150390625 0.0947265625 0.0830078125
13 0.47509765625 0.04638671875 0.0947265625 0.0927734375
17 0.61865234375 0.044921875 0.0947265625 0.08984375
14 0.76123046875 0.03564453125 0.0947265625 0.0712890625
30 0.90380859375 0.0517578125 0.0947265625 0.103515625
31 0.04736328125 0.19580078125 0.0947265625 0.1064453125
7 0.18994140625 0.18603515625 0.0947265625 0.0869140625
12 0.33251953125 0.18505859375 0.0947265625 0.0849609375
2 0.47509765625 0.1943359375 0.0947265625 0.103515625
5 0.61865234375 0.18359375 0.0947265625 0.08203125
8 0.76123046875 0.17919921875 0.0947265625 0.0732421875
29 0.90380859375 0.19140625 0.0947265625 0.09765625
7 0.04736328125 0.3310546875 0.0947265625 0.091796875
8 0.18994140625 0.3271484375 0.0947265625 0.083984375
18 0.33251953125 0.32470703125 0.0947265625 0.0791015625
24 0.47509765625 0.33837890625 0.0947265625 0.1064453125
25 0.61865234375 0.3310546875 0.0947265625 0.091796875
17 0.76123046875 0.33984375 0.0947265625 0.109375
20 0.90380859375 0.34375 0.0947265625 0.1171875
3 0.04736328125 0.4775390625 0.0947265625 0.099609375
13 0.18994140625 0.4873046875 0.0947265625 0.119140625
22 0.33251953125 0.4833984375 0.0947265625 0.111328125
29 0.47509765625 0.46337890625 0.0947265625 0.0712890625
6 0.61865234375 0.47509765625 0.0947265625 0.0947265625
27 0.76123046875 0.466796875 0.0947265625 0.078125
26 0.90380859375 0.4814453125 0.0947265625 0.107421875
4 0.04736328125 0.62939453125 0.0947265625 0.1162109375
11 0.18994140625 0.6259765625 0.0947265625 0.109375
6 0.33251953125 0.62109375 0.0947265625 0.099609375
10 0.47509765625 0.62109375 0.0947265625 0.099609375
29 0.61865234375 0.623046875 0.0947265625 0.103515625
6 0.76123046875 0.63330078125 0.0947265625 0.1240234375
33 0.90380859375 0.6298828125 0.0947265625 0.1171875
26 0.04736328125 0.7734375 0.0947265625 0.119140625
18 0.18994140625 0.77587890625 0.0947265625 0.1240234375
18 0.33251953125 0.75537109375 0.0947265625 0.0830078125
16 0.47509765625 0.75537109375 0.0947265625 0.0830078125
22 0.61865234375 0.76123046875 0.0947265625 0.0947265625
27 0.76123046875 0.77490234375 0.0947265625 0.1220703125
26 0.90380859375 0.7705078125 0.0947265625 0.11328125
33 0.04736328125 0.90625 0.0947265625 0.099609375
19 0.18994140625 0.90234375 0.0947265625 0.091796875
12 0.33251953125 0.89794921875 0.0947265625 0.0830078125
10 0.47509765625 0.90087890625 0.0947265625 0.0888671875
8 0.61865234375 0.89697265625 0.0947265625 0.0810546875
31 0.76123046875 0.8935546875 0.0947265625 0.07421875
22 0.90380859375 0.90234375 0.0947265625 0.091796875
