12 0.04150390625 0.04443359375 0.0830078125 0.0888671875
25 0.16650390625 0.03271484375 0.0830078125 0.0654296875
19 0.29150390625 0.03955078125 0.0830078125 0.0791015625
13 0.41650390625 0.04736328125 0.0830078125 0.0947265625
11 0.54150390625 0.03466796875 0.0830078125 0.0693359375
18 0.66650390625 0.04345703125 0.0830078125 0.0869140625
13 0.79150390625 0.03515625 0.0830078125 0.0703125
9 0.91650390625 0.04248046875 0.0830078125 0.0849609375
2 0.04150390625 0.15966796875 0.0830078125 0.0693359375
1 0.16650390625 0.1728515625 0.0830078125 0.095703125
8 0.29150390625 0.1572265625 0.0830078125 0.064453125
26 0.41650390625 0.15966796875 0.0830078125 0.0693359375
30 0.54150390625 0.16845703125 0.0830078125 0.0869140625
5 0.66650390625 0.1728515625 0.0830078125 0.095703125
26 0.79150390625 0.166015625 0.0830078125 0.08203125
13 0.91650390625 0.1591796875 0.0830078125 0.068359375
19 0.04150390625 0.30322265625 0.0830078125 0.1064453125
31 0.16650390625 0.2841796875 0.0830078125 0.068359375
14 0.29150390625 0.29541015625 0.0830078125 0.0908203125
20 0.41650390625 0.296875 0.0830078125 0.09375
33 0.54150390625 0.30078125 0.0830078125 0.1015625
2 0.66650390625 0.287109375 0.0830078125 0.07421875
12 0.79150390625 0.30419921875 0.0830078125 0.1083984375
8 0.91650390625 0.2880859375 0.0830078125 0.076171875
16 0.04150390625 0.412109375 0.0830078125 0.07421875
29 0.16650390625 0.41455078125 0.0830078125 0.0791015625
19 0.29150390625 0.4150390625 0.0830078125 0.080078125
9 0.41650390625 0.4189453125 0.0830078125 0.087890625
25 0.54150390625 0.4267578125 0.0830078125 0.103515625
10 0.66650390625 0.42578125 0.0830078125 0.1015625
9 0.79150390625 0.4072265625 0.0830078125 0.064453125
2 0.91650390625 0.41259765625 0.0830078125 0.0751953125
26 0.04150390625 0.546875 0.0830078125 0.09375
2 0.16650390625 0.53515625 0.0830078125 0.0703125
2 0.29150390625 0.533203125 0.0830078125 0.06640625
28 0.41650390625 0.53125 0.0830078125 0.0625
20 0.54150390625 0.5390625 0.0830078125 0.078125
28 0.66650390625 0.5380859375 0.0830078125 0.076171875
17 0.79150390625 0.5322265625 0.0830078125 0.064453125
9 0.91650390625 0.54638671875 0.0830078125 0.0927734375
31 0.04150390625 0.6728515625 0.0830078125 0.095703125
27 0.16650390625 0.66357421875 0.0830078125 0.0771484375
1 0.29150390625 0.66650390625 0.0830078125 0.0830078125
27 0.41650390625 0.6591796875 0.0830078125 0.068359375
10 0.54150390625 0.66455078125 0.0830078125 0.0791015625
20 0.66650390625 0.6650390625 0.0830078125 0.080078125
2 0.79150390625 0.671875 0.0830078125 0.09375
10 0.91650390625 0.662109375 0.0830078125 0.07421875
28 0.04150390625 0.80322265625 0.0830078125 0.1064453125
9 0.16650390625 0.7890625 0.0830078125 0.078125
5 0.29150390625 0.78759765625 0.0830078125 0.0751953125
30 0.41650390625 0.7978515625 0.0830078125 0.095703125
7 0.54150390625 0.79150390625 0.0830078125 0.0830078125
33 0.66650390625 0.7919921875 0.0830078125 0.083984375
20 0.79150390625 0.796875 0.0830078125 0.09375
14 0.91650390625 0.78564453125 0.0830078125 0.0712890625
27 0.04150390625 0.919921875 0.0830078125 0.08984375
33 0.16650390625 0.91015625 0.0830078125 0.0703125
3 0.29150390625 0.91455078125 0.0830078125 0.0791015625
23 0.41650390625 0.9072265625 0.0830078125 0.064453125
27 0.54150390625 0.9130859375 0.0830078125 0.076171875
5 0.66650390625 0.9072265625 0.0830078125 0.064453125
33 0.79150390625 0.92529296875 0.0830078125 0.1005859375
7 0.91650390625 0.919921875 0.0830078125 0.08984375
