16 0.04150390625 0.0341796875 0.0830078125 0.068359375
19 0.16650390625 0.04052734375 0.0830078125 0.0810546875
14 0.29150390625 0.04296875 0.0830078125 0.0859375
20 0.41650390625 0.03955078125 0.0830078125 0.0791015625
9 0.54150390625 0.05322265625 0.0830078125 0.1064453125
11 0.66650390625 0.041015625 0.0830078125 0.08203125
29 0.79150390625 0.04443359375 0.0830078125 0.0888671875
14 0.91650390625 0.05419921875 0.0830078125 0.1083984375
32 0.04150390625 0.16845703125 0.0830078125 0.0869140625
29 0.16650390625 0.15625 0.0830078125 0.0625
32 0.29150390625 0.162109375 0.0830078125 0.07421875
21 0.41650390625 0.16796875 0.0830078125 0.0859375
32 0.54150390625 0.171875 0.0830078125 0.09375
17 0.66650390625 0.16943359375 0.0830078125 0.0888671875
31 0.79150390625 0.16064453125 0.0830078125 0.0712890625
2 0.91650390625 0.16357421875 0.0830078125 0.0771484375
23 0.04150390625 0.28125 0.0830078125 0.0625
10 0.16650390625 0.2890625 0.0830078125 0.078125
21 0.29150390625 0.29638671875 0.0830078125 0.0927734375
26 0.41650390625 0.29296875 0.0830078125 0.0859375
24 0.54150390625 0.28125 0.0830078125 0.0625
29 0.66650390625 0.2822265625 0.0830078125 0.064453125
20 0.79150390625 0.30029296875 0.0830078125 0.1005859375
20 0.91650390625 0.28173828125 0.0830078125 0.0634765625
21 0.04150390625 0.4228515625 0.0830078125 0.095703125
28 0.16650390625 0.416015625 0.0830078125 0.08203125
27 0.29150390625 0.42822265625 0.0830078125 0.1064453125
15 0.41650390625 0.41845703125 0.0830078125 0.0869140625
14 0.54150390625 0.42041015625 0.0830078125 0.0908203125
16 0.66650390625 0.42529296875 0.0830078125 0.1005859375
12 0.79150390625 0.4228515625 0.0830078125 0.095703125
26 0.91650390625 0.412109375 0.0830078125 0.07421875
1 0.04150390625 0.537109375 0.0830078125 0.07421875
12 0.16650390625 0.53125 0.0830078125 0.0625
19 0.29150390625 0.5361328125 0.0830078125 0.072265625
26 0.41650390625 0.5341796875 0.0830078125 0.068359375
6 0.54150390625 0.5400390625 0.0830078125 0.080078125
27 0.66650390625 0.53564453125 0.0830078125 0.0712890625
22 0.79150390625 0.55224609375 0.0830078125 0.1044921875
23 0.91650390625 0.537109375 0.0830078125 0.07421875
17 0.04150390625 0.6630859375 0.0830078125 0.076171875
9 0.16650390625 0.66552734375 0.0830078125 0.0810546875
6 0.29150390625 0.662109375 0.0830078125 0.07421875
17 0.41650390625 0.66552734375 0.0830078125 0.0810546875
13 0.54150390625 0.666015625 0.0830078125 0.08203125
14 0.66650390625 0.67724609375 0.0830078125 0.1044921875
22 0.79150390625 0.67041015625 0.0830078125 0.0908203125
11 0.91650390625 0.6689453125 0.0830078125 0.087890625
2 0.04150390625 0.7978515625 0.0830078125 0.095703125
0 0.16650390625 0.79736328125 0.0830078125 0.0947265625
5 0.29150390625 0.78955078125 0.0830078125 0.0791015625
30 0.41650390625 0.7822265625 0.0830078125 0.064453125
30 0.54150390625 0.79443359375 0.0830078125 0.0888671875
25 0.66650390625 0.798828125 0.0830078125 0.09765625
13 0.79150390625 0.796875 0.0830078125 0.09375
1 0.91650390625 0.79345703125 0.0830078125 0.0869140625
23 0.04150390625 0.92138671875 0.0830078125 0.0927734375
6 0.16650390625 0.92431640625 0.0830078125 0.0986328125
1 0.29150390625 0.9140625 0.0830078125 0.078125
24 0.41650390625 0.91650390625 0.0830078125 0.0830078125
1 0.54150390625 0.91796875 0.0830078125 0.0859375
15 0.66650390625 0.91357421875 0.0830078125 0.0771484375
20 0.79150390625 0.919921875 0.0830078125 0.08984375
24 0.91650390625 0.91650390625 0.0830078125 0.0830078125
