6 0.05517578125 0.0732421875 0.1103515625 0.146484375
8 0.22119140625 0.06005859375 0.1103515625 0.1201171875
24 0.38818359375 0.06591796875 0.1103515625 0.1318359375
25 0.55517578125 0.05419921875 0.1103515625 0.1083984375
1 0.72119140625 0.05517578125 0.1103515625 0.1103515625
24 0.88818359375 0.0439453125 0.1103515625 0.087890625
17 0.05517578125 0.216796875 0.1103515625 0.1015625
2 0.22119140625 0.21435546875 0.1103515625 0.0966796875
24 0.38818359375 0.21435546875 0.1103515625 0.0966796875
7 0.55517578125 0.22021484375 0.1103515625 0.1083984375
25 0.72119140625 0.21337890625 0.1103515625 0.0947265625
5 0.88818359375 0.20751953125 0.1103515625 0.0830078125
21 0.05517578125 0.40625 0.1103515625 0.146484375
16 0.22119140625 0.375 0.1103515625 0.083984375
10 0.38818359375 0.39697265625 0.1103515625 0.1279296875
5 0.55517578125 0.3759765625 0.1103515625 0.0859375
13 0.72119140625 0.384765625 0.1103515625 0.103515625
30 0.88818359375 0.38818359375 0.1103515625 0.1103515625
32 0.05517578125 0.56201171875 0.1103515625 0.1240234375
26 0.22119140625 0.56689453125 0.1103515625 0.1337890625
30 0.38818359375 0.55126953125 0.1103515625 0.1025390625
19 0.55517578125 0.552734375 0.1103515625 0.10546875
18 0.72119140625 0.5625 0.1103515625 0.125
12 0.88818359375 0.5576171875 0.1103515625 0.115234375
26 0.05517578125 0.72314453125 0.1103515625 0.1142578125
7 0.22119140625 0.720703125 0.1103515625 0.109375
14 0.38818359375 0.72314453125 0.1103515625 0.1142578125
20 0.55517578125 0.71875 0.1103515625 0.10546875
18 0.72119140625 0.734375 0.1103515625 0.13671875
15 0.88818359375 0.7197265625 0.1103515625 0.107421875
6 0.05517578125 0.88916015625 0.1103515625 0.1123046875
14 0.22119140625 0.90625 0.1103515625 0.146484375
33 0.38818359375 0.90380859375 0.1103515625 0.1416015625
15 0.55517578125 0.88427734375 0.1103515625 0.1025390625
1 0.72119140625 0.875 0.1103515625 0.083984375
19 0.88818359375 0.88916015625 0.1103515625 0.1123046875
