10 0.04736328125 0.048828125 0.0947265625 0.09765625
21 0.18994140625 0.03955078125 0.0947265625 0.0791015625
29 0.33251953125 0.05029296875 0.0947265625 0.1005859375
14 0.47509765625 0.04833984375 0.0947265625 0.0966796875
11 0.61865234375 0.0546875 0.0947265625 0.109375
12 0.76123046875 0.0439453125 0.0947265625 0.087890625
12 0.90380859375 0.04931640625 0.0947265625 0.0986328125
12 0.04736328125 0.19287109375 0.0947265625 0.1005859375
33 0.18994140625 0.19921875 0.0947265625 0.11328125
6 0.33251953125 0.197265625 0.0947265625 0.109375
13 0.47509765625 0.20361328125 0.0947265625 0.1220703125
12 0.61865234375 0.19580078125 0.0947265625 0.1064453125
23 0.76123046875 0.17919921875 0.0947265625 0.0732421875
29 0.90380859375 0.1845703125 0.0947265625 0.083984375
3 0.04736328125 0.32666015625 0.0947265625 0.0830078125
3 0.18994140625 0.33056640625 0.0947265625 0.0908203125
23 0.33251953125 0.33642578125 0.0947265625 0.1025390625
1 0.47509765625 0.337890625 0.0947265625 0.10546875
25 0.61865234375 0.3388671875 0.0947265625 0.107421875
2 0.76123046875 0.32763671875 0.0947265625 0.0849609375
10 0.90380859375 0.3359375 0.0947265625 0.1015625
8 0.04736328125 0.4794921875 0.0947265625 0.103515625
14 0.18994140625 0.47900390625 0.0947265625 0.1025390625
14 0.33251953125 0.47021484375 0.0947265625 0.0849609375
32 0.47509765625 0.484375 0.0947265625 0.11328125
23 0.61865234375 0.46630859375 0.0947265625 0.0771484375
11 0.76123046875 0.48046875 0.0947265625 0.10546875
4 0.90380859375 0.4736328125 0.0947265625 0.091796875
23 0.04736328125 0.6162109375 0.0947265625 0.08984375
32 0.18994140625 0.61083984375 0.0947265625 0.0791015625
29 0.33251953125 0.615234375 0.0947265625 0.087890625
1 0.47509765625 0.611328125 0.0947265625 0.080078125
16 0.61865234375 0.62060546875 0.0947265625 0.0986328125
25 0.76123046875 0.62646484375 0.0947265625 0.1103515625
5 0.90380859375 0.61328125 0.0947265625 0.083984375
2 0.04736328125 0.7666015625 0.0947265625 0.10546875
12 0.18994140625 0.765625 0.0947265625 0.103515625
9 0.33251953125 0.77587890625 0.0947265625 0.1240234375
8 0.47509765625 0.75830078125 0.0947265625 0.0888671875
25 0.61865234375 0.76123046875 0.0947265625 0.0947265625
27 0.76123046875 0.77587890625 0.0947265625 0.1240234375
19 0.90380859375 0.75341796875 0.0947265625 0.0791015625
12 0.04736328125 0.9072265625 0.0947265625 0.1015625
28 0.18994140625 0.89990234375 0.0947265625 0.0869140625
23 0.33251953125 0.90966796875 0.0947265625 0.1064453125
31 0.47509765625 0.91015625 0.0947265625 0.107421875
32 0.61865234375 0.89599609375 0.0947265625 0.0791015625
9 0.76123046875 0.9052734375 0.0947265625 0.09765625
11 0.90380859375 0.91845703125 0.0947265625 0.1240234375
