21 0.05517578125 0.0439453125 0.1103515625 0.087890625
9 0.22119140625 0.046875 0.1103515625 0.09375
30 0.38818359375 0.05419921875 0.1103515625 0.1083984375
8 0.55517578125 0.0556640625 0.1103515625 0.111328125
31 0.72119140625 0.04638671875 0.1103515625 0.0927734375
9 0.88818359375 0.04833984375 0.1103515625 0.0966796875
10 0.05517578125 0.20849609375 0.1103515625 0.0849609375
12 0.22119140625 0.2177734375 0.1103515625 0.103515625
32 0.38818359375 0.2294921875 0.1103515625 0.126953125
13 0.55517578125 0.2275390625 0.1103515625 0.123046875
7 0.72119140625 0.2333984375 0.1103515625 0.134765625
16 0.88818359375 0.2314453125 0.1103515625 0.130859375
4 0.05517578125 0.3759765625 0.1103515625 0.0859375
13 0.22119140625 0.38671875 0.1103515625 0.107421875
24 0.38818359375 0.38623046875 0.1103515625 0.1064453125
2 0.55517578125 0.380859375 0.1103515625 0.095703125
5 0.72119140625 0.3779296875 0.1103515625 0.08984375
10 0.88818359375 0.37548828125 0.1103515625 0.0849609375
7 0.05517578125 0.56396484375 0.1103515625 0.1279296875
8 0.22119140625 0.55859375 0.1103515625 0.1171875
5 0.38818359375 0.56591796875 0.1103515625 0.1318359375
13 0.55517578125 0.5517578125 0.1103515625 0.103515625
21 0.72119140625 0.5595703125 0.1103515625 0.119140625
6 0.88818359375 0.5615234375 0.1103515625 0.123046875
14 0.05517578125 0.71875 0.1103515625 0.10546875
21 0.22119140625 0.712890625 0.1103515625 0.09375
23 0.38818359375 0.7314453125 0.1103515625 0.130859375
13 0.55517578125 0.73681640625 0.1103515625 0.1416015625
16 0.72119140625 0.7158203125 0.1103515625 0.099609375
14 0.88818359375 0.71484375 0.1103515625 0.09765625
10 0.05517578125 0.89306640625 0.1103515625 0.1201171875
18 0.22119140625 0.892578125 0.1103515625 0.119140625
6 0.38818359375 0.87646484375 0.1103515625 0.0869140625
19 0.55517578125 0.89501953125 0.1103515625 0.1240234375
22 0.72119140625 0.88330078125 0.1103515625 0.1005859375
4 0.88818359375 0.89404296875 0.1103515625 0.1220703125
