23 0.04736328125 0.046875 0.0947265625 0.09375
28 0.18994140625 0.0537109375 0.0947265625 0.107421875
7 0.33251953125 0.03955078125 0.0947265625 0.0791015625
8 0.47509765625 0.03662109375 0.0947265625 0.0732421875
24 0.61865234375 0.03662109375 0.0947265625 0.0732421875
0 0.76123046875 0.05810546875 0.0947265625 0.1162109375
13 0.90380859375 0.04833984375 0.0947265625 0.0966796875
32 0.04736328125 0.18310546875 0.0947265625 0.0810546875
31 0.18994140625 0.18408203125 0.0947265625 0.0830078125
26 0.33251953125 0.18798828125 0.0947265625 0.0908203125
11 0.47509765625 0.19384765625 0.0947265625 0.1025390625
31 0.61865234375 0.19580078125 0.0947265625 0.1064453125
4 0.76123046875 0.18798828125 0.0947265625 0.0908203125
9 0.90380859375 0.18310546875 0.0947265625 0.0810546875
6 0.04736328125 0.322265625 0.0947265625 0.07421875
25 0.18994140625 0.33984375 0.0947265625 0.109375
33 0.33251953125 0.32470703125 0.0947265625 0.0791015625
27 0.47509765625 0.33056640625 0.0947265625 0.0908203125
1 0.61865234375 0.34521484375 0.0947265625 0.1201171875
20 0.76123046875 0.33349609375 0.0947265625 0.0966796875
25 0.90380859375 0.32763671875 0.0947265625 0.0849609375
3 0.04736328125 0.47705078125 0.0947265625 0.0986328125
23 0.18994140625 0.47412109375 0.0947265625 0.0927734375
7 0.33251953125 0.48291015625 0.0947265625 0.1103515625
0 0.47509765625 0.4912109375 0.0947265625 0.126953125
26 0.61865234375 0.482421875 0.0947265625 0.109375
19 0.76123046875 0.47802734375 0.0947265625 0.1005859375
24 0.90380859375 0.4736328125 0.0947265625 0.091796875
17 0.04736328125 0.61083984375 0.0947265625 0.0791015625
18 0.18994140625 0.62060546875 0.0947265625 0.0986328125
32 0.33251953125 0.61181640625 0.0947265625 0.0810546875
28 0.47509765625 0.62451171875 0.0947265625 0.1064453125
26 0.61865234375 0.609375 0.0947265625 0.076171875
23 0.76123046875 0.60791015625 0.0947265625 0.0732421875
18 0.90380859375 0.625 0.0947265625 0.107421875
20 0.04736328125 0.76123046875 0.0947265625 0.0947265625
12 0.18994140625 0.76220703125 0.0947265625 0.0966796875
16 0.33251953125 0.7548828125 0.0947265625 0.08203125
6 0.47509765625 0.77392578125 0.0947265625 0.1201171875
19 0.61865234375 0.7685546875 0.0947265625 0.109375
24 0.76123046875 0.7578125 0.0947265625 0.087890625
33 0.90380859375 0.7705078125 0.0947265625 0.11328125
19 0.04736328125 0.90966796875 0.0947265625 0.1064453125
13 0.18994140625 0.90087890625 0.0947265625 0.0888671875
24 0.33251953125 0.9130859375 0.0947265625 0.11328125
25 0.47509765625 0.900390625 0.0947265625 0.087890625
20 0.61865234375 0.919921875 0.0947265625 0.126953125
24 0.76123046875 0.89306640625 0.0947265625 0.0732421875
13 0.90380859375 0.8974609375 0.0947265625 0.08203125
