32 0.04150390625 0.03173828125 0.0830078125 0.0634765625
4 0.16650390625 0.05419921875 0.0830078125 0.1083984375
4 0.29150390625 0.03173828125 0.0830078125 0.0634765625
6 0.41650390625 0.03955078125 0.0830078125 0.0791015625
9 0.54150390625 0.0322265625 0.0830078125 0.064453125
25 0.66650390625 0.0361328125 0.0830078125 0.072265625
19 0.79150390625 0.0380859375 0.0830078125 0.076171875
29 0.91650390625 0.05419921875 0.0830078125 0.1083984375
26 0.04150390625 0.16455078125 0.0830078125 0.0791015625
16 0.16650390625 0.166015625 0.0830078125 0.08203125
6 0.29150390625 0.1650390625 0.0830078125 0.080078125
14 0.41650390625 0.1650390625 0.0830078125 0.080078125
28 0.54150390625 0.17138671875 0.0830078125 0.0927734375
29 0.66650390625 0.169921875 0.0830078125 0.08984375
20 0.79150390625 0.16943359375 0.0830078125 0.0888671875
9 0.91650390625 0.17529296875 0.0830078125 0.1005859375
23 0.04150390625 0.30224609375 0.0830078125 0.1044921875
29 0.16650390625 0.28857421875 0.0830078125 0.0771484375
27 0.29150390625 0.30029296875 0.0830078125 0.1005859375
32 0.41650390625 0.296875 0.0830078125 0.09375
0 0.54150390625 0.291015625 0.0830078125 0.08203125
33 0.66650390625 0.287109375 0.0830078125 0.07421875
8 0.79150390625 0.28271484375 0.0830078125 0.0654296875
2 0.91650390625 0.29931640625 0.0830078125 0.0986328125
32 0.04150390625 0.42578125 0.0830078125 0.1015625
24 0.16650390625 0.4150390625 0.0830078125 0.080078125
27 0.29150390625 0.419921875 0.0830078125 0.08984375
7 0.41650390625 0.42431640625 0.0830078125 0.0986328125
32 0.54150390625 0.4130859375 0.0830078125 0.076171875
17 0.66650390625 0.42138671875 0.0830078125 0.0927734375
0 0.79150390625 0.40869140625 0.0830078125 0.0673828125
0 0.91650390625 0.42431640625 0.0830078125 0.0986328125
27 0.04150390625 0.53662109375 0.0830078125 0.0732421875
16 0.16650390625 0.5322265625 0.0830078125 0.064453125
16 0.29150390625 0.54248046875 0.0830078125 0.0849609375
27 0.41650390625 0.54736328125 0.0830078125 0.0947265625
25 0.54150390625 0.54296875 0.0830078125 0.0859375
22 0.66650390625 0.5478515625 0.0830078125 0.095703125
25 0.79150390625 0.541015625 0.0830078125 0.08203125
23 0.91650390625 0.55419921875 0.0830078125 0.1083984375
2 0.04150390625 0.66943359375 0.0830078125 0.0888671875
33 0.16650390625 0.67724609375 0.0830078125 0.1044921875
17 0.29150390625 0.6650390625 0.0830078125 0.080078125
20 0.41650390625 0.66552734375 0.0830078125 0.0810546875
13 0.54150390625 0.65966796875 0.0830078125 0.0693359375
7 0.66650390625 0.6591796875 0.0830078125 0.068359375
26 0.79150390625 0.6669921875 0.0830078125 0.083984375
15 0.91650390625 0.658203125 0.0830078125 0.06640625
23 0.04150390625 0.787109375 0.0830078125 0.07421875
24 0.16650390625 0.80029296875 0.0830078125 0.1005859375
2 0.29150390625 0.79443359375 0.0830078125 0.0888671875
33 0.41650390625 0.79736328125 0.0830078125 0.0947265625
14 0.54150390625 0.79150390625 0.0830078125 0.0830078125
7 0.66650390625 0.79296875 0.0830078125 0.0859375
12 0.79150390625 0.7900390625 0.0830078125 0.080078125
7 0.91650390625 0.78759765625 0.0830078125 0.0751953125
0 0.04150390625 0.90673828125 0.0830078125 0.0634765625
11 0.16650390625 0.91650390625 0.0830078125 0.0830078125
33 0.29150390625 0.90771484375 0.0830078125 0.0654296875
8 0.41650390625 0.9150390625 0.0830078125 0.080078125
9 0.54150390625 0.92529296875 0.0830078125 0.1005859375
10 0.66650390625 0.90625 0.0830078125 0.0625
19 0.79150390625 0.92578125 0.0830078125 0.1015625
29 0.91650390625 0.9189453125 0.0830078125 0.087890625
