20 0.04736328125 0.03759765625 0.0947265625 0.0751953125
33 0.18994140625 0.056640625 0.0947265625 0.11328125
33 0.33251953125 0.041015625 0.0947265625 0.08203125
2 0.47509765625 0.052734375 0.0947265625 0.10546875
6 0.61865234375 0.0595703125 0.0947265625 0.119140625
4 0.76123046875 0.06005859375 0.0947265625 0.1201171875
23 0.90380859375 0.041015625 0.0947265625 0.08203125
27 0.04736328125 0.18505859375 0.0947265625 0.0849609375
32 0.18994140625 0.1982421875 0.0947265625 0.111328125
2 0.33251953125 0.19384765625 0.0947265625 0.1025390625
19 0.47509765625 0.18212890625 0.0947265625 0.0791015625
9 0.61865234375 0.18994140625 0.0947265625 0.0947265625
1 0.76123046875 0.1787109375 0.0947265625 0.072265625
20 0.90380859375 0.1982421875 0.0947265625 0.111328125
25 0.04736328125 0.330078125 0.0947265625 0.08984375
13 0.18994140625 0.32861328125 0.0947265625 0.0869140625
3 0.33251953125 0.34619140625 0.0947265625 0.1220703125
31 0.47509765625 0.32470703125 0.0947265625 0.0791015625
5 0.61865234375 0.32177734375 0.0947265625 0.0732421875
30 0.76123046875 0.33447265625 0.0947265625 0.0986328125
12 0.90380859375 0.32666015625 0.0947265625 0.0830078125
15 0.04736328125 0.47119140625 0.0947265625 0.0869140625
8 0.18994140625 0.478515625 0.0947265625 0.1015625
13 0.33251953125 0.48046875 0.0947265625 0.10546875
8 0.47509765625 0.4814453125 0.0947265625 0.107421875
15 0.61865234375 0.474609375 0.0947265625 0.09375
20 0.76123046875 0.4814453125 0.0947265625 0.107421875
0 0.90380859375 0.48046875 0.0947265625 0.10546875
27 0.04736328125 0.6240234375 0.0947265625 0.10546875
1 0.18994140625 0.61865234375 0.0947265625 0.0947265625
33 0.33251953125 0.62841796875 0.0947265625 0.1142578125
7 0.47509765625 0.61376953125 0.0947265625 0.0849609375
6 0.61865234375 0.625 0.0947265625 0.107421875
16 0.76123046875 0.62060546875 0.0947265625 0.0986328125
26 0.90380859375 0.62109375 0.0947265625 0.099609375
27 0.04736328125 0.76953125 0.0947265625 0.111328125
17 0.18994140625 0.7587890625 0.0947265625 0.08984375
4 0.33251953125 0.76123046875 0.0947265625 0.0947265625
10 0.47509765625 0.76318359375 0.0947265625 0.0986328125
14 0.61865234375 0.77392578125 0.0947265625 0.1201171875
13 0.76123046875 0.77099609375 0.0947265625 0.1142578125
15 0.90380859375 0.76171875 0.0947265625 0.095703125
10 0.04736328125 0.90576171875 0.0947265625 0.0986328125
9 0.18994140625 0.91455078125 0.0947265625 0.1162109375
9 0.33251953125 0.8994140625 0.0947265625 0.0859375
26 0.47509765625 0.9150390625 0.0947265625 0.1171875
25 0.61865234375 0.89208984375 0.0947265625 0.0712890625
21 0.76123046875 0.90283203125 0.0947265625 0.0927734375
27 0.90380859375 0.9033203125 0.0947265625 0.09375
