26 0.04736328125 0.0517578125 0.0947265625 0.103515625
33 0.18994140625 0.03759765625 0.0947265625 0.0751953125
7 0.33251953125 0.04931640625 0.0947265625 0.0986328125
31 0.47509765625 0.04296875 0.0947265625 0.0859375
22 0.61865234375 0.0546875 0.0947265625 0.109375
13 0.76123046875 0.04052734375 0.0947265625 0.0810546875
25 0.90380859375 0.0361328125 0.0947265625 0.072265625
31 0.04736328125 0.19091796875 0.0947265625 0.0966796875
19 0.18994140625 0.18115234375 0.0947265625 0.0771484375
25 0.33251953125 0.19921875 0.0947265625 0.11328125
5 0.47509765625 0.189453125 0.0947265625 0.09375
15 0.61865234375 0.18994140625 0.0947265625 0.0947265625
32 0.76123046875 0.18115234375 0.0947265625 0.0771484375
23 0.90380859375 0.17822265625 0.0947265625 0.0712890625
32 0.04736328125 0.326171875 0.0947265625 0.08203125
30 0.18994140625 0.33056640625 0.0947265625 0.0908203125
28 0.33251953125 0.3408203125 0.0947265625 0.111328125
17 0.47509765625 0.3369140625 0.0947265625 0.103515625
20 0.61865234375 0.34033203125 0.0947265625 0.1103515625
24 0.76123046875 0.34521484375 0.0947265625 0.1201171875
13 0.90380859375 0.33349609375 0.0947265625 0.0966796875
4 0.04736328125 0.48583984375 0.0947265625 0.1162109375
4 0.18994140625 0.46484375 0.0947265625 0.07421875
18 0.33251953125 0.4638671875 0.0947265625 0.072265625
19 0.47509765625 0.47509765625 0.0947265625 0.0947265625
18 0.61865234375 0.48046875 0.0947265625 0.10546875
21 0.76123046875 0.47119140625 0.0947265625 0.0869140625
24 0.90380859375 0.4736328125 0.0947265625 0.091796875
12 0.04736328125 0.6201171875 0.0947265625 0.09765625
26 0.18994140625 0.61865234375 0.0947265625 0.0947265625
1 0.33251953125 0.61083984375 0.0947265625 0.0791015625
5 0.47509765625 0.6181640625 0.0947265625 0.09375
9 0.61865234375 0.63330078125 0.0947265625 0.1240234375
9 0.76123046875 0.6123046875 0.0947265625 0.08203125
28 0.90380859375 0.6083984375 0.0947265625 0.07421875
1 0.04736328125 0.7548828125 0.0947265625 0.08203125
17 0.18994140625 0.75146484375 0.0947265625 0.0751953125
23 0.33251953125 0.7509765625 0.0947265625 0.07421875
15 0.47509765625 0.759765625 0.0947265625 0.091796875
14 0.61865234375 0.7490234375 0.0947265625 0.0703125
14 0.76123046875 0.75341796875 0.0947265625 0.0791015625
6 0.90380859375 0.7705078125 0.0947265625 0.11328125
19 0.04736328125 0.89404296875 0.0947265625 0.0751953125
18 0.18994140625 0.91455078125 0.0947265625 0.1162109375
28 0.33251953125 0.9091796875 0.0947265625 0.10546875
32 0.47509765625 0.90234375 0.0947265625 0.091796875
31 0.61865234375 0.9072265625 0.0947265625 0.1015625
27 0.76123046875 0.904296875 0.0947265625 0.095703125
14 0.90380859375 0.8935546875 0.0947265625 0.07421875
