30 0.04736328125 0.03857421875 0.0947265625 0.0771484375
2 0.18994140625 0.05859375 0.0947265625 0.1171875
13 0.33251953125 0.06005859375 0.0947265625 0.1201171875
27 0.47509765625 0.041015625 0.0947265625 0.08203125
2 0.61865234375 0.05517578125 0.0947265625 0.1103515625
18 0.76123046875 0.05810546875 0.0947265625 0.1162109375
5 0.90380859375 0.0458984375 0.0947265625 0.091796875
15 0.04736328125 0.19189453125 0.0947265625 0.0986328125
12 0.18994140625 0.18359375 0.0947265625 0.08203125
30 0.33251953125 0.18115234375 0.0947265625 0.0771484375
13 0.47509765625 0.1953125 0.0947265625 0.10546875
13 0.61865234375 0.18994140625 0.0947265625 0.0947265625
28 0.76123046875 0.20458984375 0.0947265625 0.1240234375
1 0.90380859375 0.19287109375 0.0947265625 0.1005859375
16 0.04736328125 0.341796875 0.0947265625 0.11328125
31 0.18994140625 0.32763671875 0.0947265625 0.0849609375
24 0.33251953125 0.33984375 0.0947265625 0.109375
4 0.47509765625 0.34521484375 0.0947265625 0.1201171875
11 0.61865234375 0.3349609375 0.0947265625 0.099609375
31 0.76123046875 0.328125 0.0947265625 0.0859375
4 0.90380859375 0.34716796875 0.0947265625 0.1240234375
24 0.04736328125 0.46435546875 0.0947265625 0.0732421875
25 0.18994140625 0.48779296875 0.0947265625 0.1201171875
24 0.33251953125 0.4794921875 0.0947265625 0.103515625
31 0.47509765625 0.4775390625 0.0947265625 0.099609375
2 0.61865234375 0.466796875 0.0947265625 0.078125
4 0.76123046875 0.46875 0.0947265625 0.08203125
11 0.90380859375 0.46435546875 0.0947265625 0.0732421875
12 0.04736328125 0.62060546875 0.0947265625 0.0986328125
15 0.18994140625 0.61669921875 0.0947265625 0.0908203125
28 0.33251953125 0.63134765625 0.0947265625 0.1201171875
9 0.47509765625 0.6240234375 0.0947265625 0.10546875
21 0.61865234375 0.625 0.0947265625 0.107421875
19 0.76123046875 0.61474609375 0.0947265625 0.0869140625
14 0.90380859375 0.61865234375 0.0947265625 0.0947265625
19 0.04736328125 0.7548828125 0.0947265625 0.08203125
3 0.18994140625 0.7568359375 0.0947265625 0.0859375
31 0.33251953125 0.759765625 0.0947265625 0.091796875
13 0.47509765625 0.75341796875 0.0947265625 0.0791015625
11 0.61865234375 0.7685546875 0.0947265625 0.109375
5 0.76123046875 0.76123046875 0.0947265625 0.0947265625
21 0.90380859375 0.7626953125 0.0947265625 0.09765625
8 0.04736328125 0.8974609375 0.0947265625 0.08203125
6 0.18994140625 0.91162109375 0.0947265625 0.1103515625
6 0.33251953125 0.90087890625 0.0947265625 0.0888671875
2 0.47509765625 0.89892578125 0.0947265625 0.0849609375
7 0.61865234375 0.892578125 0.0947265625 0.072265625
16 0.76123046875 0.89697265625 0.0947265625 0.0810546875
27 0.90380859375 0.91162109375 0.0947265625 0.1103515625
