0 0.05517578125 0.044921875 0.1103515625 0.08984375
1 0.22119140625 0.0478515625 0.1103515625 0.095703125
14 0.38818359375 0.0478515625 0.1103515625 0.095703125
12 0.55517578125 0.05859375 0.1103515625 0.1171875
12 0.72119140625 0.05615234375 0.1103515625 0.1123046875
9 0.88818359375 0.05322265625 0.1103515625 0.1064453125
9 0.05517578125 0.23486328125 0.1103515625 0.1376953125
25 0.22119140625 0.22509765625 0.1103515625 0.1181640625
9 0.38818359375 0.22265625 0.1103515625 0.11328125
6 0.55517578125 0.23681640625 0.1103515625 0.1416015625
1 0.72119140625 0.21337890625 0.1103515625 0.0947265625
3 0.88818359375 0.208984375 0.1103515625 0.0859375
30 0.05517578125 0.396484375 0.1103515625 0.126953125
5 0.22119140625 0.390625 0.1103515625 0.115234375
22 0.38818359375 0.39111328125 0.1103515625 0.1162109375
17 0.55517578125 0.37548828125 0.1103515625 0.0849609375
11 0.72119140625 0.38037109375 0.1103515625 0.0947265625
19 0.88818359375 0.3779296875 0.1103515625 0.08984375
19 0.05517578125 0.54638671875 0.1103515625 0.0927734375
29 0.22119140625 0.55810546875 0.1103515625 0.1162109375
3 0.38818359375 0.56689453125 0.1103515625 0.1337890625
29 0.55517578125 0.55126953125 0.1103515625 0.1025390625
24 0.72119140625 0.54296875 0.1103515625 0.0859375
12 0.88818359375 0.54345703125 0.1103515625 0.0869140625
13 0.05517578125 0.7119140625 0.1103515625 0.091796875
15 0.22119140625 0.71923828125 0.1103515625 0.1064453125
31 0.38818359375 0.7158203125 0.1103515625 0.099609375
20 0.55517578125 0.72802734375 0.1103515625 0.1240234375
33 0.72119140625 0.72314453125 0.1103515625 0.1142578125
18 0.88818359375 0.7158203125 0.1103515625 0.099609375
31 0.05517578125 0.88037109375 0.1103515625 0.0947265625
27 0.22119140625 0.89404296875 0.1103515625 0.1220703125
11 0.38818359375 0.8857421875 0.1103515625 0.10546875
4 0.55517578125 0.90380859375 0.1103515625 0.1416015625
21 0.72119140625 0.88916015625 0.1103515625 0.1123046875
14 0.88818359375 0.8896484375 0.1103515625 0.11328125
