1 0.04150390625 0.05029296875 0.0830078125 0.1005859375
5 0.16650390625 0.046875 0.0830078125 0.09375
9 0.29150390625 0.03369140625 0.0830078125 0.0673828125
8 0.41650390625 0.03125 0.0830078125 0.0625
1 0.54150390625 0.041015625 0.0830078125 0.08203125
10 0.66650390625 0.03173828125 0.0830078125 0.0634765625
23 0.79150390625 0.037109375 0.0830078125 0.07421875
15 0.91650390625 0.0341796875 0.0830078125 0.068359375
27 0.04150390625 0.16943359375 0.0830078125 0.0888671875
19 0.16650390625 0.1767578125 0.0830078125 0.103515625
29 0.29150390625 0.1640625 0.0830078125 0.078125
19 0.41650390625 0.17236328125 0.0830078125 0.0947265625
3 0.54150390625 0.16015625 0.0830078125 0.0703125
32 0.66650390625 0.166015625 0.0830078125 0.08203125
11 0.79150390625 0.17578125 0.0830078125 0.1015625
24 0.91650390625 0.17431640625 0.0830078125 0.0986328125
6 0.04150390625 0.294921875 0.0830078125 0.08984375
19 0.16650390625 0.29736328125 0.0830078125 0.0947265625
22 0.29150390625 0.2919921875 0.0830078125 0.083984375
0 0.41650390625 0.28515625 0.0830078125 0.0703125
11 0.54150390625 0.2919921875 0.0830078125 0.083984375
31 0.66650390625 0.29638671875 0.0830078125 0.0927734375
8 0.79150390625 0.29443359375 0.0830078125 0.0888671875
14 0.91650390625 0.2900390625 0.0830078125 0.080078125
4 0.04150390625 0.4111328125 0.0830078125 0.072265625
13 0.16650390625 0.41357421875 0.0830078125 0.0771484375
27 0.29150390625 0.419921875 0.0830078125 0.08984375
29 0.41650390625 0.4169921875 0.0830078125 0.083984375
16 0.54150390625 0.42236328125 0.0830078125 0.0947265625
8 0.66650390625 0.41845703125 0.0830078125 0.0869140625
23 0.79150390625 0.40869140625 0.0830078125 0.0673828125
0 0.91650390625 0.42236328125 0.0830078125 0.0947265625
31 0.04150390625 0.53515625 0.0830078125 0.0703125
1 0.16650390625 0.537109375 0.0830078125 0.07421875
12 0.29150390625 0.5419921875 0.0830078125 0.083984375
27 0.41650390625 0.54296875 0.0830078125 0.0859375
30 0.54150390625 0.546875 0.0830078125 0.09375
23 0.66650390625 0.546875 0.0830078125 0.09375
30 0.79150390625 0.53515625 0.0830078125 0.0703125
5 0.91650390625 0.54150390625 0.0830078125 0.0830078125
21 0.04150390625 0.66162109375 0.0830078125 0.0732421875
13 0.16650390625 0.662109375 0.0830078125 0.07421875
24 0.29150390625 0.658203125 0.0830078125 0.06640625
12 0.41650390625 0.67236328125 0.0830078125 0.0947265625
25 0.54150390625 0.67431640625 0.0830078125 0.0986328125
15 0.66650390625 0.67236328125 0.0830078125 0.0947265625
4 0.79150390625 0.66943359375 0.0830078125 0.0888671875
27 0.91650390625 0.6689453125 0.0830078125 0.087890625
20 0.04150390625 0.78515625 0.0830078125 0.0703125
29 0.16650390625 0.80029296875 0.0830078125 0.1005859375
3 0.29150390625 0.787109375 0.0830078125 0.07421875
22 0.41650390625 0.80078125 0.0830078125 0.1015625
15 0.54150390625 0.80224609375 0.0830078125 0.1044921875
23 0.66650390625 0.78662109375 0.0830078125 0.0732421875
31 0.79150390625 0.78662109375 0.0830078125 0.0732421875
11 0.91650390625 0.7841796875 0.0830078125 0.068359375
18 0.04150390625 0.92138671875 0.0830078125 0.0927734375
23 0.16650390625 0.9091796875 0.0830078125 0.068359375
16 0.29150390625 0.921875 0.0830078125 0.09375
27 0.41650390625 0.9072265625 0.0830078125 0.064453125
20 0.54150390625 0.91748046875 0.0830078125 0.0849609375
11 0.66650390625 0.91943359375 0.0830078125 0.0888671875
30 0.79150390625 0.92138671875 0.0830078125 0.0927734375
25 0.91650390625 0.90966796875 0.0830078125 0.0693359375
