5 0.0830078125 0.07861328125 0.166015625 0.1572265625
0 0.3330078125 0.07275390625 0.166015625 0.1455078125
16 0.5830078125 0.1005859375 0.166015625 0.201171875
17 0.8330078125 0.08740234375 0.166015625 0.1748046875
30 0.0830078125 0.3193359375 0.166015625 0.138671875
26 0.3330078125 0.3583984375 0.166015625 0.216796875
32 0.5830078125 0.35205078125 0.166015625 0.2041015625
11 0.8330078125 0.33740234375 0.166015625 0.1748046875
16 0.0830078125 0.6005859375 0.166015625 0.201171875
20 0.3330078125 0.603515625 0.166015625 0.20703125
24 0.5830078125 0.57666015625 0.166015625 0.1533203125
22 0.8330078125 0.59423828125 0.166015625 0.1884765625
15 0.0830078125 0.8330078125 0.166015625 0.166015625
33 0.3330078125 0.8486328125 0.166015625 0.197265625
4 0.5830078125 0.8359375 0.166015625 0.171875
23 0.8330078125 0.84521484375 0.166015625 0.1904296875
