30 0.0830078125 0.072265625 0.166015625 0.14453125
15 0.3330078125 0.08740234375 0.166015625 0.1748046875
12 0.5830078125 0.068359375 0.166015625 0.13671875
17 0.8330078125 0.076171875 0.166015625 0.15234375
7 0.0830078125 0.34130859375 0.166015625 0.1826171875
4 0.3330078125 0.337890625 0.166015625 0.17578125
28 0.5830078125 0.35498046875 0.166015625 0.2099609375
14 0.8330078125 0.31396484375 0.166015625 0.1279296875
12 0.0830078125 0.57666015625 0.166015625 0.1533203125
16 0.3330078125 0.580078125 0.166015625 0.16015625
24 0.5830078125 0.57275390625 0.166015625 0.1455078125
2 0.8330078125 0.58251953125 0.166015625 0.1650390625
5 0.0830078125 0.841796875 0.166015625 0.18359375
21 0.3330078125 0.853515625 0.166015625 0.20703125
31 0.5830078125 0.8193359375 0.166015625 0.138671875
22 0.8330078125 0.85205078125 0.166015625 0.2041015625
