9 0.04736328125 0.044921875 0.0947265625 0.08984375
27 0.18994140625 0.0537109375 0.0947265625 0.107421875
1 0.33251953125 0.04443359375 0.0947265625 0.0888671875
14 0.47509765625 0.04296875 0.0947265625 0.0859375
13 0.61865234375 0.048828125 0.0947265625 0.09765625
3 0.76123046875 0.06103515625 0.0947265625 0.1220703125
1 0.90380859375 0.048828125 0.0947265625 0.09765625
24 0.04736328125 0.18212890625 0.0947265625 0.0791015625
18 0.18994140625 0.2021484375 0.0947265625 0.119140625
25 0.33251953125 0.19189453125 0.0947265625 0.0986328125
30 0.47509765625 0.18359375 0.0947265625 0.08203125
2 0.61865234375 0.18994140625 0.0947265625 0.0947265625
14 0.76123046875 0.19970703125 0.0947265625 0.1142578125
16 0.90380859375 0.18017578125 0.0947265625 0.0751953125
32 0.04736328125 0.341796875 0.0947265625 0.11328125
12 0.18994140625 0.3310546875 0.0947265625 0.091796875
3 0.33251953125 0.32177734375 0.0947265625 0.0732421875
19 0.47509765625 0.3349609375 0.0947265625 0.099609375
1 0.61865234375 0.337890625 0.0947265625 0.10546875
7 0.76123046875 0.32861328125 0.0947265625 0.0869140625
14 0.90380859375 0.326171875 0.0947265625 0.08203125
13 0.04736328125 0.48779296875 0.0947265625 0.1201171875
19 0.18994140625 0.4716796875 0.0947265625 0.087890625
2 0.33251953125 0.4638671875 0.0947265625 0.072265625
23 0.47509765625 0.47900390625 0.0947265625 0.1025390625
19 0.61865234375 0.48583984375 0.0947265625 0.1162109375
33 0.76123046875 0.48046875 0.0947265625 0.10546875
11 0.90380859375 0.47509765625 0.0947265625 0.0947265625
33 0.04736328125 0.62451171875 0.0947265625 0.1064453125
31 0.18994140625 0.625 0.0947265625 0.107421875
19 0.33251953125 0.62109375 0.0947265625 0.099609375
32 0.47509765625 0.63134765625 0.0947265625 0.1201171875
23 0.61865234375 0.63134765625 0.0947265625 0.1201171875
28 0.76123046875 0.626953125 0.0947265625 0.111328125
6 0.90380859375 0.61865234375 0.0947265625 0.0947265625
4 0.04736328125 0.76171875 0.0947265625 0.095703125
20 0.18994140625 0.76513671875 0.0947265625 0.1025390625
33 0.33251953125 0.7705078125 0.0947265625 0.11328125
33 0.47509765625 0.76416015625 0.0947265625 0.1005859375
3 0.61865234375 0.75830078125 0.0947265625 0.0888671875
23 0.76123046875 0.74951171875 0.0947265625 0.0712890625
30 0.90380859375 0.767578125 0.0947265625 0.107421875
25 0.04736328125 0.89208984375 0.0947265625 0.0712890625
16 0.18994140625 0.91357421875 0.0947265625 0.1142578125
14 0.33251953125 0.9111328125 0.0947265625 0.109375
22 0.47509765625 0.91015625 0.0947265625 0.107421875
3 0.61865234375 0.90185546875 0.0947265625 0.0908203125
26 0.76123046875 0.91455078125 0.0947265625 0.1162109375
33 0.90380859375 0.90185546875 0.0947265625 0.0908203125
