31 0.04150390625 0.05419921875 0.0830078125 0.1083984375
26 0.16650390625 0.03173828125 0.0830078125 0.0634765625
11 0.29150390625 0.0478515625 0.0830078125 0.095703125
4 0.41650390625 0.0517578125 0.0830078125 0.103515625
16 0.54150390625 0.04541015625 0.0830078125 0.0908203125
11 0.66650390625 0.0439453125 0.0830078125 0.087890625
8 0.79150390625 0.04736328125 0.0830078125 0.0947265625
26 0.91650390625 0.03515625 0.0830078125 0.0703125
4 0.04150390625 0.1630859375 0.0830078125 0.076171875
3 0.16650390625 0.16748046875 0.0830078125 0.0849609375
18 0.29150390625 0.17431640625 0.0830078125 0.0986328125
17 0.41650390625 0.1669921875 0.0830078125 0.083984375
32 0.54150390625 0.169921875 0.0830078125 0.08984375
29 0.66650390625 0.169921875 0.0830078125 0.08984375
25 0.79150390625 0.16064453125 0.0830078125 0.0712890625
2 0.91650390625 0.1669921875 0.0830078125 0.083984375
24 0.04150390625 0.2978515625 0.0830078125 0.095703125
14 0.16650390625 0.28466796875 0.0830078125 0.0693359375
5 0.29150390625 0.29345703125 0.0830078125 0.0869140625
25 0.41650390625 0.29150390625 0.0830078125 0.0830078125
30 0.54150390625 0.287109375 0.0830078125 0.07421875
26 0.66650390625 0.2890625 0.0830078125 0.078125
22 0.79150390625 0.29296875 0.0830078125 0.0859375
26 0.91650390625 0.294921875 0.0830078125 0.08984375
16 0.04150390625 0.41796875 0.0830078125 0.0859375
33 0.16650390625 0.4130859375 0.0830078125 0.076171875
29 0.29150390625 0.41796875 0.0830078125 0.0859375
3 0.41650390625 0.4072265625 0.0830078125 0.064453125
4 0.54150390625 0.42236328125 0.0830078125 0.0947265625
24 0.66650390625 0.4150390625 0.0830078125 0.080078125
30 0.79150390625 0.40673828125 0.0830078125 0.0634765625
11 0.91650390625 0.412109375 0.0830078125 0.07421875
23 0.04150390625 0.53515625 0.0830078125 0.0703125
25 0.16650390625 0.544921875 0.0830078125 0.08984375
19 0.29150390625 0.5400390625 0.0830078125 0.080078125
17 0.41650390625 0.53515625 0.0830078125 0.0703125
23 0.54150390625 0.55322265625 0.0830078125 0.1064453125
30 0.66650390625 0.5400390625 0.0830078125 0.080078125
4 0.79150390625 0.5341796875 0.0830078125 0.068359375
14 0.91650390625 0.54931640625 0.0830078125 0.0986328125
2 0.04150390625 0.6728515625 0.0830078125 0.095703125
28 0.16650390625 0.67138671875 0.0830078125 0.0927734375
2 0.29150390625 0.65625 0.0830078125 0.0625
33 0.41650390625 0.66650390625 0.0830078125 0.0830078125
6 0.54150390625 0.66064453125 0.0830078125 0.0712890625
19 0.66650390625 0.66015625 0.0830078125 0.0703125
31 0.79150390625 0.662109375 0.0830078125 0.07421875
11 0.91650390625 0.66259765625 0.0830078125 0.0751953125
10 0.04150390625 0.794921875 0.0830078125 0.08984375
8 0.16650390625 0.7841796875 0.0830078125 0.068359375
11 0.29150390625 0.7890625 0.0830078125 0.078125
28 0.41650390625 0.80322265625 0.0830078125 0.1064453125
9 0.54150390625 0.787109375 0.0830078125 0.07421875
20 0.66650390625 0.79296875 0.0830078125 0.0859375
18 0.79150390625 0.79931640625 0.0830078125 0.0986328125
21 0.91650390625 0.79541015625 0.0830078125 0.0908203125
4 0.04150390625 0.9150390625 0.0830078125 0.080078125
21 0.16650390625 0.9150390625 0.0830078125 0.080078125
1 0.29150390625 0.90673828125 0.0830078125 0.0634765625
0 0.41650390625 0.9130859375 0.0830078125 0.076171875
31 0.54150390625 0.91552734375 0.0830078125 0.0810546875
3 0.66650390625 0.9169921875 0.0830078125 0.083984375
21 0.79150390625 0.91357421875 0.0830078125 0.0771484375
27 0.91650390625 0.9111328125 0.0830078125 0.072265625
